SPEED,TRAVEL_TIME,BOROUGH,LINK_NAME
62.13,177,Queens,CIP S LIE - Hempstead Tpk
49.08,58,Staten Island,WSE S SOUTH AVENUE - VICTORY BOULEVARD
46.6,153,Brooklyn,BQE S 46TH STREET - LEONARD STREET
30.44,79,Manhattan,TBB W - FDR S MANHATTAN TRUSS - E116TH STREET
41.01,56,Staten Island,SIE E VNB E FINGERBOARD ROAD - SI GANTRY LOWER LEVEL
46.6,92,Brooklyn,GOW S 7TH AVENUE - 92ND STREET
32.93,348,Queens,CIP N TNB - Whitestone Expwy S Exit 14 (Linden Pl)
59.03,127,Staten Island,WSE N TYRELLAN AVENUE - BLOOMINGDALE ROAD
48.46,103,Queens,LIE W 108TH ST - 84TH ST
0.0,0,Bronx,BRP S FORDHAM ROAD - WATSON AVENUE
18.01,397,Queens,TBB N QUEENS ANCHORAGE - BE N
52.19,54,Staten Island,WSE S SOUTH AVENUE - VICTORY BOULEVARD
30.44,361,Queens,CIP S LIE - Hempstead Tpk
45.36,47,Brooklyn,VNB E-GOWANUS N BROOKLYN GANTRY UPPER LEVEL - 92ND STREET
42.87,50,Staten Island,VNB W-SIE W SI GANTRY LOWER LEVEL - FINGERBOARD ROAD
59.03,127,Bronx,BE N Castle Hill Avenue - Griswold Ave
15.53,268,Bronx,CBE AMSTERDAM AVE (L/LVL) - MORRIS AVE
52.81,88,Brooklyn,VNB E SI GANTRY LOWER LEVEL - BROOLKYN GANTRY LOWER LEVEL
47.84,155,Bronx,BE S Griswold - Castle Hill Avenue
26.09,203,Queens,VWE S MP8.65 (Exit 13 Northern Blvd) - MP6.39 (Exit 11 Jewel Ave)
0.0,0,Staten Island,MLK S - SIE E WALKER STREET - WOOLEY AVENUE
16.77,253,Bronx,MDE S HARLEM RIVER PARK - GWB W AMSTERDAM AVENUE UPPER LEVEL
47.22,144,Queens,TNB S Toll Plaza - Queens Anchorage
4.34,484,Manhattan,12th Ave S 57th St - 45th St
37.28,148,Bronx,BRP N WATSON AVENUE - FORDHAM ROAD
51.57,90,Brooklyn,VNB W BROOKLYN GANTRY LOWER LEVEL - SI GANTRY LOWER LEVEL
22.36,450,Manhattan,FDR N Catherine Slip - 25th St
0.0,0,Brooklyn,GOW N 7TH AVENUE - 9TH STREET
9.32,944,Queens,VWE S MP6.39 (Exit 11 Jewel Ave) - MP4.63 (Exit 6 Jamaica Ave)
19.26,271,Manhattan,QMT E Manhattan Side - Toll Plaza
11.8,190,Staten Island,SIE E VNB E FINGERBOARD ROAD - SI GANTRY LOWER LEVEL
59.03,100,Staten Island,SIE W FINGERBOARD ROAD - CLOVE ROAD
42.25,169,Queens,MDE S TBB EXIT RAMP - QUEENS ANCHORAGE
50.95,41,Brooklyn,VNB E-GOWANUS N BROOKLYN GANTRY LOWER LEVEL - 92ND STREET
0.0,0,Brooklyn,GOW S 9TH STREET - 7TH AVENUE
40.38,182,Manhattan,GWB E LOWER LEVEL PLAZA - CBE E LOWER LEVEL AMSTERDAM AVE
25.47,324,Bronx,CBE W U/LEV AMSTERDAM AVE - I95 S EXP LNS
27.34,396,Queens,CIP S LIE - Hempstead Tpk
0.0,0,Brooklyn,BQE S - GOW S ALTANTIC AVENUE - 9TH STREET
37.28,133,Queens,LIE E 84TH ST - 108TH ST
50.33,85,Brooklyn,GOW N 92ND STREET - 7TH AVENUE
44.11,105,Queens,BWB N Queens Anchorage - Toll Plaza
59.03,138,Bronx,I-87 NYST S Exit 1 - MDE S Van Cortlandt Park
51.57,55,Staten Island,WSE S SOUTH AVENUE - VICTORY BOULEVARD
11.18,504,Manhattan,West St S Spring St - BBT Manhattan Portal outbound
30.44,357,Queens,CIP N Hempstead Tpk - LIE
0.0,0,Staten Island,SIE E-MLK N RICHMOND AVENUE - WALKER STREET
55.3,209,Queens,CIP N TNB - Whitestone Expwy S Exit 14 (Linden Pl)
15.53,341,Manhattan,11th ave n ganservoort - 12th ave @ 40th st
0.0,0,Manhattan,LINCOLN TUNNEL W CENTER TUBE NY - NJ
51.57,76,Staten Island,SIE E RICHMOND AVENUE - WOOLEY AVENUE
45.98,109,Queens,LIE E 84TH ST - 108TH ST
30.44,254,Staten Island,440 N FRANCIS STREET - WSE N TYRELLAN AVE
18.64,233,Bronx,MDE S HARLEM RIVER PARK - GWB W AMSTERDAM AVENUE UPPER LEVEL
55.3,141,Staten Island,WSE S VICTORY BOULEVARD - ARDEN AVENUE
20.5,127,Manhattan,BKN Bridge Manhattan Side - FDR N Catherine Slip
45.98,256,Queens,CIP N LIE ramp - TNB
42.87,175,Bronx,BE N Castle Hill Avenue - Griswold Ave
45.36,103,Brooklyn,VNB W BROOKLYN GANTRY UPPER LEVEL - SI GANTRY UPPER LEVEL
26.71,471,Brooklyn,GOW S 9TH STREET - 7TH AVENUE
54.68,46,Bronx,CBE W CASTLE HILL AVENUE - TAYLOR AVENUE
37.9,182,Queens,TNB S Toll Plaza - Queens Anchorage
54.05,138,Bronx,BE N Castle Hill Avenue - Griswold Ave
0.0,0,Queens,BE S TBB EXIT RAMP - QUEENS ANCHORAGE
54.05,53,Staten Island,SIE W RICHMOND AVENUE - SOUTH AVENUE
52.81,129,Queens,TNB S Toll Plaza - Queens Anchorage
44.11,363,Queens,CIP NB GCP - TNB
33.55,128,Bronx,CBE AMSTERDAM AVE (L/LVL) - MORRIS AVE
43.49,50,Queens,CIP N ramp to TNB - TNB Queens Anchorage
50.95,84,Brooklyn,GOW N 92ND STREET - 7TH AVENUE
36.66,244,Queens,VWE N MP4.63 (Exit 6 - Jamaica Ave) - MP6.39 (Exit 11 Jewel Ave)
21.12,338,Brooklyn,BQE N LEONARD STREET - 46TH STREET
36.66,82,Queens,BE S TBB EXIT RAMP - MANHATTAN LIFT SPAN
31.68,123,Queens,LIE WB LITTLE NECK PKWY - NB CIP
0.0,0,Bronx,BRP S FORDHAM ROAD - WATSON AVENUE
34.79,68,Manhattan,FDR N - TBB E 116TH STREET - MANHATTAN TRUSS
9.94,624,Manhattan,12th ave @ 45th - 11 ave ganservoort st
49.08,95,Brooklyn,VNB W BROOKLYN GANTRY UPPER LEVEL - SI GANTRY UPPER LEVEL
45.98,156,Brooklyn,BQE N LEONARD STREET - 46TH STREET
52.19,102,Queens,VWE N MP6.39 (Exit 11 Jewel Ave) - MP8.65 (Exit 13 Northern Blvd)
55.92,45,Bronx,CBE E TAYLOR AVENUE - CASTLE HILL AVENUE
52.19,102,Queens,VWE S MP8.65 (Exit 13 Northern Blvd) - MP6.39 (Exit 11 Jewel Ave)
0.0,0,Manhattan,LINCOLN TUNNEL W NORTH TUBE NY - NJ
52.81,118,Staten Island,WSE S BLLOMINGDALE ROAD - TYRELLAN AVENUE
49.7,28,Staten Island,SIE W BRADLEY AVENUE - WOOLEY AVENUE
45.98,154,Brooklyn,BQE N LEONARD STREET - 46TH STREET
36.66,58,Staten Island,VNB W-SIE W SI GANTRY LOWER LEVEL - FINGERBOARD ROAD
0.0,0,Staten Island,SIE W - MLK N WOOLEY AVENUE - WLAKER STREET
13.04,508,Queens,VWE S MP4.63 (Exit 6 Jamaica Ave) - MP2.66 (Exit 2 Roackaway Blvd)
27.96,394,Queens,CIP N Hempstead Tpk - LIE
42.25,63,Staten Island,SIE E SOUTH AVENUE - RICHMOND AVENUE
62.13,111,Staten Island,SIE W - WSE S SOUTH AVENUE - SOUTH AVENUE
32.93,76,Bronx,CBE W CASTLE HILL AVENUE - TAYLOR AVENUE
54.68,78,Brooklyn,GOW S 7TH AVENUE - 92ND STREET
21.74,64,Staten Island,SIE W BRADLEY AVENUE - WOOLEY AVENUE
49.08,43,Brooklyn,VNB E-GOWANUS N BROOKLYN GANTRY LOWER LEVEL - 92ND STREET
47.22,163,Staten Island,440 N FRANCIS STREET - WSE N TYRELLAN AVE
34.79,459,Queens,CIP NB GCP - TNB
26.09,445,Queens,CIP N TNB - Whitestone Expwy S Exit 14 (Linden Pl)
56.54,79,Bronx,HRP N LAFAYETTE AVENUE - E TREMONT AVENUE
34.79,158,Bronx,BRP N WATSON AVENUE - FORDHAM ROAD
19.26,233,Bronx,MDE S HARLEM RIVER PARK - GWB W AMSTERDAM AVENUE LOWER LEVEL
47.84,44,Staten island,VNB W-SIE W SI GANTRY UPPER LEVEL - FINGERBOARD ROAD
56.54,44,Bronx,CBE W CASTLE HILL AVENUE - TAYLOR AVENUE
19.88,218,Bronx,MDE S HARLEM RIVER PARK - GWB W AMSTERDAM AVENUE UPPER LEVEL
18.01,272,Manhattan,LINCOLN TUNNEL W NORTH TUBE NY - NJ
52.81,146,Staten Island,WSE S TYRELLAN AVENUE - 440 S FRANCIS STREET
20.5,582,Queens,Belt Pkwy W JFK Expressway - VWE N Jamaica Ave
23.61,112,Manhattan,FDR S Catherine Slip - BKN Bridge Manhattan Side
28.58,317,Queens,Belt Pkwy E 182nd St - Laurelton Pkwy N @ SSP
47.84,155,Bronx,BE S Griswold - Castle Hill Avenue
49.7,219,Queens,CIP S LIE - Hempstead Tpk
0.0,0,Brooklyn,GOW S 9TH STREET - 7TH AVENUE
37.9,217,Bronx,CBE E CASTLE HILL AVE - BE N WATERBURY AVE
42.87,372,Queens,CIP NB GCP - TNB
13.04,159,Staten island,VNB W-SIE W SI GANTRY UPPER LEVEL - FINGERBOARD ROAD
56.54,107,Staten Island,WSE N-SIE E SOUTH AVENUE - SOUTH AVENUE
55.3,142,Staten Island,WSE S VICTORY BOULEVARD - ARDEN AVENUE
44.11,57,Bronx,CBE E TAYLOR AVENUE - CASTLE HILL AVENUE
50.33,153,Staten Island,WSE S TYRELLAN AVENUE - 440 S FRANCIS STREET
0.0,0,Staten Island,SIE W - MLK N WOOLEY AVENUE - WLAKER STREET
42.25,92,Queens,LIE WB LITTLE NECK PKWY - NB CIP
18.64,343,Manhattan,12th ave @ 45th - 11 ave ganservoort st
59.65,42,Bronx,CBE W CASTLE HILL AVENUE - TAYLOR AVENUE
22.99,413,Queens,LIE WB LITTLE NECK PKWY - NB CVE
41.01,192,Staten Island,WSE S VICTORY BOULEVARD - ARDEN AVENUE
47.22,156,Manhattan,GWB E LOWER LEVEL PLAZA - CBE E LOWER LEVEL AMSTERDAM AVE
31.68,167,Queens,QMT W Toll Plaza - Manhattan Side
6.21,868,Manhattan,11th ave n ganservoort - 12th ave @ 40th st
27.34,279,Staten Island,440 N FRANCIS STREET - WSE N TYRELLAN AVE
0.0,0,Staten Island,MLK S - SIE W WALKER STREET - RICHMOND AVENUE
47.84,413,Manhattan,Westside Hwy N 57th St - GWB
55.3,46,Bronx,CBE E TAYLOR AVENUE - CASTLE HILL AVENUE
43.49,249,Queens,CVE NB LIE - WILLETS PT BLVD
54.68,201,Queens,CIP N Hempstead Tpk - LIE
37.9,285,Queens,VWE S MP2.66 (Exit 2 Rockaway Blvd) - Belt Pkwy E 182nd St
0.0,0,Queens,BE S TBB EXIT RAMP - QUEENS ANCHORAGE
42.25,63,Manhattan,FDR S Catherine Slip - BKN Bridge Manhattan Side
42.87,254,Queens,CVE NB LIE - WILLETS PT BLVD
21.12,569,Queens,Belt Pkwy W JFK Expressway - VWE N Jamaica Ave
27.34,401,Queens,CIP N Hempstead Tpk - LIE
21.74,323,Brooklyn,BQE S 46TH STREET - LEONARD STREET
16.77,421,Queens,TBB N QUEENS ANCHORAGE - BE N
65.86,59,Staten Island,SIE W WOOLEY AVENUE - RICHMOND AVENUE
0.0,0,Manhattan,BQE N Atlantic Ave - MAN Bridge Manhattan Side
51.57,224,Queens,CIP N TNB - Whitestone Expwy S Exit 14 (Linden Pl)
49.7,50,Bronx,BWB N Toll Plaza - HRP N Lafayatte Ave
36.66,244,Queens,VWE N MP4.63 (Exit 6 - Jamaica Ave) - MP6.39 (Exit 11 Jewel Ave)
48.46,111,Queens,VWE S MP8.65 (Exit 13 Northern Blvd) - MP6.39 (Exit 11 Jewel Ave)
44.11,85,Queens,Belt Pkwy W 182nd St - JFK Expressway
36.03,152,Bronx,BRP N WATSON AVENUE - FORDHAM ROAD
61.51,149,Queens,Laurelton Pkwy S @ SSP - Belt Pkwy W 182nd St
0.0,0,Bronx,CBE W L/LE V AMSTERDAM AVE - I 95 S LOC LNS
50.33,183,Queens,Belt Pkwy E 182nd St - Laurelton Pkwy N @ SSP
28.58,683,Manhattan,Westside Hwy S GWB - 57th St
46.6,84,Staten Island,SIE E RICHMOND AVENUE - WOOLEY AVENUE
41.01,183,Bronx,BE S Griswold - Castle Hill Avenue
46.6,192,Queens,VWE S MP6.39 (Exit 11 Jewel Ave) - MP4.63 (Exit 6 Jamaica Ave)
40.38,60,Manhattan,TBB W - FDR S MANHATTAN TRUSS - E116TH STREET
54.68,85,Queens,BWB N Queens Anchorage - Toll Plaza
53.43,104,Queens,Whitestone Expwy S Exit 14 (Linden Pl) - VWE S MP8.65 (Exit 13 Northern Blvd)
13.04,321,Bronx,MDE S HARLEM RIVER PARK - GWB W AMSTERDAM AVENUE UPPER LEVEL
46.6,30,Staten Island,SIE W BRADLEY AVENUE - WOOLEY AVENUE
53.43,147,Staten Island,WSE S VICTORY BOULEVARD - ARDEN AVENUE
39.76,58,Staten Island,SIE E VNB E FINGERBOARD ROAD - SI GANTRY LOWER LEVEL
21.74,294,Manhattan,BBT E Manhattan Portal - Toll Plaza
57.16,87,Staten Island,WSE N BLOOMUINGDALE ROAD - ARDEN AVENUE
42.25,92,Queens,LIE WB LITTLE NECK PKWY - NB CIP
54.68,101,Staten Island,SIE E CLOVE ROAD - FINGERBOARD ROAD
59.65,110,Staten Island,SIE E BRADLEY AVENUE - CLOVE ROAD
51.57,48,Bronx,BWB N Toll Plaza - HRP N Lafayatte Ave
62.75,82,Staten Island,WSE S ARDEN AVENUE - BLOOMINGDALE ROAD
28.58,238,Queens,TNB S Toll Plaza - Queens Anchorage
47.22,98,Brooklyn,VNB E SI GANTRY LOWER LEVEL - BROOLKYN GANTRY LOWER LEVEL
62.75,110,Staten Island,SIE W - WSE S SOUTH AVENUE - SOUTH AVENUE
0.0,0,Manhattan,BQE N Atlantic Ave - MAN Bridge Manhattan Side
14.29,440,Manhattan,12th ave @ 45th - 11 ave ganservoort st
22.99,446,Manhattan,FDR S 25th St - Catherine Slip
0.0,0,Bronx,BRP S FORDHAM ROAD - WATSON AVENUE
5.59,3225,Manhattan,Westside Hwy N 57th St - GWB
31.68,123,Staten Island,SIE W WOOLEY AVENUE - RICHMOND AVENUE
58.4,85,Staten Island,WSE N BLOOMUINGDALE ROAD - ARDEN AVENUE
45.98,54,Bronx,BWB N Toll Plaza - HRP N Lafayatte Ave
51.57,89,Brooklyn,VNB E SI GANTRY LOWER LEVEL - BROOLKYN GANTRY LOWER LEVEL
54.68,81,Bronx,HRP N LAFAYETTE AVENUE - E TREMONT AVENUE
55.3,99,Queens,Whitestone Expwy S Exit 14 (Linden Pl) - VWE S MP8.65 (Exit 13 Northern Blvd)
32.93,311,Manhattan,FDR N Catherine Slip - 25th St
17.39,149,Staten Island,SIE E SOUTH AVENUE - RICHMOND AVENUE
47.84,89,Bronx,CBE W MORRIS AVE - GWB W AMSTERDAM AVE (L/LVL)
50.95,98,Staten Island,WSE N BLOOMUINGDALE ROAD - ARDEN AVENUE
39.76,125,Queens,LIE W 108TH ST - 84TH ST
45.98,101,Brooklyn,VNB W BROOKLYN GANTRY UPPER LEVEL - SI GANTRY UPPER LEVEL
9.32,331,Manhattan,12th Ave N 40th - 57th St
42.87,54,Staten Island,SIE E VNB E FINGERBOARD ROAD - SI GANTRY UPPER LEVEL
18.01,145,Manhattan,BKN Bridge Manhattan Side - FDR N Catherine Slip
0.0,0,Staten Island,MLK S - SIE E WALKER STREET - WOOLEY AVENUE
47.22,30,Staten Island,SIE W BRADLEY AVENUE - WOOLEY AVENUE
35.41,557,Manhattan,Westside Hwy N 57th St - GWB
6.83,888,Queens,Whitestone Expwy N Exit 14 (Linden Pl) - BWB N Queens Anchorage
42.87,254,Queens,CIP S LIE - Hempstead Tpk
52.81,312,Queens,CVE NB GCP - WILLETS PT BLVD
0.0,0,Manhattan,BQE N Atlantic Ave - MAN Bridge Manhattan Side
15.53,436,Queens,VWE S MP4.63 (Exit 6 Jamaica Ave) - MP2.66 (Exit 2 Roackaway Blvd)
44.11,48,Brooklyn,GOW S VNB W 92ND STREET - BKLYN GANTRY UPPER LEVEL
15.53,440,Manhattan,FDR N 25th - 63rd St
49.7,93,Brooklyn,VNB W BROOKLYN GANTRY LOWER LEVEL - SI GANTRY LOWER LEVEL
29.82,131,Staten Island,SIE E RICHMOND AVENUE - WOOLEY AVENUE
0.0,0,Manhattan,BQE N Atlantic Ave - BKN Bridge Manhattan Side
0.0,0,Staten Island,MLK N WALKER STREET - NJ ROUTE 169
39.14,235,Queens,Belt Pkwy E 182nd St - Laurelton Pkwy N @ SSP
0.0,0,Staten Island,ROUTE 169 S - MLK WALKER STREET
39.76,53,Brooklyn,VNB E-GOWANUS N BROOKLYN GANTRY LOWER LEVEL - 92ND STREET
39.76,117,Queens,BWB N Queens Anchorage - Toll Plaza
11.18,634,Manhattan,GWB E LOWER LEVEL PLAZA - CBE E LOWER LEVEL AMSTERDAM AVE
9.94,1088,Queens,VWE S MP2.66 (Exit 2 Rockaway Blvd) - Belt Pkwy E 182nd St
62.13,112,Staten Island,SIE W - WSE S SOUTH AVENUE - SOUTH AVENUE
0.0,0,Queens,Whitestone Expwy S Exit 14 (Linden Pl) - VWE S MP8.65 (Exit 13 Northern Blvd)
16.15,301,Manhattan,LINCOLN TUNNEL W NORTH TUBE NY - NJ
58.4,282,Queens,CVE NB GCP - WILLETS PT BLVD
44.73,166,Bronx,BE S Griswold - Castle Hill Avenue
17.39,150,Manhattan,BKN Bridge Manhattan Side - FDR N Catherine Slip
0.0,0,Manhattan,BQE N Atlantic Ave - MAN Bridge Manhattan Side
36.66,205,Queens,TBB S MANHATTAN LIFT SPAN - QUEENS ANCHORAGE
54.68,110,Staten Island,WSE N-SIE E SOUTH AVENUE - SOUTH AVENUE
51.57,145,Bronx,BE S Griswold - Castle Hill Avenue
49.7,111,Queens,Whitestone Expwy S Exit 14 (Linden Pl) - VWE S MP8.65 (Exit 13 Northern Blvd)
17.39,144,Bronx,HRP S Lafayette Ave - BWB S Toll Plaza
49.08,58,Staten Island,SIE W RICHMOND AVENUE - SOUTH AVENUE
49.08,181,Queens,VWE N MP4.63 (Exit 6 - Jamaica Ave) - MP6.39 (Exit 11 Jewel Ave)
21.74,374,Bronx,CBE W U/LEV AMSTERDAM AVE - I95 S EXP LNS
26.71,312,Bronx,CBE W U/LEV AMSTERDAM AVE - I95 S EXP LNS
49.08,222,Queens,CIP N Hempstead Tpk - LIE
11.8,469,Manhattan,West St S Spring St - BBT Manhattan Portal outbound
27.34,299,Bronx,CBE W U/LEV AMSTERDAM AVE - I95 S EXP LNS
29.2,368,Queens,CVE NB LIE - WILLETS PT BLVD
50.33,85,Bronx,CBE E AMSTERDAM AVE(U/LVL) - MORRIS AVE
40.38,127,Bronx,MDE N RFK Bridge - 142nd St
51.57,90,Brooklyn,VNB E SI GANTRY LOWER LEVEL - BROOLKYN GANTRY LOWER LEVEL
11.18,378,Bronx,CBE W MORRIS AVE - GWB W AMSTERDAM AVE (U/LVL)
65.24,49,Staten Island,WSE N VICTORY BLVD - SOUTH AVENUE
52.19,88,Brooklyn,VNB E SI GANTRY LOWER LEVEL - BROOLKYN GANTRY LOWER LEVEL
53.43,103,Queens,Whitestone Expwy S Exit 14 (Linden Pl) - VWE S MP8.65 (Exit 13 Northern Blvd)
0.0,0,Staten Island,MLK S - SIE E WALKER STREET - WOOLEY AVENUE
39.76,77,Queens,BE S TBB EXIT RAMP - MANHATTAN LIFT SPAN
0.0,0,Brooklyn,BQE S - GOW S ALTANTIC AVENUE - 9TH STREET
14.29,366,Queens,QMT W Toll Plaza - Manhattan Side
39.14,59,Staten Island,SIE E VNB E FINGERBOARD ROAD - SI GANTRY UPPER LEVEL
0.0,0,Bronx,BRP S FORDHAM ROAD - WATSON AVENUE
13.67,395,Manhattan,LINCOLN TUNNEL W CENTER TUBE NY - NJ
44.11,216,Queens,LIE WB LITTLE NECK PKWY - NB CVE
29.82,89,Manhattan,FDR S Catherine Slip - BKN Bridge Manhattan Side
49.08,77,Queens,Belt Pkwy W 182nd St - JFK Expressway
12.42,961,Queens,Belt Pkwy W JFK Expressway - VWE N Jamaica Ave
40.38,205,Bronx,CBE W U/LEV AMSTERDAM AVE - I95 S EXP LNS
16.77,295,Manhattan,LINCOLN TUNNEL W NORTH TUBE NY - NJ
44.73,172,Staten Island,WSE S TYRELLAN AVENUE - 440 S FRANCIS STREET
0.0,0,Staten Island,MLK S - SIE W WALKER STREET - RICHMOND AVENUE
0.0,0,Staten Island,SIE E-MLK N RICHMOND AVENUE - WALKER STREET
18.01,279,Bronx,MDE N RFK Bridge - 142nd St
15.53,342,Manhattan,11th ave n ganservoort - 12th ave @ 40th st
50.33,46,Staten Island,SIE E VNB E FINGERBOARD ROAD - SI GANTRY UPPER LEVEL
47.22,248,Queens,CIP N LIE ramp - TNB
48.46,95,Queens,BWB N Queens Anchorage - Toll Plaza
3.72,3225,Queens,Belt Pkwy W JFK Expressway - VWE N Jamaica Ave
36.03,177,Queens,Whitestone Expwy N Exit 14 (Linden Pl) - BWB N Queens Anchorage
1.24,6311,Bronx,CBE W L/LE V AMSTERDAM AVE - I 95 S LOC LNS
54.05,47,Bronx,CBE W CASTLE HILL AVENUE - TAYLOR AVENUE
59.65,66,Staten Island,SIE E RICHMOND AVENUE - WOOLEY AVENUE
0.0,0,Queens,QMT W Toll Plaza - Manhattan Side
47.22,33,Staten Island,SIE E WOOLEY AVENUE - BRADLEY AVENUE
43.49,50,Queens,CIP N ramp to TNB - TNB Queens Anchorage
0.0,0,Brooklyn,GOW S 9TH STREET - 7TH AVENUE
21.74,361,Queens,Laurelton Pkwy N @ SSP - CIP N Hempstead Tpk
51.57,124,Queens,BWB S Queens Anchorage - WSE S Exit 14 (Linden Pl)
56.54,98,Queens,Whitestone Expwy S Exit 14 (Linden Pl) - VWE S MP8.65 (Exit 13 Northern Blvd)
16.15,200,Manhattan,12th Ave N 40th - 57th St
47.84,52,Bronx,BWB N Toll Plaza - HRP N Lafayatte Ave
0.0,0,Staten Island,SIE E-MLK N RICHMOND AVENUE - WALKER STREET
47.22,98,Brooklyn,VNB W BROOKLYN GANTRY LOWER LEVEL - SI GANTRY LOWER LEVEL
0.0,0,Queens,CIP N Hempstead Tpk - LIE
42.87,50,Staten Island,VNB W-SIE W SI GANTRY LOWER LEVEL - FINGERBOARD ROAD
19.26,432,Bronx,CBE E CASTLE HILL AVE - BE N WATERBURY AVE
42.25,162,Queens,TNB S Toll Plaza - Queens Anchorage
39.76,58,Staten Island,SIE E VNB E FINGERBOARD ROAD - SI GANTRY LOWER LEVEL
0.0,0,Bronx,CBE W L/LE V AMSTERDAM AVE - I 95 S LOC LNS
41.63,51,Staten island,VNB W-SIE W SI GANTRY UPPER LEVEL - FINGERBOARD ROAD
27.96,257,Brooklyn,BQE S 46TH STREET - LEONARD STREET
18.01,565,Manhattan,FDR N Catherine Slip - 25th St
46.6,178,Bronx,CBE E CASTLE HILL AVE - BE N WATERBURY AVE
45.98,46,Brooklyn,VNB E-GOWANUS N BROOKLYN GANTRY UPPER LEVEL - 92ND STREET
52.19,89,Brooklyn,VNB W BROOKLYN GANTRY UPPER LEVEL - SI GANTRY UPPER LEVEL
49.7,108,Queens,VWE N MP6.39 (Exit 11 Jewel Ave) - MP8.65 (Exit 13 Northern Blvd)
34.79,41,Staten Island,SIE W BRADLEY AVENUE - WOOLEY AVENUE
19.26,273,Manhattan,11th ave n ganservoort - 12th ave @ 40th st
14.91,512,Queens,Laurelton Pkwy N @ SSP - CIP N Hempstead Tpk
59.03,43,Bronx,CBE E TAYLOR AVENUE - CASTLE HILL AVENUE
4.97,1949,Manhattan,FDR N Catherine Slip - 25th St
56.54,134,Queens,CIP S Hempstead Tpk - Laurelton Pkwy @ SSP
1.24,5834,Bronx,CBE W L/LE V AMSTERDAM AVE - I 95 S LOC LNS
26.71,267,Brooklyn,BQE N LEONARD STREET - 46TH STREET
42.25,50,Brooklyn,GOW S VNB W 92ND STREET - BKLYN GANTRY LOWER LEVEL
45.36,31,Staten Island,SIE W BRADLEY AVENUE - WOOLEY AVENUE
16.77,316,Manhattan,11th ave n ganservoort - 12th ave @ 40th st
31.68,168,Queens,VWE N MP6.39 (Exit 11 Jewel Ave) - MP8.65 (Exit 13 Northern Blvd)
0.0,0,Manhattan,BQE N Atlantic Ave - MAN Bridge Manhattan Side
41.01,262,Queens,VWE S MP2.66 (Exit 2 Rockaway Blvd) - Belt Pkwy E 182nd St
50.33,92,Bronx,BWB S Toll Plaza - Queens Anchorage
56.54,162,Queens,Laurelton Pkwy S @ SSP - Belt Pkwy W 182nd St
50.95,52,Staten Island,SIE E SOUTH AVENUE - RICHMOND AVENUE
45.36,47,Brooklyn,GOW S VNB W 92ND STREET - BKLYN GANTRY UPPER LEVEL
26.71,161,Bronx,CBE W MORRIS AVE - GWB W AMSTERDAM AVE (U/LVL)
6.83,1703,Queens,CIP N TNB - Whitestone Expwy S Exit 14 (Linden Pl)
14.91,283,Bronx,CBE AMSTERDAM AVE (L/LVL) - MORRIS AVE
34.17,200,Queens,TNB S Toll Plaza - Queens Anchorage
14.91,833,Brooklyn,GOW S 9TH STREET - 7TH AVENUE
0.0,0,Staten Island,SIE E-MLK N RICHMOND AVENUE - WALKER STREET
32.31,277,Queens,VWE N MP4.63 (Exit 6 - Jamaica Ave) - MP6.39 (Exit 11 Jewel Ave)
22.99,283,Manhattan,BBT E Manhattan Portal - Toll Plaza
43.49,175,Queens,CIP S Hempstead Tpk - Laurelton Pkwy @ SSP
52.81,129,Manhattan,FDR S 63rd - 25th St
10.56,250,Queens,TNB S Qns Anchorage - CIP S @ TNB
3.72,2144,Bronx,CBE W L/LE V AMSTERDAM AVE - I 95 S LOC LNS
47.84,200,Queens,LIE WB LITTLE NECK PKWY - NB CVE
0.0,0,Staten Island,MLK N WALKER STREET - NJ ROUTE 169
49.7,154,Staten Island,WSE S TYRELLAN AVENUE - 440 S FRANCIS STREET
0.0,0,Brooklyn,GOW N 7TH AVENUE - 9TH STREET
14.29,390,Manhattan,LINCOLN TUNNEL W CENTER TUBE NY - NJ
12.42,344,Bronx,CBE W MORRIS AVE - GWB W AMSTERDAM AVE (L/LVL)
24.85,88,Queens,CIP N ramp to TNB - TNB Queens Anchorage
65.24,79,Staten Island,WSE S ARDEN AVENUE - BLOOMINGDALE ROAD
41.63,38,Staten Island,SIE E WOOLEY AVENUE - BRADLEY AVENUE
48.46,111,Queens,VWE N MP6.39 (Exit 11 Jewel Ave) - MP8.65 (Exit 13 Northern Blvd)
18.64,236,Bronx,HRP N LAFAYETTE AVENUE - E TREMONT AVENUE
42.25,162,Manhattan,FDR S 63rd - 25th St
37.9,56,Staten Island,VNB W-SIE W SI GANTRY LOWER LEVEL - FINGERBOARD ROAD
47.84,411,Manhattan,Westside Hwy N 57th St - GWB
52.19,85,Bronx,HRP N LAFAYETTE AVENUE - E TREMONT AVENUE
47.84,96,Bronx,BWB S Toll Plaza - Queens Anchorage
63.37,124,Staten Island,WSE S VICTORY BOULEVARD - ARDEN AVENUE
54.05,139,Staten Island,WSE N TYRELLAN AVENUE - BLOOMINGDALE ROAD
53.43,86,Brooklyn,VNB E SI GANTRY LOWER LEVEL - BROOLKYN GANTRY LOWER LEVEL
32.31,336,Queens,VWE S MP2.66 (Exit 2 Rockaway Blvd) - Belt Pkwy E 182nd St
53.43,116,Staten Island,WSE S BLLOMINGDALE ROAD - TYRELLAN AVENUE
42.87,207,Queens,VWE S MP6.39 (Exit 11 Jewel Ave) - MP4.63 (Exit 6 Jamaica Ave)
0.0,0,Staten Island,MLK N WALKER STREET - NJ ROUTE 169
44.73,160,Queens,MDE S TBB EXIT RAMP - QUEENS ANCHORAGE
28.58,384,Queens,CVE NB LIE - WILLETS PT BLVD
68.35,57,Staten Island,SIE W WOOLEY AVENUE - RICHMOND AVENUE
48.46,96,Brooklyn,VNB E SI GANTRY LOWER LEVEL - BROOLKYN GANTRY LOWER LEVEL
11.8,268,Manhattan,11th ave s ganservoort - west st @ spring st
50.33,153,Staten Island,440 N FRANCIS STREET - WSE N TYRELLAN AVE
47.22,420,Manhattan,Westside Hwy S GWB - 57th St
47.84,52,Bronx,CBE E TAYLOR AVENUE - CASTLE HILL AVENUE
18.01,143,Manhattan,BKN Bridge Manhattan Side - FDR N Catherine Slip
0.0,0,Manhattan,BQE N Atlantic Ave - MAN Bridge Manhattan Side
19.88,516,Manhattan,FDR N Catherine Slip - 25th St
49.7,155,Staten Island,WSE S TYRELLAN AVENUE - 440 S FRANCIS STREET
61.51,113,Staten Island,SIE W - WSE S SOUTH AVENUE - SOUTH AVENUE
42.25,50,Staten island,VNB W-SIE W SI GANTRY UPPER LEVEL - FINGERBOARD ROAD
50.33,28,Staten Island,SIE W BRADLEY AVENUE - WOOLEY AVENUE
21.74,463,Manhattan,FDR N Catherine Slip - 25th St
3.1,843,Queens,BE S TBB EXIT RAMP - MANHATTAN LIFT SPAN
56.54,88,Staten Island,WSE N BLOOMUINGDALE ROAD - ARDEN AVENUE
45.98,167,Staten Island,440 N FRANCIS STREET - WSE N TYRELLAN AVE
0.0,0,Brooklyn,GOW S 9TH STREET - 7TH AVENUE
47.84,44,Brooklyn,GOW S VNB W 92ND STREET - BKLYN GANTRY LOWER LEVEL
16.77,255,Bronx,CBE E AMSTERDAM AVE(U/LVL) - MORRIS AVE
54.68,49,Staten Island,SIE E SOUTH AVENUE - RICHMOND AVENUE
1.86,3766,Bronx,CBE W L/LE V AMSTERDAM AVE - I 95 S LOC LNS
21.12,122,Manhattan,BKN Bridge Manhattan Side - FDR N Catherine Slip
57.78,80,Bronx,BE N STRATFORD AVENUE - CASTLE HILL AVE
29.2,146,Bronx,CBE W MORRIS AVE - GWB W AMSTERDAM AVE (U/LVL)
14.29,294,Bronx,CBE E AMSTERDAM AVE(U/LVL) - MORRIS AVE
42.87,160,Manhattan,FDR S 63rd - 25th St
59.03,133,Staten Island,WSE N ARDEN AVENUE - VICTORY BLVD
23.61,452,Queens,VWE S MP2.66 (Exit 2 Rockaway Blvd) - Belt Pkwy E 182nd St
38.52,264,Manhattan,FDR N Catherine Slip - 25th St
54.68,111,Staten Island,WSE N-SIE E SOUTH AVENUE - SOUTH AVENUE
55.92,195,Queens,CVE NB LIE - WILLETS PT BLVD
22.99,238,Bronx,BRP N WATSON AVENUE - FORDHAM ROAD
52.19,48,Bronx,CBE W CASTLE HILL AVENUE - TAYLOR AVENUE
6.21,659,Bronx,MDE S HARLEM RIVER PARK - GWB W AMSTERDAM AVENUE LOWER LEVEL
55.3,84,Queens,BWB N Queens Anchorage - Toll Plaza
7.45,711,Manhattan,11th ave n ganservoort - 12th ave @ 40th st
56.54,121,Queens,TNB S Toll Plaza - Queens Anchorage
0.0,0,Manhattan,11th ave n ganservoort - 12th ave @ 40th st
24.23,301,Queens,TBB N QUEENS ANCHORAGE - BE N
47.22,250,Queens,CIP N LIE ramp - TNB
29.2,157,Bronx,BWB S Toll Plaza - Queens Anchorage
39.76,171,Queens,TNB S Toll Plaza - Queens Anchorage
24.23,262,Queens,Whitestone Expwy N Exit 14 (Linden Pl) - BWB N Queens Anchorage
37.9,198,Queens,TBB S MANHATTAN LIFT SPAN - QUEENS ANCHORAGE
53.43,87,Bronx,BWB S Toll Plaza - Queens Anchorage
21.12,210,Bronx,MDE S HARLEM RIVER PARK - GWB W AMSTERDAM AVENUE LOWER LEVEL
27.34,162,Bronx,MDE S HARLEM RIVER PARK - GWB W AMSTERDAM AVENUE LOWER LEVEL
50.33,99,Staten Island,WSE N BLOOMUINGDALE ROAD - ARDEN AVENUE
53.43,124,Staten Island,SIE E BRADLEY AVENUE - CLOVE ROAD
40.38,52,Brooklyn,VNB E-GOWANUS N BROOKLYN GANTRY UPPER LEVEL - 92ND STREET
16.77,326,Manhattan,LINCOLN TUNNEL E CENTER TUBE NJ - NY
14.29,295,Bronx,CBE AMSTERDAM AVE (L/LVL) - MORRIS AVE
56.54,139,Staten Island,WSE N ARDEN AVENUE - VICTORY BLVD
22.99,321,Bronx,BE N Castle Hill Avenue - Griswold Ave
0.0,0,Staten Island,MLK S - SIE E WALKER STREET - WOOLEY AVENUE
51.57,108,Queens,Whitestone Expwy S Exit 14 (Linden Pl) - VWE S MP8.65 (Exit 13 Northern Blvd)
0.0,0,Brooklyn,GOW N 7TH AVENUE - 9TH STREET
20.5,336,Queens,TNB S Toll Plaza - Queens Anchorage
51.57,381,Manhattan,Westside Hwy N 57th St - GWB
41.01,484,Manhattan,Westside Hwy S GWB - 57th St
12.42,412,Bronx,MDE N RFK Bridge - 142nd St
0.0,0,Manhattan,LINCOLN TUNNEL E SOUTH TUBE - NJ - NY
39.14,68,Staten Island,SIE E SOUTH AVENUE - RICHMOND AVENUE
16.77,382,Manhattan,BBT W Toll Plaza - Manhattan Portal
0.0,0,Brooklyn,GOW S 9TH STREET - 7TH AVENUE
50.95,41,Brooklyn,VNB E-GOWANUS N BROOKLYN GANTRY LOWER LEVEL - 92ND STREET
8.69,476,Bronx,CBE E AMSTERDAM AVE(U/LVL) - MORRIS AVE
0.0,0,Brooklyn,GOW S 9TH STREET - 7TH AVENUE
11.8,354,Bronx,MDE S HARLEM RIVER PARK - GWB W AMSTERDAM AVENUE UPPER LEVEL
19.88,128,Bronx,CBE W CASTLE HILL AVENUE - TAYLOR AVENUE
42.87,61,Manhattan,FDR S Catherine Slip - BKN Bridge Manhattan Side
14.91,360,Queens,QMT W Toll Plaza - Manhattan Side
0.0,0,Staten Island,ROUTE 169 S - MLK WALKER STREET
14.91,349,Queens,VWE S MP8.65 (Exit 13 Northern Blvd) - MP6.39 (Exit 11 Jewel Ave)
31.06,171,Queens,VWE N MP6.39 (Exit 11 Jewel Ave) - MP8.65 (Exit 13 Northern Blvd)
39.76,189,Queens,TBB S MANHATTAN LIFT SPAN - QUEENS ANCHORAGE
14.91,222,Manhattan,11th ave s ganservoort - west st @ spring st
0.0,0,Staten Island,MLK S - SIE E WALKER STREET - WOOLEY AVENUE
60.89,115,Staten Island,SIE W - WSE S SOUTH AVENUE - SOUTH AVENUE
41.01,52,Staten island,VNB W-SIE W SI GANTRY UPPER LEVEL - FINGERBOARD ROAD
42.25,110,Queens,BWB N Queens Anchorage - Toll Plaza
8.69,478,Bronx,CBE W MORRIS AVE - GWB W AMSTERDAM AVE (L/LVL)
39.76,107,Bronx,CBE E AMSTERDAM AVE(U/LVL) - MORRIS AVE
51.57,148,Staten Island,WSE S TYRELLAN AVENUE - 440 S FRANCIS STREET
52.19,89,Bronx,BE N STRATFORD AVENUE - CASTLE HILL AVE
40.38,52,Staten Island,VNB W-SIE W SI GANTRY LOWER LEVEL - FINGERBOARD ROAD
46.6,148,Queens,VWE S MP4.63 (Exit 6 Jamaica Ave) - MP2.66 (Exit 2 Roackaway Blvd)
60.27,135,Bronx,I-87 NYST S Exit 1 - MDE S Van Cortlandt Park
26.09,84,Queens,CIP N ramp to TNB - TNB Queens Anchorage
59.65,111,Staten Island,SIE E BRADLEY AVENUE - CLOVE ROAD
49.08,94,Brooklyn,VNB W BROOKLYN GANTRY UPPER LEVEL - SI GANTRY UPPER LEVEL
45.36,59,Queens,TNB S Qns Anchorage - CIP S @ TNB
12.42,397,Queens,LIE W 108TH ST - 84TH ST
54.05,47,Bronx,CBE E TAYLOR AVENUE - CASTLE HILL AVENUE
6.83,1023,Queens,TBB N QUEENS ANCHORAGE - BE N
47.22,159,Queens,TBB S MANHATTAN LIFT SPAN - QUEENS ANCHORAGE
36.66,193,Brooklyn,BQE S 46TH STREET - LEONARD STREET
41.63,471,Manhattan,Westside Hwy S GWB - 57th St
0.0,0,Staten Island,ROUTE 169 S - MLK WALKER STREET
13.04,488,Manhattan,BBT W Toll Plaza - Manhattan Portal
18.64,514,Queens,LIE WB LITTLE NECK PKWY - NB CVE
37.28,123,Queens,BWB N Queens Anchorage - Toll Plaza
14.91,284,Bronx,CBE E AMSTERDAM AVE(U/LVL) - MORRIS AVE
26.71,146,Staten Island,SIE E RICHMOND AVENUE - WOOLEY AVENUE
28.58,173,Queens,LIE W 108TH ST - 84TH ST
50.33,191,Queens,LIE WB LITTLE NECK PKWY - NB CVE
18.01,239,Bronx,CBE AMSTERDAM AVE (L/LVL) - MORRIS AVE
19.26,172,Manhattan,11th ave s ganservoort - west st @ spring st
41.01,56,Staten Island,SIE E VNB E FINGERBOARD ROAD - SI GANTRY UPPER LEVEL
42.87,50,Brooklyn,GOW S VNB W 92ND STREET - BKLYN GANTRY LOWER LEVEL
41.01,225,Queens,Belt Pkwy E 182nd St - Laurelton Pkwy N @ SSP
55.3,138,Staten Island,440 N FRANCIS STREET - WSE N TYRELLAN AVE
47.22,56,Staten Island,SIE E SOUTH AVENUE - RICHMOND AVENUE
27.34,185,Bronx,MDE N RFK Bridge - 142nd St
0.0,0,Staten Island,MLK S - SIE W WALKER STREET - RICHMOND AVENUE
0.0,0,Staten Island,440 N FRANCIS STREET - WSE N TYRELLAN AVE
21.12,387,Bronx,CBE W U/LEV AMSTERDAM AVE - I95 S EXP LNS
49.08,51,Bronx,BWB N Toll Plaza - HRP N Lafayatte Ave
39.14,235,Queens,Belt Pkwy E 182nd St - Laurelton Pkwy N @ SSP
59.65,66,Staten Island,SIE W WOOLEY AVENUE - RICHMOND AVENUE
48.46,121,Staten Island,SIE W FINGERBOARD ROAD - CLOVE ROAD
48.46,227,Queens,CIP N Hempstead Tpk - LIE
54.68,200,Queens,CIP N Hempstead Tpk - LIE
0.0,0,Brooklyn,GOW N 9TH STREET - ATLANTIC AVENUE
9.32,546,Bronx,MDE N RFK Bridge - 142nd St
13.04,553,Queens,TBB N QUEENS ANCHORAGE - BE N
54.68,98,Queens,VWE S MP8.65 (Exit 13 Northern Blvd) - MP6.39 (Exit 11 Jewel Ave)
61.51,133,Bronx,I-87 NYST S Exit 1 - MDE S Van Cortlandt Park
39.76,55,Queens,CIP N ramp to TNB - TNB Queens Anchorage
51.57,45,Staten Island,SIE E VNB E FINGERBOARD ROAD - SI GANTRY LOWER LEVEL
57.78,189,Queens,CIP S LIE - Hempstead Tpk
22.36,238,Manhattan,QMT E Manhattan Side - Toll Plaza
0.0,0,Manhattan,BQE N Atlantic Ave - MAN Bridge Manhattan Side
19.88,513,Manhattan,FDR N Catherine Slip - 25th St
47.22,46,Queens,CIP N ramp to TNB - TNB Queens Anchorage
0.0,0,Brooklyn,BQE S - GOW S ALTANTIC AVENUE - 9TH STREET
53.43,53,Staten Island,WSE S SOUTH AVENUE - VICTORY BOULEVARD
0.0,0,Brooklyn,GOW N 9TH STREET - ATLANTIC AVENUE
41.01,267,Queens,CVE NB LIE - WILLETS PT BLVD
4.97,1068,Staten Island,SIE W FINGERBOARD ROAD - CLOVE ROAD
49.7,57,Staten Island,WSE S SOUTH AVENUE - VICTORY BOULEVARD
13.67,237,Manhattan,12th Ave N 40th - 57th St
50.33,152,Staten Island,440 N FRANCIS STREET - WSE N TYRELLAN AVE
18.64,164,Queens,BE S TBB EXIT RAMP - MANHATTAN LIFT SPAN
0.0,0,Staten Island,MLK S - SIE E WALKER STREET - WOOLEY AVENUE
11.8,274,Manhattan,12th Ave N 40th - 57th St
41.63,51,Brooklyn,GOW S VNB W 92ND STREET - BKLYN GANTRY UPPER LEVEL
0.0,0,Brooklyn,GOW N 9TH STREET - ATLANTIC AVENUE
56.54,139,Staten Island,WSE N ARDEN AVENUE - VICTORY BLVD
0.0,0,Manhattan,BQE N Atlantic Ave - BKN Bridge Manhattan Side
43.49,143,Staten Island,WSE S BLLOMINGDALE ROAD - TYRELLAN AVENUE
31.06,97,Queens,BE S TBB EXIT RAMP - MANHATTAN LIFT SPAN
0.0,0,Staten Island,MLK N WALKER STREET - NJ ROUTE 169
59.03,54,Staten Island,WSE N VICTORY BLVD - SOUTH AVENUE
14.29,503,Manhattan,GWB E LOWER LEVEL PLAZA - CBE E LOWER LEVEL AMSTERDAM AVE
30.44,336,Manhattan,FDR N Catherine Slip - 25th St
9.94,865,Queens,VWE S MP6.39 (Exit 11 Jewel Ave) - MP4.63 (Exit 6 Jamaica Ave)
52.81,71,Queens,Belt Pkwy W 182nd St - JFK Expressway
47.84,33,Staten Island,SIE E WOOLEY AVENUE - BRADLEY AVENUE
40.38,62,Bronx,BWB N Toll Plaza - HRP N Lafayatte Ave
45.98,257,Queens,CIP N LIE ramp - TNB
22.36,283,Manhattan,12th ave @ 45th - 11 ave ganservoort st
27.96,94,Manhattan,FDR S Catherine Slip - BKN Bridge Manhattan Side
41.63,51,Staten island,VNB W-SIE W SI GANTRY UPPER LEVEL - FINGERBOARD ROAD
37.28,149,Manhattan,LINCOLN TUNNEL E CENTER TUBE NJ - NY
64.62,80,Staten Island,WSE S ARDEN AVENUE - BLOOMINGDALE ROAD
34.17,236,Bronx,I-87 NYST S Exit 1 - MDE S Van Cortlandt Park
34.17,162,Manhattan,LINCOLN TUNNEL W CENTER TUBE NY - NJ
43.49,99,Brooklyn,GOW N 92ND STREET - 7TH AVENUE
47.84,52,Bronx,BWB N Toll Plaza - HRP N Lafayatte Ave
33.55,64,Staten Island,VNB W-SIE W SI GANTRY LOWER LEVEL - FINGERBOARD ROAD
50.33,128,Queens,BWB S Queens Anchorage - WSE S Exit 14 (Linden Pl)
16.15,200,Manhattan,12th Ave N 40th - 57th St
23.61,223,Manhattan,QMT E Manhattan Side - Toll Plaza
50.33,53,Queens,TNB S Qns Anchorage - CIP S @ TNB
50.95,105,Queens,VWE S MP8.65 (Exit 13 Northern Blvd) - MP6.39 (Exit 11 Jewel Ave)
0.0,0,Bronx,CBE W L/LE V AMSTERDAM AVE - I 95 S LOC LNS
35.41,110,Queens,LIE WB LITTLE NECK PKWY - NB CIP
45.98,177,Queens,TBB N QUEENS ANCHORAGE - MANHATTAN LIFT SPAN
59.65,116,Staten Island,SIE W - WSE S SOUTH AVENUE - SOUTH AVENUE
57.78,121,Staten Island,SIE W - WSE S SOUTH AVENUE - SOUTH AVENUE
22.36,224,Manhattan,LINCOLN TUNNEL W NORTH TUBE NY - NJ
48.46,33,Staten Island,SIE E WOOLEY AVENUE - BRADLEY AVENUE
46.6,425,Manhattan,Westside Hwy S GWB - 57th St
52.81,306,Queens,CIP NB GCP - TNB
34.79,206,Queens,MDE S TBB EXIT RAMP - QUEENS ANCHORAGE
43.49,106,Bronx,BE N STRATFORD AVENUE - CASTLE HILL AVE
40.38,97,Queens,LIE WB LITTLE NECK PKWY - NB CIP
44.73,88,Queens,LIE WB LITTLE NECK PKWY - NB CIP
29.2,190,Manhattan,LINCOLN TUNNEL W CENTER TUBE NY - NJ
40.38,488,Manhattan,Westside Hwy S GWB - 57th St
54.68,58,Staten Island,WSE N VICTORY BLVD - SOUTH AVENUE
59.03,85,Staten Island,WSE N BLOOMUINGDALE ROAD - ARDEN AVENUE
21.74,490,Queens,VWE S MP2.66 (Exit 2 Rockaway Blvd) - Belt Pkwy E 182nd St
60.89,52,Staten Island,WSE N VICTORY BLVD - SOUTH AVENUE
0.0,0,Staten Island,SIE E-MLK N RICHMOND AVENUE - WALKER STREET
15.53,89,Staten Island,SIE W BRADLEY AVENUE - WOOLEY AVENUE
50.95,147,Bronx,BE N Castle Hill Avenue - Griswold Ave
47.84,151,Queens,MDE S TBB EXIT RAMP - QUEENS ANCHORAGE
37.28,115,Bronx,CBE AMSTERDAM AVE (L/LVL) - MORRIS AVE
59.65,136,Bronx,I-87 NYST S Exit 1 - MDE S Van Cortlandt Park
26.09,261,Queens,VWE S MP4.63 (Exit 6 Jamaica Ave) - MP2.66 (Exit 2 Roackaway Blvd)
39.76,499,Manhattan,Westside Hwy N 57th St - GWB
47.84,59,Staten Island,WSE S SOUTH AVENUE - VICTORY BOULEVARD
47.84,149,Brooklyn,BQE S 46TH STREET - LEONARD STREET
26.71,113,Queens,BE S TBB EXIT RAMP - MANHATTAN LIFT SPAN
49.7,57,Staten Island,WSE S SOUTH AVENUE - VICTORY BOULEVARD
0.0,0,Manhattan,12th Ave N 40th - 57th St
12.42,209,Queens,TNB S Qns Anchorage - CIP S @ TNB
53.43,83,Bronx,HRP N LAFAYETTE AVENUE - E TREMONT AVENUE
26.71,161,Bronx,MDE S HARLEM RIVER PARK - GWB W AMSTERDAM AVENUE UPPER LEVEL
0.0,0,Manhattan,BQE N Atlantic Ave - MAN Bridge Manhattan Side
18.01,386,Brooklyn,BQE S 46TH STREET - LEONARD STREET
52.19,120,Staten Island,WSE S BLLOMINGDALE ROAD - TYRELLAN AVENUE
36.66,121,Bronx,BE S CASTLE HILL AVENUE - STRATFORD AVENUE
55.92,82,Queens,BWB N Queens Anchorage - Toll Plaza
37.9,103,Staten Island,SIE E RICHMOND AVENUE - WOOLEY AVENUE
54.68,81,Bronx,BE S CASTLE HILL AVENUE - STRATFORD AVENUE
16.77,417,Brooklyn,BQE S 46TH STREET - LEONARD STREET
40.38,489,Manhattan,Westside Hwy N 57th St - GWB
57.78,102,Staten Island,SIE W FINGERBOARD ROAD - CLOVE ROAD
47.84,112,Queens,VWE S MP8.65 (Exit 13 Northern Blvd) - MP6.39 (Exit 11 Jewel Ave)
26.09,352,Queens,Belt Pkwy E 182nd St - Laurelton Pkwy N @ SSP
50.33,390,Manhattan,Westside Hwy N 57th St - GWB
0.0,0,Manhattan,Westside Hwy N 57th St - GWB
54.68,137,Staten Island,WSE N TYRELLAN AVENUE - BLOOMINGDALE ROAD
45.98,155,Brooklyn,BQE N LEONARD STREET - 46TH STREET
57.78,165,Queens,LIE WB LITTLE NECK PKWY - NB CVE
43.49,211,Queens,Belt Pkwy E 182nd St - Laurelton Pkwy N @ SSP
54.05,29,Staten Island,SIE E WOOLEY AVENUE - BRADLEY AVENUE
59.03,137,Bronx,I-87 NYST S Exit 1 - MDE S Van Cortlandt Park
63.37,81,Staten Island,WSE S ARDEN AVENUE - BLOOMINGDALE ROAD
52.81,122,Queens,BWB S Queens Anchorage - WSE S Exit 14 (Linden Pl)
20.5,396,Bronx,CBE W L/LE V AMSTERDAM AVE - I 95 S LOC LNS
18.64,264,Manhattan,LINCOLN TUNNEL W NORTH TUBE NY - NJ
54.68,135,Manhattan,GWB E LOWER LEVEL PLAZA - CBE E LOWER LEVEL AMSTERDAM AVE
52.81,129,Queens,TNB N Queens Anchorage - Toll Plaza
21.74,356,Queens,Laurelton Pkwy N @ SSP - CIP N Hempstead Tpk
15.53,313,Manhattan,LINCOLN TUNNEL W NORTH TUBE NY - NJ
39.14,59,Staten Island,SIE E VNB E FINGERBOARD ROAD - SI GANTRY UPPER LEVEL
52.19,123,Queens,BWB S Queens Anchorage - WSE S Exit 14 (Linden Pl)
58.4,284,Queens,CVE NB GCP - WILLETS PT BLVD
22.36,235,Queens,QMT W Toll Plaza - Manhattan Side
21.12,351,Queens,TBB S MANHATTAN LIFT SPAN - QUEENS ANCHORAGE
5.59,698,Bronx,CBE W MORRIS AVE - GWB W AMSTERDAM AVE (U/LVL)
55.3,358,Manhattan,Westside Hwy S GWB - 57th St
42.87,100,Brooklyn,GOW N 92ND STREET - 7TH AVENUE
40.38,57,Staten Island,SIE E VNB E FINGERBOARD ROAD - SI GANTRY LOWER LEVEL
0.0,0,Brooklyn,GOW S 9TH STREET - 7TH AVENUE
31.68,134,Bronx,CBE AMSTERDAM AVE (L/LVL) - MORRIS AVE
11.18,508,Manhattan,West St S Spring St - BBT Manhattan Portal outbound
26.09,116,Queens,BE S TBB EXIT RAMP - MANHATTAN LIFT SPAN
41.63,55,Staten Island,SIE E VNB E FINGERBOARD ROAD - SI GANTRY UPPER LEVEL
52.81,114,Staten Island,WSE N-SIE E SOUTH AVENUE - SOUTH AVENUE
19.26,139,Staten Island,SIE E SOUTH AVENUE - RICHMOND AVENUE
51.57,89,Bronx,BE N STRATFORD AVENUE - CASTLE HILL AVE
52.81,207,Queens,CVE NB LIE - WILLETS PT BLVD
42.25,277,Queens,CIP N LIE ramp - TNB
52.19,106,Staten Island,SIE E CLOVE ROAD - FINGERBOARD ROAD
39.14,185,Queens,MDE S TBB EXIT RAMP - QUEENS ANCHORAGE
9.94,1186,Queens,Belt Pkwy W JFK Expressway - VWE N Jamaica Ave
60.89,53,Staten Island,WSE N VICTORY BLVD - SOUTH AVENUE
16.15,161,Staten Island,SIE E SOUTH AVENUE - RICHMOND AVENUE
9.32,1159,Queens,CIP N Hempstead Tpk - LIE
15.53,574,Queens,VWE S MP6.39 (Exit 11 Jewel Ave) - MP4.63 (Exit 6 Jamaica Ave)
26.71,456,Queens,Belt Pkwy W JFK Expressway - VWE N Jamaica Ave
29.2,48,Staten Island,SIE W BRADLEY AVENUE - WOOLEY AVENUE
48.46,110,Queens,VWE N MP8.64 (Exit 13 Northern Blvd) - Whitestone Expwy Exit 14 (Linden Pl)
55.3,97,Queens,VWE S MP8.65 (Exit 13 Northern Blvd) - MP6.39 (Exit 11 Jewel Ave)
50.33,153,Staten Island,WSE S TYRELLAN AVENUE - 440 S FRANCIS STREET
38.52,65,Bronx,CBE E TAYLOR AVENUE - CASTLE HILL AVENUE
0.0,0,Bronx,BRP N WATSON AVENUE - FORDHAM ROAD
47.22,153,Queens,MDE S TBB EXIT RAMP - QUEENS ANCHORAGE
0.0,0,Staten Island,ROUTE 169 S - MLK WALKER STREET
9.94,211,Staten island,VNB W-SIE W SI GANTRY UPPER LEVEL - FINGERBOARD ROAD
0.0,0,Queens,LIE WB LITTLE NECK PKWY - NB CIP
45.36,59,Queens,TNB S Qns Anchorage - CIP S @ TNB
8.69,475,Bronx,MDE S HARLEM RIVER PARK - GWB W AMSTERDAM AVENUE UPPER LEVEL
48.46,44,Staten Island,VNB W-SIE W SI GANTRY LOWER LEVEL - FINGERBOARD ROAD
37.9,117,Bronx,MDE S HARLEM RIVER PARK - GWB W AMSTERDAM AVENUE LOWER LEVEL
54.68,92,Staten Island,WSE N BLOOMUINGDALE ROAD - ARDEN AVENUE
55.92,114,Queens,BWB S Queens Anchorage - WSE S Exit 14 (Linden Pl)
21.12,300,Queens,Whitestone Expwy N Exit 14 (Linden Pl) - BWB N Queens Anchorage
44.11,105,Queens,BWB N Queens Anchorage - Toll Plaza
50.33,148,Bronx,BE S Griswold - Castle Hill Avenue
54.68,84,Brooklyn,VNB W BROOKLYN GANTRY LOWER LEVEL - SI GANTRY LOWER LEVEL
30.44,210,Manhattan,BBT W Toll Plaza - Manhattan Portal
62.75,51,Staten Island,WSE N VICTORY BLVD - SOUTH AVENUE
30.44,78,Manhattan,FDR N - TBB E 116TH STREET - MANHATTAN TRUSS
25.47,628,Queens,CIP NB GCP - TNB
51.57,90,Queens,BWB N Queens Anchorage - Toll Plaza
54.68,91,Queens,LIE E 84TH ST - 108TH ST
40.38,184,Queens,TBB S MANHATTAN LIFT SPAN - QUEENS ANCHORAGE
48.46,95,Brooklyn,VNB W BROOKLYN GANTRY UPPER LEVEL - SI GANTRY UPPER LEVEL
49.08,151,Bronx,BE N Castle Hill Avenue - Griswold Ave
40.38,123,Queens,LIE E 84TH ST - 108TH ST
44.11,48,Brooklyn,VNB E-GOWANUS N BROOKLYN GANTRY LOWER LEVEL - 92ND STREET
55.3,96,Queens,VWE N MP8.64 (Exit 13 Northern Blvd) - Whitestone Expwy Exit 14 (Linden Pl)
52.19,88,Brooklyn,VNB W BROOKLYN GANTRY UPPER LEVEL - SI GANTRY UPPER LEVEL
27.96,363,Manhattan,FDR S 25th St - Catherine Slip
12.42,575,Queens,MDE S TBB EXIT RAMP - QUEENS ANCHORAGE
0.0,0,Manhattan,LINCOLN TUNNEL E CENTER TUBE NJ - NY
47.84,157,Bronx,BE S Griswold - Castle Hill Avenue
49.7,50,Bronx,BWB N Toll Plaza - HRP N Lafayatte Ave
34.17,162,Manhattan,LINCOLN TUNNEL E SOUTH TUBE - NJ - NY
1.24,3680,Manhattan,BBT W Toll Plaza - Manhattan Portal
20.5,349,Queens,TBB N QUEENS ANCHORAGE - BE N
47.84,89,Brooklyn,GOW N 92ND STREET - 7TH AVENUE
42.87,128,Bronx,BRP N WATSON AVENUE - FORDHAM ROAD
50.33,92,Bronx,BWB S Toll Plaza - Queens Anchorage
60.27,83,Staten Island,WSE N BLOOMUINGDALE ROAD - ARDEN AVENUE
23.61,272,Queens,Whitestone Expwy N Exit 14 (Linden Pl) - BWB N Queens Anchorage
37.9,64,Manhattan,TBB W - FDR S MANHATTAN TRUSS - E116TH STREET
52.81,47,Bronx,BWB N Toll Plaza - HRP N Lafayatte Ave
26.09,100,Manhattan,BKN Bridge Manhattan Side - FDR N Catherine Slip
0.0,0,Staten Island,SIE E-MLK N RICHMOND AVENUE - WALKER STREET
58.4,80,Bronx,BE N STRATFORD AVENUE - CASTLE HILL AVE
47.84,148,Brooklyn,BQE N LEONARD STREET - 46TH STREET
16.15,302,Manhattan,LINCOLN TUNNEL W NORTH TUBE NY - NJ
30.44,88,Queens,TNB S Qns Anchorage - CIP S @ TNB
33.55,164,Bronx,BRP N WATSON AVENUE - FORDHAM ROAD
57.16,81,Bronx,BE N STRATFORD AVENUE - CASTLE HILL AVE
55.3,136,Staten Island,WSE N TYRELLAN AVENUE - BLOOMINGDALE ROAD
49.08,183,Queens,VWE N MP4.63 (Exit 6 - Jamaica Ave) - MP6.39 (Exit 11 Jewel Ave)
54.05,122,Staten Island,SIE E BRADLEY AVENUE - CLOVE ROAD
47.84,229,Queens,CIP S LIE - Hempstead Tpk
29.82,309,Queens,Laurelton Pkwy S @ SSP - Belt Pkwy W 182nd St
18.01,694,Brooklyn,GOW N 7TH AVENUE - 9TH STREET
15.53,347,Queens,QMT W Toll Plaza - Manhattan Side
42.87,50,Brooklyn,VNB E-GOWANUS N BROOKLYN GANTRY UPPER LEVEL - 92ND STREET
27.96,108,Queens,BE S TBB EXIT RAMP - MANHATTAN LIFT SPAN
60.27,82,Staten Island,WSE N BLOOMUINGDALE ROAD - ARDEN AVENUE
24.85,262,Manhattan,BBT E Manhattan Portal - Toll Plaza
51.57,152,Staten Island,WSE S VICTORY BOULEVARD - ARDEN AVENUE
24.23,319,Queens,Laurelton Pkwy N @ SSP - CIP N Hempstead Tpk
45.98,93,Brooklyn,GOW N 92ND STREET - 7TH AVENUE
12.42,570,Queens,TBB N QUEENS ANCHORAGE - BE N
40.38,237,Queens,LIE WB LITTLE NECK PKWY - NB CVE
29.82,307,Queens,Belt Pkwy E 182nd St - Laurelton Pkwy N @ SSP
50.95,74,Queens,Belt Pkwy W 182nd St - JFK Expressway
0.0,0,Staten Island,SIE W - MLK N WOOLEY AVENUE - WLAKER STREET
52.81,207,Queens,CVE NB LIE - WILLETS PT BLVD
0.0,0,Queens,BE S TBB EXIT RAMP - QUEENS ANCHORAGE
56.54,88,Queens,LIE W 108TH ST - 84TH ST
41.63,55,Staten Island,SIE E VNB E FINGERBOARD ROAD - SI GANTRY LOWER LEVEL
54.05,141,Queens,CIP S Hempstead Tpk - Laurelton Pkwy @ SSP
53.43,80,Brooklyn,GOW S 7TH AVENUE - 92ND STREET
44.73,123,Staten Island,SIE E CLOVE ROAD - FINGERBOARD ROAD
49.08,43,Brooklyn,GOW S VNB W 92ND STREET - BKLYN GANTRY LOWER LEVEL
41.01,112,Queens,BWB N Queens Anchorage - Toll Plaza
24.23,277,Manhattan,FDR S 63rd - 25th St
54.68,52,Staten Island,SIE W RICHMOND AVENUE - SOUTH AVENUE
22.99,298,Queens,VWE S MP4.63 (Exit 6 Jamaica Ave) - MP2.66 (Exit 2 Roackaway Blvd)
46.6,52,Manhattan,TBB W - FDR S MANHATTAN TRUSS - E116TH STREET
26.09,192,Queens,LIE E 84TH ST - 108TH ST
9.94,420,Bronx,CBE AMSTERDAM AVE (L/LVL) - MORRIS AVE
31.06,68,Staten Island,VNB W-SIE W SI GANTRY LOWER LEVEL - FINGERBOARD ROAD
14.91,287,Bronx,CBE E AMSTERDAM AVE(U/LVL) - MORRIS AVE
0.0,0,Staten Island,MLK S - SIE W WALKER STREET - RICHMOND AVENUE
49.7,233,Queens,CIP N TNB - Whitestone Expwy S Exit 14 (Linden Pl)
54.68,176,Queens,LIE WB LITTLE NECK PKWY - NB CVE
48.46,96,Brooklyn,VNB E SI GANTRY LOWER LEVEL - BROOLKYN GANTRY LOWER LEVEL
13.04,628,Bronx,CBE W U/LEV AMSTERDAM AVE - I95 S EXP LNS
38.52,215,Bronx,CBE E CASTLE HILL AVE - BE N WATERBURY AVE
4.34,503,Staten Island,SIE E VNB E FINGERBOARD ROAD - SI GANTRY UPPER LEVEL
46.6,54,Bronx,CBE E TAYLOR AVENUE - CASTLE HILL AVENUE
0.0,0,Staten Island,MLK S - SIE E WALKER STREET - WOOLEY AVENUE
8.69,726,Manhattan,12th ave @ 45th - 11 ave ganservoort st
47.84,90,Brooklyn,GOW S 7TH AVENUE - 92ND STREET
45.98,162,Queens,TBB S MANHATTAN LIFT SPAN - QUEENS ANCHORAGE
45.98,46,Brooklyn,GOW S VNB W 92ND STREET - BKLYN GANTRY UPPER LEVEL
27.34,94,Manhattan,BKN Bridge Manhattan Side - FDR N Catherine Slip
31.68,170,Queens,QMT W Toll Plaza - Manhattan Side
36.66,151,Bronx,BRP N WATSON AVENUE - FORDHAM ROAD
34.17,114,Queens,LIE WB LITTLE NECK PKWY - NB CIP
22.36,239,Queens,QMT W Toll Plaza - Manhattan Side
41.01,174,Brooklyn,BQE S 46TH STREET - LEONARD STREET
55.3,51,Staten Island,WSE S SOUTH AVENUE - VICTORY BOULEVARD
6.21,654,Bronx,CBE W MORRIS AVE - GWB W AMSTERDAM AVE (L/LVL)
0.0,0,Staten Island,SIE E-MLK N RICHMOND AVENUE - WALKER STREET
0.0,0,Brooklyn,GOW S 9TH STREET - 7TH AVENUE
35.41,253,Queens,VWE N MP4.63 (Exit 6 - Jamaica Ave) - MP6.39 (Exit 11 Jewel Ave)
13.67,778,Queens,CIP S LIE - Hempstead Tpk
50.33,92,Brooklyn,VNB E SI GANTRY LOWER LEVEL - BROOLKYN GANTRY LOWER LEVEL
9.32,438,Bronx,CBE W MORRIS AVE - GWB W AMSTERDAM AVE (L/LVL)
53.43,26,Staten Island,SIE W BRADLEY AVENUE - WOOLEY AVENUE
24.23,177,Bronx,MDE S HARLEM RIVER PARK - GWB W AMSTERDAM AVENUE UPPER LEVEL
41.01,51,Brooklyn,VNB E-GOWANUS N BROOKLYN GANTRY LOWER LEVEL - 92ND STREET
49.08,326,Queens,CIP NB GCP - TNB
49.7,94,Brooklyn,VNB E SI GANTRY LOWER LEVEL - BROOLKYN GANTRY LOWER LEVEL
46.6,168,Staten Island,WSE S VICTORY BOULEVARD - ARDEN AVENUE
54.05,201,Queens,CVE NB LIE - WILLETS PT BLVD
59.65,99,Staten Island,SIE W FINGERBOARD ROAD - CLOVE ROAD
13.04,350,Brooklyn,VNB E SI GANTRY UPPER LEVEL - BROOKLYN GANTRY UPPER LEVEL
50.33,43,Queens,CIP N ramp to TNB - TNB Queens Anchorage
54.05,127,Queens,TNB N Queens Anchorage - Toll Plaza
37.28,63,Manhattan,FDR N - TBB E 116TH STREET - MANHATTAN TRUSS
31.06,144,Bronx,MDE S HARLEM RIVER PARK - GWB W AMSTERDAM AVENUE LOWER LEVEL
0.0,0,Brooklyn,GOW N 7TH AVENUE - 9TH STREET
0.0,0,Staten Island,SIE E-MLK N RICHMOND AVENUE - WALKER STREET
46.6,154,Queens,MDE S TBB EXIT RAMP - QUEENS ANCHORAGE
60.89,47,Staten Island,SIE W RICHMOND AVENUE - SOUTH AVENUE
36.03,282,Manhattan,FDR S 25th St - Catherine Slip
40.38,53,Brooklyn,VNB E-GOWANUS N BROOKLYN GANTRY UPPER LEVEL - 92ND STREET
49.08,94,Brooklyn,VNB E SI GANTRY LOWER LEVEL - BROOLKYN GANTRY LOWER LEVEL
23.61,127,Queens,BE S TBB EXIT RAMP - MANHATTAN LIFT SPAN
51.57,90,Brooklyn,VNB E SI GANTRY LOWER LEVEL - BROOLKYN GANTRY LOWER LEVEL
51.57,107,Staten Island,SIE E CLOVE ROAD - FINGERBOARD ROAD
50.95,174,Queens,VWE N MP4.63 (Exit 6 - Jamaica Ave) - MP6.39 (Exit 11 Jewel Ave)
52.19,123,Queens,BWB S Queens Anchorage - WSE S Exit 14 (Linden Pl)
50.33,42,Staten island,VNB W-SIE W SI GANTRY UPPER LEVEL - FINGERBOARD ROAD
16.77,438,Queens,TBB S MANHATTAN LIFT SPAN - QUEENS ANCHORAGE
54.05,178,Queens,LIE WB LITTLE NECK PKWY - NB CVE
0.0,0,Staten Island,MLK S - SIE W WALKER STREET - RICHMOND AVENUE
27.96,291,Bronx,I-87 NYST S Exit 1 - MDE S Van Cortlandt Park
49.7,153,Queens,CIP S Hempstead Tpk - Laurelton Pkwy @ SSP
42.87,273,Queens,CIP N LIE ramp - TNB
54.05,116,Staten Island,WSE S BLLOMINGDALE ROAD - TYRELLAN AVENUE
17.39,571,Manhattan,FDR N Catherine Slip - 25th St
36.03,60,Queens,CIP N ramp to TNB - TNB Queens Anchorage
23.61,402,Queens,LIE WB LITTLE NECK PKWY - NB CVE
48.46,115,Staten Island,SIE E CLOVE ROAD - FINGERBOARD ROAD
14.29,484,Brooklyn,BQE S 46TH STREET - LEONARD STREET
0.0,0,Bronx,CBE W L/LE V AMSTERDAM AVE - I 95 S LOC LNS
36.03,179,Manhattan,BBT W Toll Plaza - Manhattan Portal
53.43,87,Bronx,BE N STRATFORD AVENUE - CASTLE HILL AVE
29.82,80,Manhattan,FDR N - TBB E 116TH STREET - MANHATTAN TRUSS
26.71,97,Manhattan,BKN Bridge Manhattan Side - FDR N Catherine Slip
54.05,86,Bronx,BE N STRATFORD AVENUE - CASTLE HILL AVE
57.16,138,Staten Island,WSE S VICTORY BOULEVARD - ARDEN AVENUE
47.84,97,Brooklyn,VNB E SI GANTRY LOWER LEVEL - BROOLKYN GANTRY LOWER LEVEL
13.04,244,Manhattan,12th Ave N 40th - 57th St
44.73,48,Brooklyn,VNB E-GOWANUS N BROOKLYN GANTRY LOWER LEVEL - 92ND STREET
41.63,51,Staten Island,VNB W-SIE W SI GANTRY LOWER LEVEL - FINGERBOARD ROAD
45.36,47,Brooklyn,GOW S VNB W 92ND STREET - BKLYN GANTRY LOWER LEVEL
57.78,24,Staten Island,SIE W BRADLEY AVENUE - WOOLEY AVENUE
45.98,209,Queens,LIE WB LITTLE NECK PKWY - NB CVE
62.75,111,Staten Island,SIE W - WSE S SOUTH AVENUE - SOUTH AVENUE
51.57,132,Queens,TNB S Toll Plaza - Queens Anchorage
40.38,185,Queens,TBB S MANHATTAN LIFT SPAN - QUEENS ANCHORAGE
56.54,69,Staten Island,SIE W WOOLEY AVENUE - RICHMOND AVENUE
55.3,48,Staten Island,SIE E SOUTH AVENUE - RICHMOND AVENUE
47.84,48,Staten Island,SIE E VNB E FINGERBOARD ROAD - SI GANTRY UPPER LEVEL
55.3,70,Staten Island,SIE E RICHMOND AVENUE - WOOLEY AVENUE
0.0,0,Staten Island,SIE E-MLK N RICHMOND AVENUE - WALKER STREET
39.76,189,Queens,CIP S Hempstead Tpk - Laurelton Pkwy @ SSP
21.12,307,Manhattan,BBT E Manhattan Portal - Toll Plaza
49.7,150,Bronx,BE N Castle Hill Avenue - Griswold Ave
22.36,106,Manhattan,FDR N - TBB E 116TH STREET - MANHATTAN TRUSS
0.0,0,Staten Island,SIE W - MLK N WOOLEY AVENUE - WLAKER STREET
9.32,1136,Queens,CIP N Hempstead Tpk - LIE
51.57,55,Staten Island,WSE S SOUTH AVENUE - VICTORY BOULEVARD
53.43,139,Bronx,BE N Castle Hill Avenue - Griswold Ave
39.76,53,Brooklyn,GOW S VNB W 92ND STREET - BKLYN GANTRY LOWER LEVEL
56.54,56,Staten Island,WSE N VICTORY BLVD - SOUTH AVENUE
44.73,180,Queens,TBB N QUEENS ANCHORAGE - MANHATTAN LIFT SPAN
5.59,398,Manhattan,12th Ave S 57th St - 45th St
47.84,44,Staten island,VNB W-SIE W SI GANTRY UPPER LEVEL - FINGERBOARD ROAD
0.0,0,Manhattan,11th ave s ganservoort - west st @ spring st
0.0,0,Manhattan,LINCOLN TUNNEL E CENTER TUBE NJ - NY
54.05,108,Staten Island,SIE W FINGERBOARD ROAD - CLOVE ROAD
55.92,82,Queens,BWB N Queens Anchorage - Toll Plaza
54.68,26,Staten Island,SIE W BRADLEY AVENUE - WOOLEY AVENUE
0.0,0,Staten Island,MLK S - SIE E WALKER STREET - WOOLEY AVENUE
14.91,172,Manhattan,BKN Bridge Manhattan Side - FDR N Catherine Slip
0.0,0,Queens,LIE W 108TH ST - 84TH ST
53.43,47,Bronx,CBE E TAYLOR AVENUE - CASTLE HILL AVENUE
18.64,140,Manhattan,FDR S Catherine Slip - BKN Bridge Manhattan Side
60.27,53,Staten Island,WSE N VICTORY BLVD - SOUTH AVENUE
56.54,79,Bronx,HRP N LAFAYETTE AVENUE - E TREMONT AVENUE
56.54,135,Staten Island,WSE S TYRELLAN AVENUE - 440 S FRANCIS STREET
24.23,475,Queens,CIP N TNB - Whitestone Expwy S Exit 14 (Linden Pl)
41.01,52,Brooklyn,GOW S VNB W 92ND STREET - BKLYN GANTRY UPPER LEVEL
63.37,82,Staten Island,WSE S ARDEN AVENUE - BLOOMINGDALE ROAD
57.78,136,Staten Island,WSE N ARDEN AVENUE - VICTORY BLVD
24.85,173,Bronx,CBE W MORRIS AVE - GWB W AMSTERDAM AVE (U/LVL)
0.0,0,Manhattan,BQE N Atlantic Ave - MAN Bridge Manhattan Side
49.08,51,Bronx,HRP S Lafayette Ave - BWB S Toll Plaza
43.49,49,Staten Island,VNB W-SIE W SI GANTRY LOWER LEVEL - FINGERBOARD ROAD
16.77,385,Queens,Whitestone Expwy N Exit 14 (Linden Pl) - BWB N Queens Anchorage
59.65,83,Staten Island,WSE N BLOOMUINGDALE ROAD - ARDEN AVENUE
39.76,58,Staten Island,SIE E VNB E FINGERBOARD ROAD - SI GANTRY UPPER LEVEL
6.83,2867,Manhattan,Westside Hwy N 57th St - GWB
47.22,49,Staten Island,SIE E VNB E FINGERBOARD ROAD - SI GANTRY UPPER LEVEL
0.0,0,Staten Island,MLK S - SIE W WALKER STREET - RICHMOND AVENUE
55.3,141,Staten Island,WSE N ARDEN AVENUE - VICTORY BLVD
47.84,144,Queens,TNB S Toll Plaza - Queens Anchorage
47.84,106,Bronx,MDE N RFK Bridge - 142nd St
55.3,80,Bronx,HRP N LAFAYETTE AVENUE - E TREMONT AVENUE
38.52,129,Manhattan,LINCOLN TUNNEL W NORTH TUBE NY - NJ
45.36,51,Staten Island,SIE E VNB E FINGERBOARD ROAD - SI GANTRY UPPER LEVEL
48.46,148,Brooklyn,BQE S 46TH STREET - LEONARD STREET
42.25,109,Queens,BWB N Queens Anchorage - Toll Plaza
16.15,337,Manhattan,LINCOLN TUNNEL W CENTER TUBE NY - NJ
54.05,146,Staten Island,WSE S VICTORY BOULEVARD - ARDEN AVENUE
36.03,198,Queens,MDE S TBB EXIT RAMP - QUEENS ANCHORAGE
54.68,101,Staten Island,SIE E CLOVE ROAD - FINGERBOARD ROAD
19.26,73,Staten Island,SIE W BRADLEY AVENUE - WOOLEY AVENUE
25.47,104,Staten Island,SIE E SOUTH AVENUE - RICHMOND AVENUE
16.15,164,Staten Island,SIE E SOUTH AVENUE - RICHMOND AVENUE
52.81,30,Staten Island,SIE E WOOLEY AVENUE - BRADLEY AVENUE
11.8,565,Queens,VWE S MP4.63 (Exit 6 Jamaica Ave) - MP2.66 (Exit 2 Roackaway Blvd)
11.8,276,Manhattan,11th ave s ganservoort - west st @ spring st
27.96,79,Queens,CIP N ramp to TNB - TNB Queens Anchorage
60.89,64,Staten Island,SIE E RICHMOND AVENUE - WOOLEY AVENUE
46.6,146,Manhattan,FDR N 25th - 63rd St
32.31,159,Bronx,MDE N RFK Bridge - 142nd St
35.41,140,Queens,LIE W 108TH ST - 84TH ST
55.92,51,Staten Island,SIE W RICHMOND AVENUE - SOUTH AVENUE
5.59,731,Bronx,MDE S HARLEM RIVER PARK - GWB W AMSTERDAM AVENUE UPPER LEVEL
18.64,365,Manhattan,FDR S 63rd - 25th St
37.28,290,Queens,CVE NB LIE - WILLETS PT BLVD
0.0,0,Staten Island,MLK S - SIE W WALKER STREET - RICHMOND AVENUE
47.84,48,Staten Island,SIE E VNB E FINGERBOARD ROAD - SI GANTRY UPPER LEVEL
26.71,313,Bronx,CBE W U/LEV AMSTERDAM AVE - I95 S EXP LNS
55.3,51,Staten Island,WSE S SOUTH AVENUE - VICTORY BOULEVARD
0.0,0,Bronx,BRP S FORDHAM ROAD - WATSON AVENUE
47.84,96,Brooklyn,VNB W BROOKLYN GANTRY UPPER LEVEL - SI GANTRY UPPER LEVEL
30.44,142,Bronx,MDE S HARLEM RIVER PARK - GWB W AMSTERDAM AVENUE UPPER LEVEL
13.04,419,Manhattan,LINCOLN TUNNEL W CENTER TUBE NY - NJ
44.73,47,Brooklyn,VNB E-GOWANUS N BROOKLYN GANTRY LOWER LEVEL - 92ND STREET
47.22,49,Staten Island,SIE E VNB E FINGERBOARD ROAD - SI GANTRY UPPER LEVEL
24.23,104,Bronx,CBE E TAYLOR AVENUE - CASTLE HILL AVENUE
49.08,156,Staten Island,440 N FRANCIS STREET - WSE N TYRELLAN AVE
52.19,41,Brooklyn,VNB E-GOWANUS N BROOKLYN GANTRY LOWER LEVEL - 92ND STREET
0.0,0,Brooklyn,GOW N 9TH STREET - ATLANTIC AVENUE
17.39,281,Manhattan,LINCOLN TUNNEL W NORTH TUBE NY - NJ
9.32,637,Staten Island,SIE W FINGERBOARD ROAD - CLOVE ROAD
8.07,280,Manhattan,12th Ave S 57th St - 45th St
0.0,0,Bronx,BRP S FORDHAM ROAD - WATSON AVENUE
50.33,155,Queens,Laurelton Pkwy N @ SSP - CIP N Hempstead Tpk
56.54,136,Staten Island,WSE S TYRELLAN AVENUE - 440 S FRANCIS STREET
60.89,114,Staten Island,SIE W - WSE S SOUTH AVENUE - SOUTH AVENUE
16.15,665,Queens,CVE NB LIE - WILLETS PT BLVD
37.28,42,Staten Island,SIE E WOOLEY AVENUE - BRADLEY AVENUE
39.14,507,Manhattan,Westside Hwy N 57th St - GWB
54.05,79,Brooklyn,GOW S 7TH AVENUE - 92ND STREET
21.74,181,Staten Island,SIE E RICHMOND AVENUE - WOOLEY AVENUE
36.66,116,Brooklyn,GOW N 92ND STREET - 7TH AVENUE
40.38,137,Queens,Whitestone Expwy S Exit 14 (Linden Pl) - VWE S MP8.65 (Exit 13 Northern Blvd)
35.41,151,Queens,QMT W Toll Plaza - Manhattan Side
45.36,110,Queens,LIE E 84TH ST - 108TH ST
45.36,59,Queens,TNB S Qns Anchorage - CIP S @ TNB
60.27,266,Queens,CIP NB GCP - TNB
54.05,47,Bronx,CBE E TAYLOR AVENUE - CASTLE HILL AVENUE
54.68,125,Queens,TNB N Queens Anchorage - Toll Plaza
41.01,52,Brooklyn,GOW S VNB W 92ND STREET - BKLYN GANTRY UPPER LEVEL
54.68,114,Staten Island,WSE S BLLOMINGDALE ROAD - TYRELLAN AVENUE
21.74,247,Manhattan,11th ave n ganservoort - 12th ave @ 40th st
34.79,144,Manhattan,LINCOLN TUNNEL W NORTH TUBE NY - NJ
4.97,592,Manhattan,12th Ave N 40th - 57th St
0.0,0,Manhattan,BKN Bridge Manhattan Side - FDR N Catherine Slip
19.88,818,Queens,CVE NB GCP - WILLETS PT BLVD
45.98,100,Brooklyn,VNB W BROOKLYN GANTRY UPPER LEVEL - SI GANTRY UPPER LEVEL
54.05,144,Queens,Laurelton Pkwy N @ SSP - CIP N Hempstead Tpk
52.81,144,Staten Island,WSE S TYRELLAN AVENUE - 440 S FRANCIS STREET
52.81,142,Bronx,BE N Castle Hill Avenue - Griswold Ave
48.46,88,Brooklyn,GOW S 7TH AVENUE - 92ND STREET
54.68,167,Queens,Belt Pkwy E 182nd St - Laurelton Pkwy N @ SSP
42.25,110,Brooklyn,VNB E SI GANTRY UPPER LEVEL - BROOKLYN GANTRY UPPER LEVEL
52.19,145,Queens,CIP S Hempstead Tpk - Laurelton Pkwy @ SSP
50.33,85,Brooklyn,GOW N 92ND STREET - 7TH AVENUE
31.68,124,Staten Island,SIE E RICHMOND AVENUE - WOOLEY AVENUE
41.01,52,Staten Island,VNB W-SIE W SI GANTRY LOWER LEVEL - FINGERBOARD ROAD
49.7,219,Queens,CIP S LIE - Hempstead Tpk
0.0,0,Bronx,MDE N RFK Bridge - 142nd St
54.68,136,Bronx,BE N Castle Hill Avenue - Griswold Ave
41.01,135,Manhattan,LINCOLN TUNNEL W CENTER TUBE NY - NJ
8.07,764,Manhattan,12th ave @ 45th - 11 ave ganservoort st
0.0,0,Manhattan,BQE N Atlantic Ave - BKN Bridge Manhattan Side
62.13,63,Staten Island,SIE W WOOLEY AVENUE - RICHMOND AVENUE
50.33,153,Staten Island,WSE S TYRELLAN AVENUE - 440 S FRANCIS STREET
1.86,4218,Bronx,CBE W L/LE V AMSTERDAM AVE - I 95 S LOC LNS
41.01,56,Staten Island,SIE E VNB E FINGERBOARD ROAD - SI GANTRY LOWER LEVEL
1.24,1888,Bronx,CBE W CASTLE HILL AVENUE - TAYLOR AVENUE
0.0,0,Brooklyn,BQE S 46TH STREET - LEONARD STREET
36.03,249,Queens,VWE N MP4.63 (Exit 6 - Jamaica Ave) - MP6.39 (Exit 11 Jewel Ave)
58.4,128,Bronx,BE S Griswold - Castle Hill Avenue
26.71,159,Bronx,CBE AMSTERDAM AVE (L/LVL) - MORRIS AVE
52.19,131,Queens,TNB S Toll Plaza - Queens Anchorage
31.68,170,Queens,QMT W Toll Plaza - Manhattan Side
56.54,138,Staten Island,WSE N ARDEN AVENUE - VICTORY BLVD
42.25,50,Brooklyn,GOW S VNB W 92ND STREET - BKLYN GANTRY UPPER LEVEL
51.57,49,Bronx,BWB N Toll Plaza - HRP N Lafayatte Ave
44.11,104,Bronx,BE N STRATFORD AVENUE - CASTLE HILL AVE
11.8,465,Manhattan,LINCOLN TUNNEL E SOUTH TUBE - NJ - NY
21.74,461,Manhattan,FDR N Catherine Slip - 25th St
8.07,528,Bronx,CBE W MORRIS AVE - GWB W AMSTERDAM AVE (U/LVL)
58.4,91,Queens,VWE N MP6.39 (Exit 11 Jewel Ave) - MP8.65 (Exit 13 Northern Blvd)
41.63,215,Queens,VWE S MP6.39 (Exit 11 Jewel Ave) - MP4.63 (Exit 6 Jamaica Ave)
0.0,0,Manhattan,BQE N Atlantic Ave - MAN Bridge Manhattan Side
53.43,133,Brooklyn,BQE S 46TH STREET - LEONARD STREET
59.03,48,Staten Island,SIE W RICHMOND AVENUE - SOUTH AVENUE
36.66,196,Queens,MDE S TBB EXIT RAMP - QUEENS ANCHORAGE
48.46,95,Brooklyn,VNB E SI GANTRY UPPER LEVEL - BROOKLYN GANTRY UPPER LEVEL
43.49,57,Bronx,HRP S Lafayette Ave - BWB S Toll Plaza
29.82,168,Manhattan,LINCOLN TUNNEL W NORTH TUBE NY - NJ
50.95,49,Bronx,BWB N Toll Plaza - HRP N Lafayatte Ave
0.0,0,Staten Island,MLK S - SIE W WALKER STREET - RICHMOND AVENUE
0.0,0,Manhattan,LINCOLN TUNNEL W NORTH TUBE NY - NJ
57.16,103,Staten Island,SIE W FINGERBOARD ROAD - CLOVE ROAD
0.0,0,Staten Island,MLK S - SIE W WALKER STREET - RICHMOND AVENUE
23.61,110,Manhattan,BKN Bridge Manhattan Side - FDR N Catherine Slip
36.66,72,Staten Island,SIE E SOUTH AVENUE - RICHMOND AVENUE
47.22,98,Brooklyn,VNB W BROOKLYN GANTRY LOWER LEVEL - SI GANTRY LOWER LEVEL
57.16,103,Staten Island,SIE W FINGERBOARD ROAD - CLOVE ROAD
60.89,108,Staten Island,SIE E BRADLEY AVENUE - CLOVE ROAD
44.73,441,Manhattan,Westside Hwy N 57th St - GWB
33.55,136,Bronx,BE N STRATFORD AVENUE - CASTLE HILL AVE
59.03,103,Staten Island,WSE N-SIE E SOUTH AVENUE - SOUTH AVENUE
50.33,110,Queens,Whitestone Expwy S Exit 14 (Linden Pl) - VWE S MP8.65 (Exit 13 Northern Blvd)
53.43,87,Brooklyn,VNB E SI GANTRY LOWER LEVEL - BROOLKYN GANTRY LOWER LEVEL
67.1,77,Staten Island,WSE S ARDEN AVENUE - BLOOMINGDALE ROAD
47.22,157,Bronx,BE N Castle Hill Avenue - Griswold Ave
37.9,103,Queens,LIE WB LITTLE NECK PKWY - NB CIP
9.32,337,Manhattan,11th ave s ganservoort - west st @ spring st
42.25,54,Staten Island,SIE E VNB E FINGERBOARD ROAD - SI GANTRY UPPER LEVEL
52.19,75,Staten Island,SIE W WOOLEY AVENUE - RICHMOND AVENUE
0.0,0,Staten Island,MLK S - SIE E WALKER STREET - WOOLEY AVENUE
14.91,371,Manhattan,West St S Spring St - BBT Manhattan Portal outbound
0.0,0,Manhattan,GWB E LOWER LEVEL PLAZA - CBE E LOWER LEVEL AMSTERDAM AVE
56.54,78,Bronx,HRP N LAFAYETTE AVENUE - E TREMONT AVENUE
47.84,56,Queens,TNB S Qns Anchorage - CIP S @ TNB
44.73,53,Manhattan,FDR N - TBB E 116TH STREET - MANHATTAN TRUSS
0.0,0,Brooklyn,BQE S - GOW S ALTANTIC AVENUE - 9TH STREET
54.68,137,Staten Island,WSE N TYRELLAN AVENUE - BLOOMINGDALE ROAD
50.95,91,Brooklyn,VNB W BROOKLYN GANTRY LOWER LEVEL - SI GANTRY LOWER LEVEL
30.44,182,Bronx,BRP N WATSON AVENUE - FORDHAM ROAD
14.91,301,Bronx,MDE S HARLEM RIVER PARK - GWB W AMSTERDAM AVENUE LOWER LEVEL
14.29,475,Manhattan,FDR N 25th - 63rd St
8.07,308,Manhattan,FDR S Catherine Slip - BKN Bridge Manhattan Side
59.65,132,Staten Island,WSE S VICTORY BOULEVARD - ARDEN AVENUE
45.98,139,Queens,Whitestone Expwy N Exit 14 (Linden Pl) - BWB N Queens Anchorage
9.94,558,Manhattan,West St S Spring St - BBT Manhattan Portal outbound
11.18,486,Manhattan,LINCOLN TUNNEL W CENTER TUBE NY - NJ
0.0,0,Brooklyn,GOW N 9TH STREET - ATLANTIC AVENUE
49.08,102,Queens,LIE W 108TH ST - 84TH ST
0.0,0,Manhattan,LINCOLN TUNNEL E SOUTH TUBE - NJ - NY
53.43,100,Queens,VWE N MP6.39 (Exit 11 Jewel Ave) - MP8.65 (Exit 13 Northern Blvd)
44.11,59,Manhattan,FDR S Catherine Slip - BKN Bridge Manhattan Side
32.93,196,Queens,Whitestone Expwy N Exit 14 (Linden Pl) - BWB N Queens Anchorage
4.97,1199,Queens,Whitestone Expwy N Exit 14 (Linden Pl) - BWB N Queens Anchorage
34.79,274,Queens,LIE WB LITTLE NECK PKWY - NB CVE
0.0,0,Bronx,CBE E AMSTERDAM AVE(U/LVL) - MORRIS AVE
61.51,52,Staten Island,WSE N VICTORY BLVD - SOUTH AVENUE
46.6,54,Bronx,BWB N Toll Plaza - HRP N Lafayatte Ave
0.0,0,Staten Island,MLK S - SIE W WALKER STREET - RICHMOND AVENUE
53.43,53,Staten Island,WSE S SOUTH AVENUE - VICTORY BOULEVARD
45.36,86,Queens,LIE WB LITTLE NECK PKWY - NB CIP
0.0,0,Staten Island,ROUTE 169 S - MLK WALKER STREET
41.63,55,Staten Island,SIE E VNB E FINGERBOARD ROAD - SI GANTRY LOWER LEVEL
59.03,42,Bronx,CBE E TAYLOR AVENUE - CASTLE HILL AVENUE
41.01,267,Queens,CIP S LIE - Hempstead Tpk
31.68,321,Manhattan,FDR N Catherine Slip - 25th St
30.44,210,Manhattan,BBT W Toll Plaza - Manhattan Portal
54.05,82,Bronx,HRP N LAFAYETTE AVENUE - E TREMONT AVENUE
54.05,86,Bronx,BWB S Toll Plaza - Queens Anchorage
32.31,183,Staten Island,SIE W FINGERBOARD ROAD - CLOVE ROAD
31.06,252,Queens,Laurelton Pkwy N @ SSP - CIP N Hempstead Tpk
52.81,173,Queens,Laurelton Pkwy S @ SSP - Belt Pkwy W 182nd St
19.88,543,Queens,CIP N Hempstead Tpk - LIE
56.54,69,Staten Island,SIE W WOOLEY AVENUE - RICHMOND AVENUE
52.81,141,Bronx,BE N Castle Hill Avenue - Griswold Ave
0.0,0,Queens,BE S TBB EXIT RAMP - QUEENS ANCHORAGE
51.57,31,Staten Island,SIE E WOOLEY AVENUE - BRADLEY AVENUE
40.38,200,Queens,TBB N QUEENS ANCHORAGE - MANHATTAN LIFT SPAN
14.91,284,Bronx,CBE AMSTERDAM AVE (L/LVL) - MORRIS AVE
0.0,0,Brooklyn,BQE S - GOW S ALTANTIC AVENUE - 9TH STREET
7.45,544,Bronx,CBE W MORRIS AVE - GWB W AMSTERDAM AVE (L/LVL)
58.4,43,Bronx,CBE W CASTLE HILL AVENUE - TAYLOR AVENUE
30.44,274,Bronx,CBE W U/LEV AMSTERDAM AVE - I95 S EXP LNS
48.46,197,Queens,LIE WB LITTLE NECK PKWY - NB CVE
40.38,114,Queens,BWB N Queens Anchorage - Toll Plaza
0.0,0,Brooklyn,GOW N 9TH STREET - ATLANTIC AVENUE
16.77,267,Bronx,MDE S HARLEM RIVER PARK - GWB W AMSTERDAM AVENUE LOWER LEVEL
47.84,45,Brooklyn,VNB E-GOWANUS N BROOKLYN GANTRY LOWER LEVEL - 92ND STREET
49.7,93,Brooklyn,VNB E SI GANTRY UPPER LEVEL - BROOKLYN GANTRY UPPER LEVEL
59.03,79,Bronx,BE N STRATFORD AVENUE - CASTLE HILL AVE
0.0,0,Manhattan,BQE N Atlantic Ave - MAN Bridge Manhattan Side
0.0,0,Brooklyn,GOW N 9TH STREET - ATLANTIC AVENUE
49.08,43,Brooklyn,VNB E-GOWANUS N BROOKLYN GANTRY LOWER LEVEL - 92ND STREET
54.68,115,Staten Island,WSE S BLLOMINGDALE ROAD - TYRELLAN AVENUE
16.77,432,Manhattan,GWB E LOWER LEVEL PLAZA - CBE E LOWER LEVEL AMSTERDAM AVE
28.58,88,Bronx,CBE W CASTLE HILL AVENUE - TAYLOR AVENUE
43.49,49,Brooklyn,VNB E-GOWANUS N BROOKLYN GANTRY UPPER LEVEL - 92ND STREET
6.83,467,Manhattan,11th ave s ganservoort - west st @ spring st
13.67,471,Manhattan,BBT W Toll Plaza - Manhattan Portal
59.03,118,Staten Island,SIE W - WSE S SOUTH AVENUE - SOUTH AVENUE
17.39,386,Queens,VWE S MP4.63 (Exit 6 Jamaica Ave) - MP2.66 (Exit 2 Roackaway Blvd)
45.36,87,Queens,LIE WB LITTLE NECK PKWY - NB CIP
13.67,435,Staten Island,WSE N-SIE E SOUTH AVENUE - SOUTH AVENUE
0.0,0,Manhattan,BQE N Atlantic Ave - BKN Bridge Manhattan Side
4.34,1114,Manhattan,11th ave n ganservoort - 12th ave @ 40th st
49.7,167,Bronx,CBE E CASTLE HILL AVE - BE N WATERBURY AVE
55.3,109,Staten Island,WSE N-SIE E SOUTH AVENUE - SOUTH AVENUE
8.07,674,Manhattan,LINCOLN TUNNEL E SOUTH TUBE - NJ - NY
51.57,52,Staten Island,SIE E SOUTH AVENUE - RICHMOND AVENUE
43.49,49,Brooklyn,GOW S VNB W 92ND STREET - BKLYN GANTRY UPPER LEVEL
22.99,546,Brooklyn,GOW N 7TH AVENUE - 9TH STREET
0.0,0,Brooklyn,BQE S - GOW S ALTANTIC AVENUE - 9TH STREET
39.76,178,Brooklyn,BQE N LEONARD STREET - 46TH STREET
0.0,0,Queens,BE S TBB EXIT RAMP - QUEENS ANCHORAGE
51.57,55,Staten Island,WSE S SOUTH AVENUE - VICTORY BOULEVARD
27.34,169,Brooklyn,VNB E SI GANTRY UPPER LEVEL - BROOKLYN GANTRY UPPER LEVEL
42.25,257,Queens,CVE NB LIE - WILLETS PT BLVD
40.38,115,Brooklyn,VNB E SI GANTRY UPPER LEVEL - BROOKLYN GANTRY UPPER LEVEL
49.7,43,Brooklyn,GOW S VNB W 92ND STREET - BKLYN GANTRY UPPER LEVEL
51.57,173,Queens,VWE N MP4.63 (Exit 6 - Jamaica Ave) - MP6.39 (Exit 11 Jewel Ave)
40.38,53,Staten island,VNB W-SIE W SI GANTRY UPPER LEVEL - FINGERBOARD ROAD
52.81,139,Manhattan,GWB E LOWER LEVEL PLAZA - CBE E LOWER LEVEL AMSTERDAM AVE
56.54,88,Staten Island,WSE N BLOOMUINGDALE ROAD - ARDEN AVENUE
16.15,1226,Manhattan,Westside Hwy N 57th St - GWB
0.0,0,Staten Island,SIE E-MLK N RICHMOND AVENUE - WALKER STREET
25.47,268,Queens,TNB S Toll Plaza - Queens Anchorage
37.28,71,Queens,TNB S Qns Anchorage - CIP S @ TNB
14.91,154,Manhattan,FDR N - TBB E 116TH STREET - MANHATTAN TRUSS
51.57,99,Bronx,MDE N RFK Bridge - 142nd St
19.88,345,Manhattan,FDR S 63rd - 25th St
0.0,0,Brooklyn,BQE S - GOW S ALTANTIC AVENUE - 9TH STREET
13.67,450,Manhattan,12th ave @ 45th - 11 ave ganservoort st
21.74,415,Queens,Belt Pkwy E 182nd St - Laurelton Pkwy N @ SSP
11.8,459,Manhattan,11th ave n ganservoort - 12th ave @ 40th st
51.57,104,Queens,VWE S MP8.65 (Exit 13 Northern Blvd) - MP6.39 (Exit 11 Jewel Ave)
46.6,46,Brooklyn,GOW S VNB W 92ND STREET - BKLYN GANTRY UPPER LEVEL
57.78,120,Staten Island,SIE W - WSE S SOUTH AVENUE - SOUTH AVENUE
53.43,301,Queens,CIP NB GCP - TNB
52.81,104,Staten Island,SIE E CLOVE ROAD - FINGERBOARD ROAD
30.44,175,Queens,QMT W Toll Plaza - Manhattan Side
37.9,181,Queens,VWE S MP4.63 (Exit 6 Jamaica Ave) - MP2.66 (Exit 2 Roackaway Blvd)
53.43,100,Queens,VWE N MP6.39 (Exit 11 Jewel Ave) - MP8.65 (Exit 13 Northern Blvd)
59.03,271,Queens,CIP NB GCP - TNB
21.12,591,Brooklyn,GOW S 9TH STREET - 7TH AVENUE
58.4,134,Staten Island,WSE S VICTORY BOULEVARD - ARDEN AVENUE
27.96,390,Queens,CIP N Hempstead Tpk - LIE
64.62,50,Staten Island,WSE N VICTORY BLVD - SOUTH AVENUE
45.36,224,Manhattan,FDR S 25th St - Catherine Slip
34.79,312,Queens,CIP N Hempstead Tpk - LIE
48.46,52,Bronx,CBE W CASTLE HILL AVENUE - TAYLOR AVENUE
45.98,167,Staten Island,WSE S TYRELLAN AVENUE - 440 S FRANCIS STREET
58.4,140,Bronx,I-87 NYST S Exit 1 - MDE S Van Cortlandt Park
67.72,76,Staten Island,WSE S ARDEN AVENUE - BLOOMINGDALE ROAD
47.84,96,Brooklyn,VNB W BROOKLYN GANTRY LOWER LEVEL - SI GANTRY LOWER LEVEL
48.46,91,Bronx,HRP N LAFAYETTE AVENUE - E TREMONT AVENUE
50.95,140,Brooklyn,BQE N LEONARD STREET - 46TH STREET
23.61,107,Bronx,CBE W CASTLE HILL AVENUE - TAYLOR AVENUE
45.98,256,Queens,CIP N LIE ramp - TNB
21.12,483,Manhattan,FDR S 25th St - Catherine Slip
38.52,62,Manhattan,FDR N - TBB E 116TH STREET - MANHATTAN TRUSS
52.19,120,Staten Island,WSE S BLLOMINGDALE ROAD - TYRELLAN AVENUE
41.01,65,Staten Island,SIE E SOUTH AVENUE - RICHMOND AVENUE
37.28,115,Bronx,CBE W MORRIS AVE - GWB W AMSTERDAM AVE (L/LVL)
47.22,251,Queens,CIP N LIE ramp - TNB
0.0,0,Manhattan,LINCOLN TUNNEL E CENTER TUBE NJ - NY
0.0,0,Manhattan,12th ave @ 45th - 11 ave ganservoort st
49.08,239,Queens,CIP N LIE ramp - TNB
8.69,293,Bronx,CBE W CASTLE HILL AVENUE - TAYLOR AVENUE
39.76,116,Brooklyn,VNB W BROOKLYN GANTRY UPPER LEVEL - SI GANTRY UPPER LEVEL
51.57,146,Staten Island,WSE N TYRELLAN AVENUE - BLOOMINGDALE ROAD
0.0,0,Brooklyn,GOW N 9TH STREET - ATLANTIC AVENUE
45.98,221,Manhattan,FDR N Catherine Slip - 25th St
0.0,0,Staten Island,MLK S - SIE W WALKER STREET - RICHMOND AVENUE
27.96,232,Manhattan,BBT E Manhattan Portal - Toll Plaza
51.57,147,Queens,CIP S Hempstead Tpk - Laurelton Pkwy @ SSP
0.0,0,Staten Island,MLK S - SIE W WALKER STREET - RICHMOND AVENUE
21.74,295,Manhattan,BBT W Toll Plaza - Manhattan Portal
43.49,98,Brooklyn,GOW S 7TH AVENUE - 92ND STREET
31.06,142,Bronx,MDE S HARLEM RIVER PARK - GWB W AMSTERDAM AVENUE LOWER LEVEL
54.68,72,Staten Island,SIE E RICHMOND AVENUE - WOOLEY AVENUE
49.08,52,Bronx,CBE W CASTLE HILL AVENUE - TAYLOR AVENUE
37.9,61,Staten Island,SIE E VNB E FINGERBOARD ROAD - SI GANTRY LOWER LEVEL
22.99,476,Queens,CIP N Hempstead Tpk - LIE
8.69,1404,Queens,Belt Pkwy W JFK Expressway - VWE N Jamaica Ave
33.55,137,Brooklyn,VNB W BROOKLYN GANTRY LOWER LEVEL - SI GANTRY LOWER LEVEL
18.01,450,Bronx,I-87 NYST S Exit 1 - MDE S Van Cortlandt Park
55.3,106,Staten Island,SIE W FINGERBOARD ROAD - CLOVE ROAD
13.04,399,Manhattan,QMT E Manhattan Side - Toll Plaza
32.93,244,Queens,TBB N QUEENS ANCHORAGE - MANHATTAN LIFT SPAN
54.05,139,Bronx,BE N Castle Hill Avenue - Griswold Ave
55.92,137,Staten Island,440 N FRANCIS STREET - WSE N TYRELLAN AVE
47.84,246,Queens,CIP N LIE ramp - TNB
9.32,288,Queens,TNB S Qns Anchorage - CIP S @ TNB
61.51,178,Queens,CIP N Hempstead Tpk - LIE
57.78,68,Staten Island,SIE E RICHMOND AVENUE - WOOLEY AVENUE
57.78,67,Staten Island,SIE W WOOLEY AVENUE - RICHMOND AVENUE
6.83,1610,Queens,CIP N TNB - Whitestone Expwy S Exit 14 (Linden Pl)
59.03,24,Staten Island,SIE W BRADLEY AVENUE - WOOLEY AVENUE
37.9,146,Queens,Whitestone Expwy S Exit 14 (Linden Pl) - VWE S MP8.65 (Exit 13 Northern Blvd)
0.0,0,Staten Island,MLK S - SIE E WALKER STREET - WOOLEY AVENUE
41.63,200,Bronx,CBE E CASTLE HILL AVE - BE N WATERBURY AVE
49.7,85,Brooklyn,GOW N 92ND STREET - 7TH AVENUE
0.0,0,Staten Island,WSE S TYRELLAN AVENUE - 440 S FRANCIS STREET
0.0,0,Bronx,BRP S FORDHAM ROAD - WATSON AVENUE
13.04,323,Bronx,CBE AMSTERDAM AVE (L/LVL) - MORRIS AVE
14.91,416,Manhattan,12th ave @ 45th - 11 ave ganservoort st
38.52,265,Manhattan,FDR S 25th St - Catherine Slip
18.64,283,Queens,VWE N MP6.39 (Exit 11 Jewel Ave) - MP8.65 (Exit 13 Northern Blvd)
45.98,253,Queens,CIP N TNB - Whitestone Expwy S Exit 14 (Linden Pl)
53.43,86,Bronx,BWB S Toll Plaza - Queens Anchorage
0.0,0,Queens,BE S TBB EXIT RAMP - QUEENS ANCHORAGE
49.7,139,Queens,VWE S MP4.63 (Exit 6 Jamaica Ave) - MP2.66 (Exit 2 Roackaway Blvd)
8.69,644,Manhattan,West St S Spring St - BBT Manhattan Portal outbound
0.0,0,Manhattan,BQE N Atlantic Ave - MAN Bridge Manhattan Side
45.98,96,Bronx,BE S CASTLE HILL AVENUE - STRATFORD AVENUE
47.22,162,Staten Island,WSE S TYRELLAN AVENUE - 440 S FRANCIS STREET
0.0,0,Brooklyn,GOW N 7TH AVENUE - 9TH STREET
42.87,168,Queens,MDE S TBB EXIT RAMP - QUEENS ANCHORAGE
36.66,297,Queens,CVE NB LIE - WILLETS PT BLVD
52.81,50,Staten Island,SIE E SOUTH AVENUE - RICHMOND AVENUE
45.98,111,Bronx,MDE N RFK Bridge - 142nd St
62.75,62,Staten Island,SIE W WOOLEY AVENUE - RICHMOND AVENUE
7.45,861,Manhattan,12th ave @ 45th - 11 ave ganservoort st
21.74,380,Bronx,CBE E CASTLE HILL AVE - BE N WATERBURY AVE
0.0,0,Staten Island,SIE W - MLK N WOOLEY AVENUE - WLAKER STREET
18.01,237,Bronx,CBE W MORRIS AVE - GWB W AMSTERDAM AVE (U/LVL)
13.04,542,Queens,TBB N QUEENS ANCHORAGE - BE N
48.46,222,Queens,VWE S MP2.66 (Exit 2 Rockaway Blvd) - Belt Pkwy E 182nd St
0.0,0,Staten Island,ROUTE 169 S - MLK WALKER STREET
4.97,842,Bronx,CBE W MORRIS AVE - GWB W AMSTERDAM AVE (U/LVL)
0.0,0,Bronx,BRP S FORDHAM ROAD - WATSON AVENUE
11.18,563,Manhattan,BBT E Manhattan Portal - Toll Plaza
14.29,181,Staten Island,SIE E SOUTH AVENUE - RICHMOND AVENUE
46.6,99,Brooklyn,VNB E SI GANTRY UPPER LEVEL - BROOKLYN GANTRY UPPER LEVEL
46.6,99,Queens,BWB N Queens Anchorage - Toll Plaza
39.76,94,Queens,Belt Pkwy W 182nd St - JFK Expressway
56.54,94,Queens,VWE S MP8.65 (Exit 13 Northern Blvd) - MP6.39 (Exit 11 Jewel Ave)
6.21,1240,Queens,TBB N QUEENS ANCHORAGE - MANHATTAN LIFT SPAN
56.54,113,Queens,BWB S Queens Anchorage - WSE S Exit 14 (Linden Pl)
53.43,86,Brooklyn,VNB W BROOKLYN GANTRY LOWER LEVEL - SI GANTRY LOWER LEVEL
16.15,446,Queens,TBB N QUEENS ANCHORAGE - BE N
53.43,144,Staten Island,WSE S TYRELLAN AVENUE - 440 S FRANCIS STREET
9.32,593,Manhattan,West St S Spring St - BBT Manhattan Portal outbound
54.05,119,Queens,BWB S Queens Anchorage - WSE S Exit 14 (Linden Pl)
0.0,0,Staten Island,MLK N WALKER STREET - NJ ROUTE 169
37.9,130,Queens,LIE W 108TH ST - 84TH ST
19.26,125,Manhattan,TBB W - FDR S MANHATTAN TRUSS - E116TH STREET
41.01,74,Queens,BE S TBB EXIT RAMP - MANHATTAN LIFT SPAN
47.84,104,Queens,LIE W 108TH ST - 84TH ST
9.94,522,Manhattan,11th ave n ganservoort - 12th ave @ 40th st
51.57,41,Brooklyn,VNB E-GOWANUS N BROOKLYN GANTRY LOWER LEVEL - 92ND STREET
35.41,71,Bronx,BWB N Toll Plaza - HRP N Lafayatte Ave
6.83,621,Bronx,MDE S HARLEM RIVER PARK - GWB W AMSTERDAM AVENUE LOWER LEVEL
13.04,348,Bronx,BWB S Toll Plaza - Queens Anchorage
49.08,43,Staten island,VNB W-SIE W SI GANTRY UPPER LEVEL - FINGERBOARD ROAD
18.01,371,Queens,TNB S Toll Plaza - Queens Anchorage
16.77,317,Manhattan,QMT E Manhattan Side - Toll Plaza
51.57,121,Staten Island,WSE S BLLOMINGDALE ROAD - TYRELLAN AVENUE
55.3,166,Queens,Belt Pkwy E 182nd St - Laurelton Pkwy N @ SSP
20.5,428,Queens,VWE N MP4.63 (Exit 6 - Jamaica Ave) - MP6.39 (Exit 11 Jewel Ave)
45.36,47,Brooklyn,VNB E-GOWANUS N BROOKLYN GANTRY LOWER LEVEL - 92ND STREET
18.64,244,Bronx,BWB S Toll Plaza - Queens Anchorage
38.52,41,Staten Island,SIE E WOOLEY AVENUE - BRADLEY AVENUE
14.29,226,Manhattan,12th Ave N 40th - 57th St
49.08,94,Brooklyn,VNB W BROOKLYN GANTRY LOWER LEVEL - SI GANTRY LOWER LEVEL
56.54,113,Queens,BWB S Queens Anchorage - WSE S Exit 14 (Linden Pl)
19.88,249,Queens,LIE E 84TH ST - 108TH ST
21.74,324,Brooklyn,BQE N LEONARD STREET - 46TH STREET
16.77,325,Manhattan,LINCOLN TUNNEL E SOUTH TUBE - NJ - NY
52.81,88,Bronx,BE N STRATFORD AVENUE - CASTLE HILL AVE
0.0,0,Brooklyn,BQE S - GOW S ALTANTIC AVENUE - 9TH STREET
45.36,47,Brooklyn,VNB E-GOWANUS N BROOKLYN GANTRY LOWER LEVEL - 92ND STREET
16.15,305,Manhattan,LINCOLN TUNNEL W NORTH TUBE NY - NJ
23.61,345,Bronx,CBE W U/LEV AMSTERDAM AVE - I95 S EXP LNS
47.22,108,Bronx,MDE N RFK Bridge - 142nd St
57.16,87,Queens,LIE E 84TH ST - 108TH ST
17.39,171,Queens,BE S TBB EXIT RAMP - MANHATTAN LIFT SPAN
26.71,186,Manhattan,LINCOLN TUNNEL W NORTH TUBE NY - NJ
12.42,346,Bronx,CBE W MORRIS AVE - GWB W AMSTERDAM AVE (U/LVL)
0.0,0,Staten Island,SIE E-MLK N RICHMOND AVENUE - WALKER STREET
41.63,154,Queens,Whitestone Expwy N Exit 14 (Linden Pl) - BWB N Queens Anchorage
0.0,0,Staten Island,SIE W - MLK N WOOLEY AVENUE - WLAKER STREET
27.34,299,Bronx,I-87 NYST S Exit 1 - MDE S Van Cortlandt Park
4.97,1653,Bronx,CBE W L/LE V AMSTERDAM AVE - I 95 S LOC LNS
30.44,175,Queens,QMT W Toll Plaza - Manhattan Side
50.95,91,Bronx,BWB S Toll Plaza - Queens Anchorage
0.0,0,Staten Island,MLK S - SIE E WALKER STREET - WOOLEY AVENUE
15.53,210,Manhattan,12th Ave N 40th - 57th St
39.76,99,Queens,LIE WB LITTLE NECK PKWY - NB CIP
56.54,117,Staten Island,SIE E BRADLEY AVENUE - CLOVE ROAD
19.88,232,Bronx,BE N STRATFORD AVENUE - CASTLE HILL AVE
47.84,89,Bronx,CBE E AMSTERDAM AVE(U/LVL) - MORRIS AVE
55.92,99,Staten Island,SIE E CLOVE ROAD - FINGERBOARD ROAD
57.78,141,Bronx,I-87 NYST S Exit 1 - MDE S Van Cortlandt Park
33.55,71,Manhattan,TBB W - FDR S MANHATTAN TRUSS - E116TH STREET
11.18,196,Manhattan,12th Ave S 57th St - 45th St
59.03,118,Staten Island,SIE W - WSE S SOUTH AVENUE - SOUTH AVENUE
49.7,107,Queens,VWE N MP6.39 (Exit 11 Jewel Ave) - MP8.65 (Exit 13 Northern Blvd)
57.16,87,Staten Island,WSE N BLOOMUINGDALE ROAD - ARDEN AVENUE
30.44,128,Queens,LIE WB LITTLE NECK PKWY - NB CIP
48.46,95,Brooklyn,VNB W BROOKLYN GANTRY UPPER LEVEL - SI GANTRY UPPER LEVEL
14.91,352,Queens,VWE S MP8.65 (Exit 13 Northern Blvd) - MP6.39 (Exit 11 Jewel Ave)
0.0,0,Brooklyn,GOW S 9TH STREET - 7TH AVENUE
24.85,302,Bronx,BE N Castle Hill Avenue - Griswold Ave
43.49,49,Brooklyn,GOW S VNB W 92ND STREET - BKLYN GANTRY UPPER LEVEL
36.66,314,Queens,CIP N TNB - Whitestone Expwy S Exit 14 (Linden Pl)
19.88,217,Bronx,MDE S HARLEM RIVER PARK - GWB W AMSTERDAM AVENUE UPPER LEVEL
26.09,81,Staten island,VNB W-SIE W SI GANTRY UPPER LEVEL - FINGERBOARD ROAD
55.3,90,Staten Island,WSE N BLOOMUINGDALE ROAD - ARDEN AVENUE
0.0,0,Staten Island,MLK S - SIE E WALKER STREET - WOOLEY AVENUE
49.08,135,Staten Island,SIE E BRADLEY AVENUE - CLOVE ROAD
0.0,0,Staten Island,MLK S - SIE E WALKER STREET - WOOLEY AVENUE
3.1,1323,Bronx,CBE W MORRIS AVE - GWB W AMSTERDAM AVE (L/LVL)
0.0,0,Brooklyn,GOW S 9TH STREET - 7TH AVENUE
54.05,142,Staten Island,440 N FRANCIS STREET - WSE N TYRELLAN AVE
44.11,217,Queens,LIE WB LITTLE NECK PKWY - NB CVE
37.28,191,Brooklyn,BQE N LEONARD STREET - 46TH STREET
46.6,119,Bronx,BRP N WATSON AVENUE - FORDHAM ROAD
4.97,452,Manhattan,12th Ave S 57th St - 45th St
36.66,176,Manhattan,BBT W Toll Plaza - Manhattan Portal
21.74,120,Manhattan,BKN Bridge Manhattan Side - FDR N Catherine Slip
0.0,0,Brooklyn,GOW N 9TH STREET - ATLANTIC AVENUE
44.11,89,Queens,LIE WB LITTLE NECK PKWY - NB CIP
41.63,55,Staten Island,SIE E VNB E FINGERBOARD ROAD - SI GANTRY LOWER LEVEL
29.82,130,Staten Island,SIE W WOOLEY AVENUE - RICHMOND AVENUE
20.5,238,Manhattan,LINCOLN TUNNEL W NORTH TUBE NY - NJ
35.41,125,Bronx,BE S CASTLE HILL AVENUE - STRATFORD AVENUE
11.18,292,Manhattan,12th Ave N 40th - 57th St
44.11,48,Brooklyn,GOW S VNB W 92ND STREET - BKLYN GANTRY UPPER LEVEL
35.41,302,Queens,VWE S MP2.66 (Exit 2 Rockaway Blvd) - Belt Pkwy E 182nd St
47.22,163,Staten Island,440 N FRANCIS STREET - WSE N TYRELLAN AVE
55.3,90,Queens,LIE W 108TH ST - 84TH ST
49.7,107,Queens,VWE N MP6.39 (Exit 11 Jewel Ave) - MP8.65 (Exit 13 Northern Blvd)
60.27,115,Staten Island,SIE W - WSE S SOUTH AVENUE - SOUTH AVENUE
55.3,100,Staten Island,SIE E CLOVE ROAD - FINGERBOARD ROAD
4.34,687,Manhattan,11th ave s ganservoort - west st @ spring st
0.0,0,Staten Island,ROUTE 169 S - MLK WALKER STREET
26.71,399,Queens,VWE S MP2.66 (Exit 2 Rockaway Blvd) - Belt Pkwy E 182nd St
52.19,48,Bronx,BWB N Toll Plaza - HRP N Lafayatte Ave
55.92,95,Queens,VWE S MP8.65 (Exit 13 Northern Blvd) - MP6.39 (Exit 11 Jewel Ave)
0.0,0,Brooklyn,GOW N 9TH STREET - ATLANTIC AVENUE
0.0,0,Staten Island,MLK N WALKER STREET - NJ ROUTE 169
54.05,98,Queens,VWE N MP6.39 (Exit 11 Jewel Ave) - MP8.65 (Exit 13 Northern Blvd)
31.68,124,Queens,LIE WB LITTLE NECK PKWY - NB CIP
24.23,364,Queens,VWE S MP6.39 (Exit 11 Jewel Ave) - MP4.63 (Exit 6 Jamaica Ave)
8.07,2459,Manhattan,Westside Hwy S GWB - 57th St
5.59,387,Manhattan,12th Ave S 57th St - 45th St
45.98,101,Brooklyn,VNB E SI GANTRY LOWER LEVEL - BROOLKYN GANTRY LOWER LEVEL
52.81,87,Brooklyn,VNB W BROOKLYN GANTRY LOWER LEVEL - SI GANTRY LOWER LEVEL
43.49,265,Queens,CIP N TNB - Whitestone Expwy S Exit 14 (Linden Pl)
55.92,134,Staten Island,WSE N TYRELLAN AVENUE - BLOOMINGDALE ROAD
36.03,267,Queens,LIE WB LITTLE NECK PKWY - NB CVE
55.92,137,Staten Island,440 N FRANCIS STREET - WSE N TYRELLAN AVE
57.78,287,Queens,CVE NB GCP - WILLETS PT BLVD
38.52,113,Bronx,MDE S HARLEM RIVER PARK - GWB W AMSTERDAM AVENUE UPPER LEVEL
9.94,424,Bronx,CBE E AMSTERDAM AVE(U/LVL) - MORRIS AVE
45.98,46,Brooklyn,VNB E-GOWANUS N BROOKLYN GANTRY UPPER LEVEL - 92ND STREET
50.33,92,Brooklyn,VNB E SI GANTRY LOWER LEVEL - BROOLKYN GANTRY LOWER LEVEL
0.0,0,Manhattan,BQE N Atlantic Ave - BKN Bridge Manhattan Side
8.69,564,Bronx,MDE N RFK Bridge - 142nd St
52.81,122,Queens,BWB S Queens Anchorage - WSE S Exit 14 (Linden Pl)
53.43,87,Brooklyn,VNB W BROOKLYN GANTRY UPPER LEVEL - SI GANTRY UPPER LEVEL
31.68,136,Bronx,MDE S HARLEM RIVER PARK - GWB W AMSTERDAM AVENUE UPPER LEVEL
54.68,213,Queens,CIP N TNB - Whitestone Expwy S Exit 14 (Linden Pl)
6.83,593,Bronx,CBE W MORRIS AVE - GWB W AMSTERDAM AVE (L/LVL)
24.85,120,Queens,BE S TBB EXIT RAMP - MANHATTAN LIFT SPAN
51.57,90,Brooklyn,VNB W BROOKLYN GANTRY LOWER LEVEL - SI GANTRY LOWER LEVEL
50.95,211,Queens,VWE S MP2.66 (Exit 2 Rockaway Blvd) - Belt Pkwy E 182nd St
15.53,533,Bronx,CBE W L/LE V AMSTERDAM AVE - I 95 S LOC LNS
46.6,191,Queens,VWE S MP6.39 (Exit 11 Jewel Ave) - MP4.63 (Exit 6 Jamaica Ave)
51.57,76,Staten Island,SIE E RICHMOND AVENUE - WOOLEY AVENUE
51.57,90,Bronx,BWB S Toll Plaza - Queens Anchorage
0.0,0,Staten Island,SIE W - MLK N WOOLEY AVENUE - WLAKER STREET
0.0,0,Bronx,CBE W L/LE V AMSTERDAM AVE - I 95 S LOC LNS
0.0,0,Queens,VWE N MP4.63 (Exit 6 - Jamaica Ave) - MP6.39 (Exit 11 Jewel Ave)
58.4,67,Staten Island,SIE W WOOLEY AVENUE - RICHMOND AVENUE
0.0,0,Bronx,MDE N RFK Bridge - 142nd St
27.34,259,Brooklyn,BQE S 46TH STREET - LEONARD STREET
0.0,0,Brooklyn,GOW N 7TH AVENUE - 9TH STREET
42.25,130,Bronx,BRP N WATSON AVENUE - FORDHAM ROAD
36.66,177,Manhattan,BBT E Manhattan Portal - Toll Plaza
31.06,221,Manhattan,FDR N 25th - 63rd St
21.12,260,Queens,Whitestone Expwy S Exit 14 (Linden Pl) - VWE S MP8.65 (Exit 13 Northern Blvd)
21.74,230,Queens,LIE W 108TH ST - 84TH ST
43.49,249,Queens,VWE S MP2.66 (Exit 2 Rockaway Blvd) - Belt Pkwy E 182nd St
0.0,0,Bronx,CBE W L/LE V AMSTERDAM AVE - I 95 S LOC LNS
57.78,118,Queens,TNB S Toll Plaza - Queens Anchorage
14.91,285,Bronx,CBE AMSTERDAM AVE (L/LVL) - MORRIS AVE
18.64,537,Manhattan,FDR S 25th St - Catherine Slip
31.68,279,Queens,VWE N MP4.63 (Exit 6 - Jamaica Ave) - MP6.39 (Exit 11 Jewel Ave)
44.11,52,Staten Island,SIE E VNB E FINGERBOARD ROAD - SI GANTRY UPPER LEVEL
31.06,125,Queens,LIE WB LITTLE NECK PKWY - NB CIP
51.57,48,Bronx,BWB N Toll Plaza - HRP N Lafayatte Ave
19.88,503,Manhattan,FDR S 25th St - Catherine Slip
41.01,125,Bronx,MDE N RFK Bridge - 142nd St
56.54,44,Bronx,CBE W CASTLE HILL AVENUE - TAYLOR AVENUE
8.07,702,Manhattan,West St S Spring St - BBT Manhattan Portal outbound
43.49,49,Brooklyn,VNB E-GOWANUS N BROOKLYN GANTRY UPPER LEVEL - 92ND STREET
61.51,128,Staten Island,WSE S VICTORY BOULEVARD - ARDEN AVENUE
26.71,376,Manhattan,FDR S 25th St - Catherine Slip
45.98,164,Queens,TBB S MANHATTAN LIFT SPAN - QUEENS ANCHORAGE
51.57,121,Staten Island,WSE S BLLOMINGDALE ROAD - TYRELLAN AVENUE
5.59,928,Manhattan,11th ave n ganservoort - 12th ave @ 40th st
21.12,390,Bronx,CBE W U/LEV AMSTERDAM AVE - I95 S EXP LNS
65.86,49,Staten Island,WSE N VICTORY BLVD - SOUTH AVENUE
50.95,126,Queens,Whitestone Expwy N Exit 14 (Linden Pl) - BWB N Queens Anchorage
29.82,184,Bronx,BRP N WATSON AVENUE - FORDHAM ROAD
45.98,66,Queens,BE S TBB EXIT RAMP - MANHATTAN LIFT SPAN
24.23,339,Bronx,CBE W U/LEV AMSTERDAM AVE - I95 S EXP LNS
55.92,79,Bronx,BE S CASTLE HILL AVENUE - STRATFORD AVENUE
48.46,48,Staten Island,SIE E VNB E FINGERBOARD ROAD - SI GANTRY UPPER LEVEL
16.77,193,Manhattan,11th ave s ganservoort - west st @ spring st
39.14,302,Queens,CIP N LIE ramp - TNB
24.85,331,Bronx,CBE W U/LEV AMSTERDAM AVE - I95 S EXP LNS
5.59,686,Brooklyn,BQE S - GOW S ALTANTIC AVENUE - 9TH STREET
45.98,162,Bronx,BE S Griswold - Castle Hill Avenue
43.49,233,Manhattan,FDR S 25th St - Catherine Slip
48.46,81,Staten Island,SIE E RICHMOND AVENUE - WOOLEY AVENUE
45.36,122,Manhattan,LINCOLN TUNNEL E CENTER TUBE NJ - NY
35.41,234,Bronx,CBE W U/LEV AMSTERDAM AVE - I95 S EXP LNS
57.78,189,Queens,CIP N Hempstead Tpk - LIE
0.0,0,Queens,LIE E 84TH ST - 108TH ST
0.0,0,Brooklyn,BQE S - GOW S ALTANTIC AVENUE - 9TH STREET
21.74,247,Manhattan,QMT E Manhattan Side - Toll Plaza
32.93,486,Queens,CIP NB GCP - TNB
41.01,289,Queens,CIP N LIE ramp - TNB
0.0,0,Brooklyn,GOW N 9TH STREET - ATLANTIC AVENUE
51.57,76,Staten Island,SIE E RICHMOND AVENUE - WOOLEY AVENUE
49.08,80,Staten Island,SIE E RICHMOND AVENUE - WOOLEY AVENUE
42.25,50,Staten Island,VNB W-SIE W SI GANTRY LOWER LEVEL - FINGERBOARD ROAD
16.15,350,Manhattan,West St S Spring St - BBT Manhattan Portal outbound
14.29,166,Manhattan,FDR N - TBB E 116TH STREET - MANHATTAN TRUSS
62.75,82,Staten Island,WSE S ARDEN AVENUE - BLOOMINGDALE ROAD
26.09,385,Manhattan,FDR S 25th St - Catherine Slip
14.29,485,Brooklyn,BQE N LEONARD STREET - 46TH STREET
39.14,280,Queens,CVE NB LIE - WILLETS PT BLVD
42.25,50,Staten island,VNB W-SIE W SI GANTRY UPPER LEVEL - FINGERBOARD ROAD
57.78,49,Staten Island,SIE W RICHMOND AVENUE - SOUTH AVENUE
0.0,0,Staten Island,SIE W - MLK N WOOLEY AVENUE - WLAKER STREET
47.84,96,Brooklyn,VNB E SI GANTRY LOWER LEVEL - BROOLKYN GANTRY LOWER LEVEL
52.81,87,Brooklyn,VNB W BROOKLYN GANTRY UPPER LEVEL - SI GANTRY UPPER LEVEL
42.87,51,Queens,CIP N ramp to TNB - TNB Queens Anchorage
51.57,133,Queens,TNB N Queens Anchorage - Toll Plaza
51.57,148,Staten Island,440 N FRANCIS STREET - WSE N TYRELLAN AVE
0.0,0,Staten Island,ROUTE 169 S - MLK WALKER STREET
47.22,163,Staten Island,440 N FRANCIS STREET - WSE N TYRELLAN AVE
12.42,562,Manhattan,BQE N Atlantic Ave - BKN Bridge Manhattan Side
9.94,434,Bronx,MDE S HARLEM RIVER PARK - GWB W AMSTERDAM AVENUE UPPER LEVEL
31.68,76,Manhattan,TBB W - FDR S MANHATTAN TRUSS - E116TH STREET
30.44,163,Queens,LIE E 84TH ST - 108TH ST
0.0,0,Brooklyn,GOW S 9TH STREET - 7TH AVENUE
49.08,155,Queens,CIP S Hempstead Tpk - Laurelton Pkwy @ SSP
52.19,145,Queens,CIP S Hempstead Tpk - Laurelton Pkwy @ SSP
46.6,46,Brooklyn,GOW S VNB W 92ND STREET - BKLYN GANTRY LOWER LEVEL
37.9,236,Queens,VWE N MP4.63 (Exit 6 - Jamaica Ave) - MP6.39 (Exit 11 Jewel Ave)
21.74,337,Bronx,BE S Griswold - Castle Hill Avenue
47.22,232,Queens,CIP N Hempstead Tpk - LIE
0.0,0,Manhattan,BQE N Atlantic Ave - MAN Bridge Manhattan Side
49.7,155,Staten Island,WSE S TYRELLAN AVENUE - 440 S FRANCIS STREET
0.0,0,Brooklyn,GOW N 9TH STREET - ATLANTIC AVENUE
11.8,222,Manhattan,FDR S Catherine Slip - BKN Bridge Manhattan Side
5.59,733,Bronx,MDE S HARLEM RIVER PARK - GWB W AMSTERDAM AVENUE LOWER LEVEL
52.81,47,Bronx,CBE W CASTLE HILL AVENUE - TAYLOR AVENUE
61.51,52,Staten Island,WSE N VICTORY BLVD - SOUTH AVENUE
0.0,0,Staten Island,SIE E-MLK N RICHMOND AVENUE - WALKER STREET
45.36,102,Bronx,BE N STRATFORD AVENUE - CASTLE HILL AVE
33.55,138,Bronx,BWB S Toll Plaza - Queens Anchorage
17.39,288,Manhattan,LINCOLN TUNNEL W NORTH TUBE NY - NJ
43.49,152,Staten Island,SIE E BRADLEY AVENUE - CLOVE ROAD
49.08,222,Queens,CIP S LIE - Hempstead Tpk
46.6,137,Queens,Whitestone Expwy N Exit 14 (Linden Pl) - BWB N Queens Anchorage
19.88,150,Queens,BE S TBB EXIT RAMP - MANHATTAN LIFT SPAN
50.95,56,Staten Island,WSE S SOUTH AVENUE - VICTORY BOULEVARD
52.19,105,Staten Island,SIE E CLOVE ROAD - FINGERBOARD ROAD
0.0,0,Brooklyn,GOW N 9TH STREET - ATLANTIC AVENUE
22.36,458,Manhattan,FDR S 25th St - Catherine Slip
45.98,237,Queens,CIP S LIE - Hempstead Tpk
32.93,225,Bronx,BE S Griswold - Castle Hill Avenue
47.22,46,Queens,CIP N ramp to TNB - TNB Queens Anchorage
33.55,163,Manhattan,LINCOLN TUNNEL W CENTER TUBE NY - NJ
52.19,54,Staten Island,SIE W RICHMOND AVENUE - SOUTH AVENUE
52.81,207,Queens,CIP S LIE - Hempstead Tpk
11.8,213,Bronx,HRP S Lafayette Ave - BWB S Toll Plaza
42.25,242,Manhattan,FDR S 25th St - Catherine Slip
21.74,264,Manhattan,West St S Spring St - BBT Manhattan Portal outbound
41.01,122,Queens,LIE E 84TH ST - 108TH ST
46.6,61,Staten Island,SIE W RICHMOND AVENUE - SOUTH AVENUE
47.22,151,Brooklyn,BQE N LEONARD STREET - 46TH STREET
45.36,62,Staten Island,SIE W RICHMOND AVENUE - SOUTH AVENUE
26.71,184,Queens,LIE E 84TH ST - 108TH ST
7.45,288,Manhattan,12th Ave S 57th St - 45th St
11.18,479,Manhattan,LINCOLN TUNNEL E SOUTH TUBE - NJ - NY
36.66,58,Brooklyn,GOW S VNB W 92ND STREET - BKLYN GANTRY LOWER LEVEL
31.68,260,Bronx,CBE W U/LEV AMSTERDAM AVE - I95 S EXP LNS
57.78,77,Bronx,BE S CASTLE HILL AVENUE - STRATFORD AVENUE
47.84,97,Bronx,BWB S Toll Plaza - Queens Anchorage
42.87,145,Staten Island,WSE S BLLOMINGDALE ROAD - TYRELLAN AVENUE
13.67,460,Manhattan,12th ave @ 45th - 11 ave ganservoort st
37.9,116,Bronx,BE S CASTLE HILL AVENUE - STRATFORD AVENUE
51.57,313,Queens,CIP NB GCP - TNB
50.33,92,Brooklyn,VNB E SI GANTRY UPPER LEVEL - BROOKLYN GANTRY UPPER LEVEL
32.31,277,Queens,VWE S MP6.39 (Exit 11 Jewel Ave) - MP4.63 (Exit 6 Jamaica Ave)
42.87,51,Queens,CIP N ramp to TNB - TNB Queens Anchorage
0.0,0,Bronx,CBE W L/LE V AMSTERDAM AVE - I 95 S LOC LNS
45.36,141,Queens,Whitestone Expwy N Exit 14 (Linden Pl) - BWB N Queens Anchorage
57.78,68,Staten Island,SIE E RICHMOND AVENUE - WOOLEY AVENUE
52.81,139,Manhattan,GWB E LOWER LEVEL PLAZA - CBE E LOWER LEVEL AMSTERDAM AVE
52.19,144,Staten Island,WSE N TYRELLAN AVENUE - BLOOMINGDALE ROAD
52.19,131,Queens,TNB N Queens Anchorage - Toll Plaza
59.03,133,Staten Island,WSE S VICTORY BOULEVARD - ARDEN AVENUE
47.22,90,Brooklyn,GOW S 7TH AVENUE - 92ND STREET
52.81,88,Brooklyn,VNB E SI GANTRY LOWER LEVEL - BROOLKYN GANTRY LOWER LEVEL
45.36,168,Staten Island,WSE S TYRELLAN AVENUE - 440 S FRANCIS STREET
42.87,49,Brooklyn,VNB E-GOWANUS N BROOKLYN GANTRY UPPER LEVEL - 92ND STREET
53.43,117,Staten Island,WSE S BLLOMINGDALE ROAD - TYRELLAN AVENUE
24.23,108,Manhattan,FDR S Catherine Slip - BKN Bridge Manhattan Side
49.7,111,Queens,Whitestone Expwy S Exit 14 (Linden Pl) - VWE S MP8.65 (Exit 13 Northern Blvd)
52.19,106,Queens,Whitestone Expwy S Exit 14 (Linden Pl) - VWE S MP8.65 (Exit 13 Northern Blvd)
58.4,76,Bronx,HRP N LAFAYETTE AVENUE - E TREMONT AVENUE
0.0,0,Manhattan,BQE N Atlantic Ave - MAN Bridge Manhattan Side
55.3,197,Queens,CVE NB LIE - WILLETS PT BLVD
0.0,0,Staten Island,MLK S - SIE E WALKER STREET - WOOLEY AVENUE
0.0,0,Brooklyn,GOW N 7TH AVENUE - 9TH STREET
50.33,153,Staten Island,440 N FRANCIS STREET - WSE N TYRELLAN AVE
50.95,90,Brooklyn,VNB W BROOKLYN GANTRY LOWER LEVEL - SI GANTRY LOWER LEVEL
0.0,0,Bronx,BRP S FORDHAM ROAD - WATSON AVENUE
14.91,585,Queens,VWE S MP6.39 (Exit 11 Jewel Ave) - MP4.63 (Exit 6 Jamaica Ave)
31.68,140,Bronx,MDE S HARLEM RIVER PARK - GWB W AMSTERDAM AVENUE LOWER LEVEL
45.36,433,Manhattan,Westside Hwy S GWB - 57th St
49.08,76,Queens,Belt Pkwy W 182nd St - JFK Expressway
57.78,86,Staten Island,WSE N BLOOMUINGDALE ROAD - ARDEN AVENUE
51.57,96,Queens,LIE E 84TH ST - 108TH ST
38.52,142,Manhattan,LINCOLN TUNNEL W CENTER TUBE NY - NJ
54.68,300,Queens,CVE NB GCP - WILLETS PT BLVD
0.0,0,Staten Island,ROUTE 169 S - MLK WALKER STREET
24.85,482,Queens,Belt Pkwy W JFK Expressway - VWE N Jamaica Ave
50.95,105,Queens,VWE N MP8.64 (Exit 13 Northern Blvd) - Whitestone Expwy Exit 14 (Linden Pl)
0.0,0,Staten Island,MLK S - SIE E WALKER STREET - WOOLEY AVENUE
29.2,182,Queens,VWE N MP6.39 (Exit 11 Jewel Ave) - MP8.65 (Exit 13 Northern Blvd)
42.87,188,Queens,TBB N QUEENS ANCHORAGE - MANHATTAN LIFT SPAN
0.0,0,Queens,BE S TBB EXIT RAMP - QUEENS ANCHORAGE
54.68,360,Manhattan,Westside Hwy S GWB - 57th St
31.06,126,Queens,LIE WB LITTLE NECK PKWY - NB CIP
10.56,486,Manhattan,11th ave n ganservoort - 12th ave @ 40th st
51.57,107,Queens,Whitestone Expwy S Exit 14 (Linden Pl) - VWE S MP8.65 (Exit 13 Northern Blvd)
53.43,100,Queens,VWE S MP8.65 (Exit 13 Northern Blvd) - MP6.39 (Exit 11 Jewel Ave)
34.79,337,Queens,CIP N LIE ramp - TNB
37.9,251,Queens,LIE WB LITTLE NECK PKWY - NB CVE
36.03,154,Manhattan,LINCOLN TUNNEL W CENTER TUBE NY - NJ
57.78,102,Staten Island,SIE W FINGERBOARD ROAD - CLOVE ROAD
0.0,0,Brooklyn,GOW N 7TH AVENUE - 9TH STREET
0.0,0,Manhattan,GWB E LOWER LEVEL PLAZA - CBE E LOWER LEVEL AMSTERDAM AVE
52.81,149,Staten Island,WSE N ARDEN AVENUE - VICTORY BLVD
50.95,115,Staten Island,SIE W FINGERBOARD ROAD - CLOVE ROAD
55.92,67,Queens,Belt Pkwy W 182nd St - JFK Expressway
44.11,162,Brooklyn,BQE S 46TH STREET - LEONARD STREET
42.87,108,Brooklyn,VNB E SI GANTRY UPPER LEVEL - BROOKLYN GANTRY UPPER LEVEL
47.22,45,Brooklyn,VNB E-GOWANUS N BROOKLYN GANTRY UPPER LEVEL - 92ND STREET
0.0,0,Queens,BE S TBB EXIT RAMP - QUEENS ANCHORAGE
54.68,49,Queens,TNB S Qns Anchorage - CIP S @ TNB
9.32,681,Manhattan,12th ave @ 45th - 11 ave ganservoort st
0.0,0,Manhattan,LINCOLN TUNNEL E SOUTH TUBE - NJ - NY
49.08,103,Bronx,MDE N RFK Bridge - 142nd St
44.73,96,Brooklyn,GOW S 7TH AVENUE - 92ND STREET
49.7,103,Bronx,MDE N RFK Bridge - 142nd St
10.56,641,Manhattan,FDR N 25th - 63rd St
36.03,85,Queens,BE S TBB EXIT RAMP - MANHATTAN LIFT SPAN
56.54,133,Staten Island,WSE N TYRELLAN AVENUE - BLOOMINGDALE ROAD
20.5,770,Queens,CIP NB GCP - TNB
48.46,59,Staten Island,WSE S SOUTH AVENUE - VICTORY BOULEVARD
29.2,90,Manhattan,FDR S Catherine Slip - BKN Bridge Manhattan Side
38.52,119,Queens,BWB N Queens Anchorage - Toll Plaza
18.01,272,Manhattan,LINCOLN TUNNEL W NORTH TUBE NY - NJ
10.56,514,Manhattan,LINCOLN TUNNEL E SOUTH TUBE - NJ - NY
39.14,54,Brooklyn,VNB E-GOWANUS N BROOKLYN GANTRY LOWER LEVEL - 92ND STREET
0.0,0,Staten Island,SIE E-MLK N RICHMOND AVENUE - WALKER STREET
55.3,46,Bronx,CBE W CASTLE HILL AVENUE - TAYLOR AVENUE
37.9,64,Manhattan,TBB W - FDR S MANHATTAN TRUSS - E116TH STREET
55.3,119,Staten Island,SIE E BRADLEY AVENUE - CLOVE ROAD
0.0,0,Brooklyn,VNB E-GOWANUS N BROOKLYN GANTRY LOWER LEVEL - 92ND STREET
52.81,303,Queens,CIP NB GCP - TNB
46.6,197,Queens,Belt Pkwy E 182nd St - Laurelton Pkwy N @ SSP
28.58,90,Manhattan,BKN Bridge Manhattan Side - FDR N Catherine Slip
0.0,0,Manhattan,BQE N Atlantic Ave - MAN Bridge Manhattan Side
50.33,49,Bronx,BWB N Toll Plaza - HRP N Lafayatte Ave
0.0,0,Staten Island,ROUTE 169 S - MLK WALKER STREET
49.08,94,Queens,BWB N Queens Anchorage - Toll Plaza
62.75,51,Staten Island,WSE N VICTORY BLVD - SOUTH AVENUE
0.0,0,Staten Island,MLK N WALKER STREET - NJ ROUTE 169
57.16,44,Bronx,CBE E TAYLOR AVENUE - CASTLE HILL AVENUE
54.05,201,Queens,CVE NB LIE - WILLETS PT BLVD
23.61,273,Manhattan,BBT W Toll Plaza - Manhattan Portal
0.0,0,Brooklyn,GOW N 7TH AVENUE - 9TH STREET
16.77,540,Queens,Belt Pkwy E 182nd St - Laurelton Pkwy N @ SSP
54.05,203,Queens,CIP S LIE - Hempstead Tpk
36.03,152,Bronx,BRP N WATSON AVENUE - FORDHAM ROAD
45.98,115,Queens,VWE N MP6.39 (Exit 11 Jewel Ave) - MP8.65 (Exit 13 Northern Blvd)
35.41,557,Manhattan,Westside Hwy N 57th St - GWB
43.49,54,Manhattan,FDR N - TBB E 116TH STREET - MANHATTAN TRUSS
21.12,321,Queens,TNB S Toll Plaza - Queens Anchorage
0.0,0,Manhattan,GWB E LOWER LEVEL PLAZA - CBE E LOWER LEVEL AMSTERDAM AVE
48.46,147,Brooklyn,BQE N LEONARD STREET - 46TH STREET
52.19,88,Brooklyn,VNB E SI GANTRY LOWER LEVEL - BROOLKYN GANTRY LOWER LEVEL
41.01,74,Queens,BE S TBB EXIT RAMP - MANHATTAN LIFT SPAN
14.29,366,Manhattan,11th ave n ganservoort - 12th ave @ 40th st
0.0,0,Queens,VWE S MP2.66 (Exit 2 Rockaway Blvd) - Belt Pkwy E 182nd St
0.0,0,Manhattan,FDR S 63rd - 25th St
39.14,41,Staten Island,SIE E WOOLEY AVENUE - BRADLEY AVENUE
46.6,100,Bronx,BE N STRATFORD AVENUE - CASTLE HILL AVE
15.53,350,Manhattan,LINCOLN TUNNEL E CENTER TUBE NJ - NY
56.54,107,Staten Island,WSE N-SIE E SOUTH AVENUE - SOUTH AVENUE
25.47,300,Staten Island,440 N FRANCIS STREET - WSE N TYRELLAN AVE
22.99,249,Manhattan,West St S Spring St - BBT Manhattan Portal outbound
47.22,45,Staten island,VNB W-SIE W SI GANTRY UPPER LEVEL - FINGERBOARD ROAD
0.0,0,Staten Island,MLK S - SIE W WALKER STREET - RICHMOND AVENUE
0.0,0,Brooklyn,BQE S - GOW S ALTANTIC AVENUE - 9TH STREET
16.77,196,Manhattan,11th ave s ganservoort - west st @ spring st
14.29,370,Queens,VWE N MP6.39 (Exit 11 Jewel Ave) - MP8.65 (Exit 13 Northern Blvd)
49.7,32,Staten Island,SIE E WOOLEY AVENUE - BRADLEY AVENUE
29.82,183,Manhattan,LINCOLN TUNNEL W CENTER TUBE NY - NJ
34.79,123,Bronx,CBE W MORRIS AVE - GWB W AMSTERDAM AVE (L/LVL)
54.68,81,Bronx,HRP N LAFAYETTE AVENUE - E TREMONT AVENUE
6.21,689,Bronx,MDE S HARLEM RIVER PARK - GWB W AMSTERDAM AVENUE LOWER LEVEL
45.36,47,Brooklyn,GOW S VNB W 92ND STREET - BKLYN GANTRY LOWER LEVEL
52.81,148,Staten Island,WSE S VICTORY BOULEVARD - ARDEN AVENUE
21.74,98,Staten Island,VNB W-SIE W SI GANTRY LOWER LEVEL - FINGERBOARD ROAD
13.67,364,Queens,LIE W 108TH ST - 84TH ST
0.0,0,Manhattan,BQE N Atlantic Ave - MAN Bridge Manhattan Side
40.38,136,Manhattan,LINCOLN TUNNEL E SOUTH TUBE - NJ - NY
0.0,0,Brooklyn,GOW N 7TH AVENUE - 9TH STREET
58.4,43,Bronx,CBE E TAYLOR AVENUE - CASTLE HILL AVENUE
24.85,429,Queens,VWE S MP2.66 (Exit 2 Rockaway Blvd) - Belt Pkwy E 182nd St
56.54,104,Staten Island,SIE W FINGERBOARD ROAD - CLOVE ROAD
0.0,0,Manhattan,BQE N Atlantic Ave - BKN Bridge Manhattan Side
45.98,347,Queens,CIP NB GCP - TNB
62.75,130,Bronx,I-87 NYST S Exit 1 - MDE S Van Cortlandt Park
49.7,221,Queens,CIP S LIE - Hempstead Tpk
43.49,166,Queens,MDE S TBB EXIT RAMP - QUEENS ANCHORAGE
44.11,164,Queens,MDE S TBB EXIT RAMP - QUEENS ANCHORAGE
13.04,418,Manhattan,LINCOLN TUNNEL W CENTER TUBE NY - NJ
29.82,87,Manhattan,BKN Bridge Manhattan Side - FDR N Catherine Slip
35.41,40,Staten Island,SIE W BRADLEY AVENUE - WOOLEY AVENUE
47.22,97,Queens,BWB N Queens Anchorage - Toll Plaza
52.19,102,Queens,VWE N MP8.64 (Exit 13 Northern Blvd) - Whitestone Expwy Exit 14 (Linden Pl)
24.85,262,Manhattan,BBT E Manhattan Portal - Toll Plaza
65.86,79,Staten Island,WSE S ARDEN AVENUE - BLOOMINGDALE ROAD
49.7,44,Queens,CIP N ramp to TNB - TNB Queens Anchorage
11.8,274,Manhattan,12th Ave N 40th - 57th St
41.63,179,Bronx,BE S Griswold - Castle Hill Avenue
39.14,67,Manhattan,FDR S Catherine Slip - BKN Bridge Manhattan Side
0.0,0,Staten Island,MLK S - SIE E WALKER STREET - WOOLEY AVENUE
64.0,81,Staten Island,WSE S ARDEN AVENUE - BLOOMINGDALE ROAD
39.76,135,Queens,QMT W Toll Plaza - Manhattan Side
14.29,741,Queens,CIP N Hempstead Tpk - LIE
39.14,54,Staten Island,VNB W-SIE W SI GANTRY LOWER LEVEL - FINGERBOARD ROAD
0.0,0,Staten Island,ROUTE 169 S - MLK WALKER STREET
45.98,116,Queens,VWE S MP8.65 (Exit 13 Northern Blvd) - MP6.39 (Exit 11 Jewel Ave)
40.38,136,Bronx,BRP N WATSON AVENUE - FORDHAM ROAD
0.0,0,Bronx,BRP S FORDHAM ROAD - WATSON AVENUE
59.03,279,Queens,CVE NB GCP - WILLETS PT BLVD
47.84,52,Bronx,HRP S Lafayette Ave - BWB S Toll Plaza
42.25,181,Staten Island,440 N FRANCIS STREET - WSE N TYRELLAN AVE
0.0,0,Staten Island,SIE W - MLK N WOOLEY AVENUE - WLAKER STREET
44.73,112,Queens,LIE W 108TH ST - 84TH ST
28.58,260,Manhattan,GWB E LOWER LEVEL PLAZA - CBE E LOWER LEVEL AMSTERDAM AVE
26.71,200,Queens,VWE N MP8.64 (Exit 13 Northern Blvd) - Whitestone Expwy Exit 14 (Linden Pl)
49.7,42,Brooklyn,VNB E-GOWANUS N BROOKLYN GANTRY LOWER LEVEL - 92ND STREET
29.82,261,Queens,Laurelton Pkwy N @ SSP - CIP N Hempstead Tpk
35.41,140,Manhattan,LINCOLN TUNNEL W NORTH TUBE NY - NJ
55.92,70,Staten Island,SIE W WOOLEY AVENUE - RICHMOND AVENUE
45.36,86,Queens,LIE WB LITTLE NECK PKWY - NB CIP
58.4,197,Queens,CIP N TNB - Whitestone Expwy S Exit 14 (Linden Pl)
54.05,82,Bronx,HRP N LAFAYETTE AVENUE - E TREMONT AVENUE
59.03,66,Staten Island,SIE E RICHMOND AVENUE - WOOLEY AVENUE
14.91,550,Bronx,CBE W L/LE V AMSTERDAM AVE - I 95 S LOC LNS
45.98,148,Manhattan,FDR S 63rd - 25th St
58.4,67,Staten Island,SIE E RICHMOND AVENUE - WOOLEY AVENUE
0.0,0,Brooklyn,BQE S - GOW S ALTANTIC AVENUE - 9TH STREET
41.01,53,Queens,CIP N ramp to TNB - TNB Queens Anchorage
42.25,126,Queens,VWE N MP6.39 (Exit 11 Jewel Ave) - MP8.65 (Exit 13 Northern Blvd)
50.95,322,Queens,CVE NB GCP - WILLETS PT BLVD
48.46,88,Bronx,CBE AMSTERDAM AVE (L/LVL) - MORRIS AVE
17.39,516,Queens,VWE S MP6.39 (Exit 11 Jewel Ave) - MP4.63 (Exit 6 Jamaica Ave)
29.2,278,Bronx,I-87 NYST S Exit 1 - MDE S Van Cortlandt Park
48.46,95,Brooklyn,VNB W BROOKLYN GANTRY UPPER LEVEL - SI GANTRY UPPER LEVEL
47.84,240,Queens,CIP N TNB - Whitestone Expwy S Exit 14 (Linden Pl)
49.08,54,Staten Island,SIE E SOUTH AVENUE - RICHMOND AVENUE
51.57,161,Bronx,CBE W U/LEV AMSTERDAM AVE - I95 S EXP LNS
24.85,176,Bronx,MDE S HARLEM RIVER PARK - GWB W AMSTERDAM AVENUE UPPER LEVEL
50.95,322,Queens,CVE NB GCP - WILLETS PT BLVD
54.05,146,Staten Island,WSE S VICTORY BOULEVARD - ARDEN AVENUE
48.46,158,Staten Island,440 N FRANCIS STREET - WSE N TYRELLAN AVE
36.03,64,Staten Island,SIE E VNB E FINGERBOARD ROAD - SI GANTRY LOWER LEVEL
41.01,286,Queens,CIP N LIE ramp - TNB
47.22,173,Bronx,I-87 NYST S Exit 1 - MDE S Van Cortlandt Park
42.25,109,Brooklyn,VNB E SI GANTRY UPPER LEVEL - BROOKLYN GANTRY UPPER LEVEL
49.7,126,Staten Island,WSE S BLLOMINGDALE ROAD - TYRELLAN AVENUE
36.66,151,Manhattan,LINCOLN TUNNEL E CENTER TUBE NJ - NY
0.0,0,Brooklyn,GOW S 9TH STREET - 7TH AVENUE
17.39,478,Bronx,CBE W U/LEV AMSTERDAM AVE - I95 S EXP LNS
31.68,371,Queens,CIP N LIE ramp - TNB
26.71,312,Bronx,CBE W U/LEV AMSTERDAM AVE - I95 S EXP LNS
22.36,450,Manhattan,FDR N Catherine Slip - 25th St
40.38,123,Manhattan,LINCOLN TUNNEL W NORTH TUBE NY - NJ
57.78,120,Staten Island,SIE W - WSE S SOUTH AVENUE - SOUTH AVENUE
42.25,171,Queens,MDE S TBB EXIT RAMP - QUEENS ANCHORAGE
19.88,109,Queens,CIP N ramp to TNB - TNB Queens Anchorage
45.36,101,Brooklyn,VNB E SI GANTRY LOWER LEVEL - BROOLKYN GANTRY LOWER LEVEL
56.54,146,Bronx,CBE E CASTLE HILL AVE - BE N WATERBURY AVE
31.06,178,Manhattan,LINCOLN TUNNEL W CENTER TUBE NY - NJ
8.69,247,Manhattan,12th Ave S 57th St - 45th St
41.63,219,Queens,Laurelton Pkwy S @ SSP - Belt Pkwy W 182nd St
52.81,87,Brooklyn,VNB W BROOKLYN GANTRY LOWER LEVEL - SI GANTRY LOWER LEVEL
22.99,293,Queens,TNB S Toll Plaza - Queens Anchorage
14.91,297,Bronx,MDE S HARLEM RIVER PARK - GWB W AMSTERDAM AVENUE LOWER LEVEL
62.75,79,Staten Island,WSE N BLOOMUINGDALE ROAD - ARDEN AVENUE
45.36,102,Bronx,BWB S Toll Plaza - Queens Anchorage
19.88,219,Bronx,MDE S HARLEM RIVER PARK - GWB W AMSTERDAM AVENUE UPPER LEVEL
13.67,239,Manhattan,12th Ave N 40th - 57th St
45.98,55,Bronx,CBE E TAYLOR AVENUE - CASTLE HILL AVENUE
33.55,321,Queens,VWE S MP2.66 (Exit 2 Rockaway Blvd) - Belt Pkwy E 182nd St
44.73,244,Queens,CIP N Hempstead Tpk - LIE
38.52,62,Manhattan,FDR N - TBB E 116TH STREET - MANHATTAN TRUSS
38.52,56,Queens,CIP N ramp to TNB - TNB Queens Anchorage
47.22,90,Brooklyn,GOW S 7TH AVENUE - 92ND STREET
23.61,180,Brooklyn,GOW N 92ND STREET - 7TH AVENUE
25.47,92,Manhattan,FDR N - TBB E 116TH STREET - MANHATTAN TRUSS
49.7,128,Queens,Whitestone Expwy N Exit 14 (Linden Pl) - BWB N Queens Anchorage
40.38,53,Staten island,VNB W-SIE W SI GANTRY UPPER LEVEL - FINGERBOARD ROAD
43.49,157,Manhattan,FDR N 25th - 63rd St
7.45,712,Manhattan,11th ave n ganservoort - 12th ave @ 40th st
46.6,45,Brooklyn,VNB E-GOWANUS N BROOKLYN GANTRY LOWER LEVEL - 92ND STREET
0.0,0,Manhattan,BQE N Atlantic Ave - MAN Bridge Manhattan Side
61.51,84,Staten Island,WSE S ARDEN AVENUE - BLOOMINGDALE ROAD
42.87,273,Queens,CIP N LIE ramp - TNB
0.0,0,Bronx,BRP N WATSON AVENUE - FORDHAM ROAD
31.68,237,Queens,TBB S MANHATTAN LIFT SPAN - QUEENS ANCHORAGE
35.41,66,Manhattan,FDR N - TBB E 116TH STREET - MANHATTAN TRUSS
5.59,748,Bronx,CBE W MORRIS AVE - GWB W AMSTERDAM AVE (U/LVL)
25.47,195,Queens,LIE W 108TH ST - 84TH ST
4.97,412,Manhattan,12th Ave S 57th St - 45th St
55.3,124,Queens,VWE S MP4.63 (Exit 6 Jamaica Ave) - MP2.66 (Exit 2 Roackaway Blvd)
26.71,97,Manhattan,BKN Bridge Manhattan Side - FDR N Catherine Slip
0.0,0,Staten Island,SIE W - MLK N WOOLEY AVENUE - WLAKER STREET
0.0,0,Manhattan,BQE N Atlantic Ave - MAN Bridge Manhattan Side
8.69,1197,Queens,CIP N Hempstead Tpk - LIE
39.14,235,Queens,Belt Pkwy E 182nd St - Laurelton Pkwy N @ SSP
37.28,149,Manhattan,LINCOLN TUNNEL W CENTER TUBE NY - NJ
55.3,41,Staten Island,SIE E VNB E FINGERBOARD ROAD - SI GANTRY LOWER LEVEL
64.62,80,Staten Island,WSE S ARDEN AVENUE - BLOOMINGDALE ROAD
19.88,384,Queens,Laurelton Pkwy N @ SSP - CIP N Hempstead Tpk
47.84,97,Brooklyn,VNB W BROOKLYN GANTRY LOWER LEVEL - SI GANTRY LOWER LEVEL
12.42,452,Manhattan,West St S Spring St - BBT Manhattan Portal outbound
0.0,0,Manhattan,BQE N Atlantic Ave - MAN Bridge Manhattan Side
21.74,197,Bronx,CBE E AMSTERDAM AVE(U/LVL) - MORRIS AVE
14.29,229,Manhattan,12th Ave N 40th - 57th St
47.22,139,Staten Island,SIE E BRADLEY AVENUE - CLOVE ROAD
0.0,0,Manhattan,BQE N Atlantic Ave - MAN Bridge Manhattan Side
55.92,83,Brooklyn,VNB W BROOKLYN GANTRY UPPER LEVEL - SI GANTRY UPPER LEVEL
44.11,367,Queens,CIP NB GCP - TNB
22.36,196,Bronx,MDE S HARLEM RIVER PARK - GWB W AMSTERDAM AVENUE LOWER LEVEL
27.96,158,Bronx,MDE S HARLEM RIVER PARK - GWB W AMSTERDAM AVENUE LOWER LEVEL
49.08,130,Queens,BWB S Queens Anchorage - WSE S Exit 14 (Linden Pl)
53.43,87,Bronx,BE N STRATFORD AVENUE - CASTLE HILL AVE
37.9,518,Manhattan,Westside Hwy S GWB - 57th St
24.85,158,Staten Island,SIE E RICHMOND AVENUE - WOOLEY AVENUE
49.7,86,Bronx,CBE E AMSTERDAM AVE(U/LVL) - MORRIS AVE
0.0,0,Brooklyn,GOW N 7TH AVENUE - 9TH STREET
43.49,107,Brooklyn,VNB W BROOKLYN GANTRY UPPER LEVEL - SI GANTRY UPPER LEVEL
57.16,87,Staten Island,WSE N BLOOMUINGDALE ROAD - ARDEN AVENUE
20.5,501,Manhattan,FDR N Catherine Slip - 25th St
57.16,162,Queens,Laurelton Pkwy S @ SSP - Belt Pkwy W 182nd St
24.23,97,Manhattan,FDR N - TBB E 116TH STREET - MANHATTAN TRUSS
54.05,99,Queens,VWE S MP8.65 (Exit 13 Northern Blvd) - MP6.39 (Exit 11 Jewel Ave)
34.17,189,Manhattan,BBT W Toll Plaza - Manhattan Portal
22.99,218,Manhattan,LINCOLN TUNNEL W NORTH TUBE NY - NJ
36.03,149,Queens,QMT W Toll Plaza - Manhattan Side
55.3,84,Bronx,BE N STRATFORD AVENUE - CASTLE HILL AVE
32.93,163,Manhattan,QMT E Manhattan Side - Toll Plaza
41.01,134,Manhattan,LINCOLN TUNNEL E SOUTH TUBE - NJ - NY
41.63,180,Queens,TBB S MANHATTAN LIFT SPAN - QUEENS ANCHORAGE
0.0,0,Staten Island,ROUTE 169 S - MLK WALKER STREET
41.01,52,Staten island,VNB W-SIE W SI GANTRY UPPER LEVEL - FINGERBOARD ROAD
40.38,227,Queens,Belt Pkwy E 182nd St - Laurelton Pkwy N @ SSP
42.87,149,Queens,Whitestone Expwy N Exit 14 (Linden Pl) - BWB N Queens Anchorage
44.73,55,Bronx,BWB N Toll Plaza - HRP N Lafayatte Ave
59.03,103,Staten Island,WSE N-SIE E SOUTH AVENUE - SOUTH AVENUE
45.98,50,Staten Island,SIE E VNB E FINGERBOARD ROAD - SI GANTRY UPPER LEVEL
44.11,170,Queens,TBB S MANHATTAN LIFT SPAN - QUEENS ANCHORAGE
58.4,104,Staten Island,WSE N-SIE E SOUTH AVENUE - SOUTH AVENUE
1.24,1757,Bronx,CBE W CASTLE HILL AVENUE - TAYLOR AVENUE
50.33,123,Staten Island,WSE S BLLOMINGDALE ROAD - TYRELLAN AVENUE
0.0,0,Bronx,BRP S FORDHAM ROAD - WATSON AVENUE
58.4,157,Queens,Laurelton Pkwy S @ SSP - Belt Pkwy W 182nd St
1.86,944,Manhattan,12th Ave S 57th St - 45th St
36.03,104,Queens,Belt Pkwy W 182nd St - JFK Expressway
29.82,310,Queens,Belt Pkwy E 182nd St - Laurelton Pkwy N @ SSP
44.11,145,Queens,BWB S Queens Anchorage - WSE S Exit 14 (Linden Pl)
44.11,105,Brooklyn,VNB E SI GANTRY LOWER LEVEL - BROOLKYN GANTRY LOWER LEVEL
3.1,2473,Bronx,CBE W L/LE V AMSTERDAM AVE - I 95 S LOC LNS
47.22,195,Queens,Laurelton Pkwy S @ SSP - Belt Pkwy W 182nd St
0.0,0,Staten Island,SIE W - MLK N WOOLEY AVENUE - WLAKER STREET
42.25,50,Staten Island,VNB W-SIE W SI GANTRY LOWER LEVEL - FINGERBOARD ROAD
29.82,149,Bronx,BE S CASTLE HILL AVENUE - STRATFORD AVENUE
35.41,140,Queens,LIE W 108TH ST - 84TH ST
0.0,0,Queens,BE S TBB EXIT RAMP - QUEENS ANCHORAGE
0.0,0,Brooklyn,BQE S - GOW S ALTANTIC AVENUE - 9TH STREET
44.11,169,Queens,TBB S MANHATTAN LIFT SPAN - QUEENS ANCHORAGE
50.33,92,Brooklyn,VNB E SI GANTRY UPPER LEVEL - BROOKLYN GANTRY UPPER LEVEL
39.76,53,Brooklyn,VNB E-GOWANUS N BROOKLYN GANTRY UPPER LEVEL - 92ND STREET
2.48,1966,Manhattan,West St S Spring St - BBT Manhattan Portal outbound
52.81,223,Queens,CIP N LIE ramp - TNB
19.88,542,Queens,VWE S MP2.66 (Exit 2 Rockaway Blvd) - Belt Pkwy E 182nd St
52.19,144,Staten Island,WSE N TYRELLAN AVENUE - BLOOMINGDALE ROAD
45.36,67,Queens,BE S TBB EXIT RAMP - MANHATTAN LIFT SPAN
44.73,51,Staten Island,SIE E VNB E FINGERBOARD ROAD - SI GANTRY LOWER LEVEL
24.85,437,Queens,CVE NB LIE - WILLETS PT BLVD
10.56,1838,Manhattan,Westside Hwy N 57th St - GWB
57.78,46,Queens,TNB S Qns Anchorage - CIP S @ TNB
30.44,86,Manhattan,FDR S Catherine Slip - BKN Bridge Manhattan Side
22.36,448,Manhattan,FDR N Catherine Slip - 25th St
15.53,320,Queens,LIE E 84TH ST - 108TH ST
10.56,499,Manhattan,QMT E Manhattan Side - Toll Plaza
5.59,589,Manhattan,11th ave s ganservoort - west st @ spring st
55.92,83,Brooklyn,VNB E SI GANTRY LOWER LEVEL - BROOLKYN GANTRY LOWER LEVEL
12.42,571,Queens,TBB N QUEENS ANCHORAGE - BE N
22.99,437,Manhattan,FDR N Catherine Slip - 25th St
10.56,608,Manhattan,12th ave @ 45th - 11 ave ganservoort st
54.68,92,Staten Island,WSE N BLOOMUINGDALE ROAD - ARDEN AVENUE
48.46,158,Staten Island,440 N FRANCIS STREET - WSE N TYRELLAN AVE
12.42,524,Manhattan,BBT E Manhattan Portal - Toll Plaza
62.75,82,Staten Island,WSE S ARDEN AVENUE - BLOOMINGDALE ROAD
27.96,342,Queens,LIE WB LITTLE NECK PKWY - NB CVE
50.33,149,Bronx,BE N Castle Hill Avenue - Griswold Ave
19.88,325,Manhattan,BBT W Toll Plaza - Manhattan Portal
4.97,810,Bronx,MDE S HARLEM RIVER PARK - GWB W AMSTERDAM AVENUE UPPER LEVEL
50.95,108,Staten Island,SIE E CLOVE ROAD - FINGERBOARD ROAD
41.01,167,Manhattan,FDR S 63rd - 25th St
0.0,0,Staten Island,MLK N WALKER STREET - NJ ROUTE 169
8.07,277,Manhattan,12th Ave S 57th St - 45th St
0.0,0,Brooklyn,GOW N 9TH STREET - ATLANTIC AVENUE
51.57,124,Queens,BWB S Queens Anchorage - WSE S Exit 14 (Linden Pl)
48.46,48,Staten Island,SIE E VNB E FINGERBOARD ROAD - SI GANTRY LOWER LEVEL
6.83,466,Manhattan,11th ave s ganservoort - west st @ spring st
0.0,0,Staten Island,ROUTE 169 S - MLK WALKER STREET
41.63,284,Queens,CIP N LIE ramp - TNB
35.41,194,Queens,TNB N Queens Anchorage - Toll Plaza
32.31,164,Queens,VWE N MP6.39 (Exit 11 Jewel Ave) - MP8.65 (Exit 13 Northern Blvd)
55.3,150,Bronx,CBE E CASTLE HILL AVE - BE N WATERBURY AVE
0.0,0,Staten Island,ROUTE 169 S - MLK WALKER STREET
0.0,0,Brooklyn,VNB W BROOKLYN GANTRY UPPER LEVEL - SI GANTRY UPPER LEVEL
0.0,0,Bronx,I-87 NYST S Exit 1 - MDE S Van Cortlandt Park
64.0,109,Staten Island,SIE W - WSE S SOUTH AVENUE - SOUTH AVENUE
38.52,115,Bronx,BE S CASTLE HILL AVENUE - STRATFORD AVENUE
0.0,0,Brooklyn,GOW N 7TH AVENUE - 9TH STREET
14.29,296,Bronx,MDE S HARLEM RIVER PARK - GWB W AMSTERDAM AVENUE UPPER LEVEL
29.82,247,Bronx,BE N Castle Hill Avenue - Griswold Ave
39.14,59,Staten Island,SIE E VNB E FINGERBOARD ROAD - SI GANTRY LOWER LEVEL
9.94,426,Bronx,CBE W MORRIS AVE - GWB W AMSTERDAM AVE (L/LVL)
46.6,91,Bronx,CBE W MORRIS AVE - GWB W AMSTERDAM AVE (U/LVL)
34.17,262,Queens,VWE N MP4.63 (Exit 6 - Jamaica Ave) - MP6.39 (Exit 11 Jewel Ave)
49.7,154,Staten Island,WSE S TYRELLAN AVENUE - 440 S FRANCIS STREET
44.11,57,Bronx,CBE W CASTLE HILL AVENUE - TAYLOR AVENUE
49.08,109,Queens,VWE N MP6.39 (Exit 11 Jewel Ave) - MP8.65 (Exit 13 Northern Blvd)
55.92,134,Staten Island,WSE N TYRELLAN AVENUE - BLOOMINGDALE ROAD
39.76,162,Manhattan,BBT E Manhattan Portal - Toll Plaza
24.23,263,Manhattan,12th ave @ 45th - 11 ave ganservoort st
44.73,53,Manhattan,TBB W - FDR S MANHATTAN TRUSS - E116TH STREET
45.36,51,Staten Island,SIE E VNB E FINGERBOARD ROAD - SI GANTRY UPPER LEVEL
39.76,138,Manhattan,LINCOLN TUNNEL E SOUTH TUBE - NJ - NY
41.01,114,Queens,BWB N Queens Anchorage - Toll Plaza
12.42,343,Bronx,CBE W MORRIS AVE - GWB W AMSTERDAM AVE (L/LVL)
32.93,71,Manhattan,FDR N - TBB E 116TH STREET - MANHATTAN TRUSS
42.87,58,Bronx,HRP S Lafayette Ave - BWB S Toll Plaza
0.0,0,Brooklyn,GOW S 9TH STREET - 7TH AVENUE
53.43,172,Queens,Laurelton Pkwy S @ SSP - Belt Pkwy W 182nd St
16.77,535,Queens,Belt Pkwy E 182nd St - Laurelton Pkwy N @ SSP
52.81,135,Brooklyn,BQE S 46TH STREET - LEONARD STREET
56.54,162,Queens,Laurelton Pkwy S @ SSP - Belt Pkwy W 182nd St
45.98,46,Brooklyn,VNB E-GOWANUS N BROOKLYN GANTRY LOWER LEVEL - 92ND STREET
0.0,0,Brooklyn,GOW N 7TH AVENUE - 9TH STREET
43.49,37,Staten Island,SIE E WOOLEY AVENUE - BRADLEY AVENUE
33.55,211,Brooklyn,BQE S 46TH STREET - LEONARD STREET
42.87,54,Staten Island,SIE E VNB E FINGERBOARD ROAD - SI GANTRY LOWER LEVEL
10.56,472,Bronx,MDE N RFK Bridge - 142nd St
56.54,79,Bronx,HRP N LAFAYETTE AVENUE - E TREMONT AVENUE
41.63,51,Staten island,VNB W-SIE W SI GANTRY UPPER LEVEL - FINGERBOARD ROAD
65.24,60,Staten Island,SIE W WOOLEY AVENUE - RICHMOND AVENUE
19.26,140,Queens,TNB S Qns Anchorage - CIP S @ TNB
12.42,1592,Manhattan,Westside Hwy N 57th St - GWB
0.0,0,Manhattan,BQE N Atlantic Ave - BKN Bridge Manhattan Side
16.77,595,Manhattan,FDR N Catherine Slip - 25th St
45.36,174,Staten Island,WSE S VICTORY BOULEVARD - ARDEN AVENUE
49.7,93,Brooklyn,VNB W BROOKLYN GANTRY UPPER LEVEL - SI GANTRY UPPER LEVEL
25.47,93,Manhattan,FDR N - TBB E 116TH STREET - MANHATTAN TRUSS
46.6,58,Queens,TNB S Qns Anchorage - CIP S @ TNB
63.37,82,Staten Island,WSE S ARDEN AVENUE - BLOOMINGDALE ROAD
41.63,53,Queens,CIP N ramp to TNB - TNB Queens Anchorage
2.48,3159,Bronx,CBE W L/LE V AMSTERDAM AVE - I 95 S LOC LNS
52.19,307,Queens,CIP NB GCP - TNB
54.05,85,Brooklyn,VNB W BROOKLYN GANTRY LOWER LEVEL - SI GANTRY LOWER LEVEL
12.42,470,Staten Island,SIE W FINGERBOARD ROAD - CLOVE ROAD
55.92,70,Staten Island,SIE W WOOLEY AVENUE - RICHMOND AVENUE
19.26,166,Manhattan,12th Ave N 40th - 57th St
7.45,1526,Queens,Belt Pkwy W JFK Expressway - VWE N Jamaica Ave
58.4,86,Staten Island,WSE N BLOOMUINGDALE ROAD - ARDEN AVENUE
46.6,196,Queens,Belt Pkwy E 182nd St - Laurelton Pkwy N @ SSP
33.55,132,Bronx,MDE S HARLEM RIVER PARK - GWB W AMSTERDAM AVENUE LOWER LEVEL
0.0,0,Staten Island,SIE E-MLK N RICHMOND AVENUE - WALKER STREET
27.34,302,Bronx,CBE W U/LEV AMSTERDAM AVE - I95 S EXP LNS
50.33,85,Bronx,CBE W MORRIS AVE - GWB W AMSTERDAM AVE (L/LVL)
9.94,1090,Queens,CIP N Hempstead Tpk - LIE
54.05,137,Bronx,BE S Griswold - Castle Hill Avenue
0.0,0,Staten Island,SIE W - MLK N WOOLEY AVENUE - WLAKER STREET
9.94,732,Queens,TBB N QUEENS ANCHORAGE - BE N
23.61,352,Bronx,CBE W U/LEV AMSTERDAM AVE - I95 S EXP LNS
13.67,238,Manhattan,12th Ave N 40th - 57th St
9.94,627,Queens,Whitestone Expwy N Exit 14 (Linden Pl) - BWB N Queens Anchorage
47.84,44,Brooklyn,GOW S VNB W 92ND STREET - BKLYN GANTRY LOWER LEVEL
52.19,131,Queens,TNB N Queens Anchorage - Toll Plaza
0.0,0,Staten Island,ROUTE 169 S - MLK WALKER STREET
0.0,0,Staten Island,ROUTE 169 S - MLK WALKER STREET
56.54,47,Staten Island,SIE E SOUTH AVENUE - RICHMOND AVENUE
47.84,143,Manhattan,FDR S 63rd - 25th St
37.28,149,Manhattan,LINCOLN TUNNEL W CENTER TUBE NY - NJ
54.68,98,Queens,VWE S MP8.65 (Exit 13 Northern Blvd) - MP6.39 (Exit 11 Jewel Ave)
31.68,229,Queens,TBB N QUEENS ANCHORAGE - BE N
54.05,116,Staten Island,WSE S BLLOMINGDALE ROAD - TYRELLAN AVENUE
44.73,152,Manhattan,FDR S 63rd - 25th St
41.01,190,Queens,Laurelton Pkwy N @ SSP - CIP N Hempstead Tpk
36.66,226,Bronx,CBE E CASTLE HILL AVE - BE N WATERBURY AVE
13.67,394,Manhattan,LINCOLN TUNNEL E SOUTH TUBE - NJ - NY
50.95,91,Brooklyn,VNB E SI GANTRY UPPER LEVEL - BROOKLYN GANTRY UPPER LEVEL
24.85,335,Bronx,CBE W U/LEV AMSTERDAM AVE - I95 S EXP LNS
0.0,0,Staten Island,MLK S - SIE E WALKER STREET - WOOLEY AVENUE
57.16,46,Staten Island,SIE E SOUTH AVENUE - RICHMOND AVENUE
31.06,207,Queens,BWB S Queens Anchorage - WSE S Exit 14 (Linden Pl)
0.0,0,Staten Island,MLK N WALKER STREET - NJ ROUTE 169
37.9,190,Queens,TBB N QUEENS ANCHORAGE - BE N
41.63,51,Brooklyn,VNB E-GOWANUS N BROOKLYN GANTRY LOWER LEVEL - 92ND STREET
35.41,209,Bronx,BE S Griswold - Castle Hill Avenue
49.7,86,Brooklyn,GOW S 7TH AVENUE - 92ND STREET
16.77,316,Queens,VWE N MP6.39 (Exit 11 Jewel Ave) - MP8.65 (Exit 13 Northern Blvd)
44.11,50,Queens,CIP N ramp to TNB - TNB Queens Anchorage
35.41,306,Queens,CVE NB LIE - WILLETS PT BLVD
47.84,52,Bronx,HRP S Lafayette Ave - BWB S Toll Plaza
55.92,123,Queens,VWE S MP4.63 (Exit 6 Jamaica Ave) - MP2.66 (Exit 2 Roackaway Blvd)
14.29,373,Queens,QMT W Toll Plaza - Manhattan Side
0.0,0,Manhattan,BQE N Atlantic Ave - MAN Bridge Manhattan Side
59.03,118,Staten Island,SIE W - WSE S SOUTH AVENUE - SOUTH AVENUE
47.22,339,Queens,CIP NB GCP - TNB
37.28,147,Manhattan,LINCOLN TUNNEL W CENTER TUBE NY - NJ
14.29,440,Manhattan,12th ave @ 45th - 11 ave ganservoort st
55.92,82,Brooklyn,VNB E SI GANTRY LOWER LEVEL - BROOLKYN GANTRY LOWER LEVEL
35.41,329,Queens,CIP N LIE ramp - TNB
21.12,241,Bronx,MDE N RFK Bridge - 142nd St
34.79,264,Queens,Laurelton Pkwy S @ SSP - Belt Pkwy W 182nd St
18.01,378,Manhattan,FDR N 25th - 63rd St
42.25,93,Staten Island,SIE E RICHMOND AVENUE - WOOLEY AVENUE
0.0,0,Staten Island,MLK N WALKER STREET - NJ ROUTE 169
55.3,197,Queens,CIP S LIE - Hempstead Tpk
53.43,147,Staten Island,WSE S VICTORY BOULEVARD - ARDEN AVENUE
47.22,190,Queens,VWE N MP4.63 (Exit 6 - Jamaica Ave) - MP6.39 (Exit 11 Jewel Ave)
44.73,48,Brooklyn,VNB E-GOWANUS N BROOKLYN GANTRY LOWER LEVEL - 92ND STREET
52.81,88,Brooklyn,VNB E SI GANTRY LOWER LEVEL - BROOLKYN GANTRY LOWER LEVEL
0.0,0,Staten Island,MLK S - SIE E WALKER STREET - WOOLEY AVENUE
0.0,0,Manhattan,FDR N Catherine Slip - 25th St
29.82,86,Manhattan,BKN Bridge Manhattan Side - FDR N Catherine Slip
0.0,0,Manhattan,LINCOLN TUNNEL E CENTER TUBE NJ - NY
50.95,105,Queens,VWE N MP8.64 (Exit 13 Northern Blvd) - Whitestone Expwy Exit 14 (Linden Pl)
52.19,88,Brooklyn,VNB E SI GANTRY UPPER LEVEL - BROOKLYN GANTRY UPPER LEVEL
0.0,0,Queens,BE S TBB EXIT RAMP - QUEENS ANCHORAGE
0.0,0,Brooklyn,BQE S 46TH STREET - LEONARD STREET
0.0,0,Bronx,BRP S FORDHAM ROAD - WATSON AVENUE
54.68,137,Bronx,BE N Castle Hill Avenue - Griswold Ave
11.8,252,Queens,BE S TBB EXIT RAMP - MANHATTAN LIFT SPAN
57.78,286,Queens,CVE NB GCP - WILLETS PT BLVD
55.3,298,Queens,CVE NB GCP - WILLETS PT BLVD
54.68,137,Staten Island,WSE N TYRELLAN AVENUE - BLOOMINGDALE ROAD
49.7,150,Bronx,BE N Castle Hill Avenue - Griswold Ave
55.92,114,Queens,BWB S Queens Anchorage - WSE S Exit 14 (Linden Pl)
36.03,67,Manhattan,TBB W - FDR S MANHATTAN TRUSS - E116TH STREET
49.08,102,Queens,LIE W 108TH ST - 84TH ST
55.3,197,Queens,CVE NB LIE - WILLETS PT BLVD
36.66,149,Manhattan,LINCOLN TUNNEL W CENTER TUBE NY - NJ
32.93,113,Queens,Belt Pkwy W 182nd St - JFK Expressway
8.69,804,Queens,TBB N QUEENS ANCHORAGE - BE N
50.33,235,Queens,CIP N LIE ramp - TNB
0.0,0,Staten Island,SIE E-MLK N RICHMOND AVENUE - WALKER STREET
59.03,128,Queens,CIP S Hempstead Tpk - Laurelton Pkwy @ SSP
38.52,143,Manhattan,LINCOLN TUNNEL W CENTER TUBE NY - NJ
54.68,301,Queens,CVE NB GCP - WILLETS PT BLVD
12.42,513,Manhattan,12th ave @ 45th - 11 ave ganservoort st
11.8,564,Manhattan,FDR N 25th - 63rd St
49.7,86,Bronx,CBE AMSTERDAM AVE (L/LVL) - MORRIS AVE
17.39,213,Queens,Belt Pkwy W 182nd St - JFK Expressway
48.46,162,Queens,Laurelton Pkwy N @ SSP - CIP N Hempstead Tpk
0.0,0,Brooklyn,GOW N 7TH AVENUE - 9TH STREET
46.6,65,Queens,BE S TBB EXIT RAMP - MANHATTAN LIFT SPAN
49.7,86,Brooklyn,GOW S 7TH AVENUE - 92ND STREET
0.0,0,Brooklyn,BQE S - GOW S ALTANTIC AVENUE - 9TH STREET
31.68,218,Queens,VWE S MP4.63 (Exit 6 Jamaica Ave) - MP2.66 (Exit 2 Roackaway Blvd)
0.0,0,Manhattan,LINCOLN TUNNEL E CENTER TUBE NJ - NY
10.56,541,Manhattan,West St S Spring St - BBT Manhattan Portal outbound
25.47,176,Bronx,MDE S HARLEM RIVER PARK - GWB W AMSTERDAM AVENUE LOWER LEVEL
0.0,0,Brooklyn,GOW N 9TH STREET - ATLANTIC AVENUE
0.0,0,Staten Island,MLK N WALKER STREET - NJ ROUTE 169
52.81,101,Queens,VWE N MP8.64 (Exit 13 Northern Blvd) - Whitestone Expwy Exit 14 (Linden Pl)
0.0,0,Bronx,BRP S FORDHAM ROAD - WATSON AVENUE
34.79,273,Queens,LIE WB LITTLE NECK PKWY - NB CVE
32.31,200,Manhattan,BBT W Toll Plaza - Manhattan Portal
31.68,158,Queens,LIE E 84TH ST - 108TH ST
62.13,41,Bronx,CBE W CASTLE HILL AVENUE - TAYLOR AVENUE
44.11,166,Manhattan,GWB E LOWER LEVEL PLAZA - CBE E LOWER LEVEL AMSTERDAM AVE
9.94,710,Queens,TBB N QUEENS ANCHORAGE - BE N
15.53,273,Bronx,MDE S HARLEM RIVER PARK - GWB W AMSTERDAM AVENUE UPPER LEVEL
11.8,1604,Manhattan,Westside Hwy N 57th St - GWB
40.38,52,Brooklyn,GOW S VNB W 92ND STREET - BKLYN GANTRY LOWER LEVEL
50.95,56,Staten Island,WSE S SOUTH AVENUE - VICTORY BOULEVARD
58.4,134,Staten Island,WSE N ARDEN AVENUE - VICTORY BLVD
42.25,56,Manhattan,FDR N - TBB E 116TH STREET - MANHATTAN TRUSS
49.08,87,Brooklyn,GOW S 7TH AVENUE - 92ND STREET
53.43,26,Staten Island,SIE W BRADLEY AVENUE - WOOLEY AVENUE
45.98,46,Staten Island,VNB W-SIE W SI GANTRY LOWER LEVEL - FINGERBOARD ROAD
35.41,309,Queens,CIP S LIE - Hempstead Tpk
50.33,218,Queens,CVE NB LIE - WILLETS PT BLVD
46.6,46,Brooklyn,VNB E-GOWANUS N BROOKLYN GANTRY UPPER LEVEL - 92ND STREET
54.05,153,Bronx,CBE E CASTLE HILL AVE - BE N WATERBURY AVE
47.84,412,Manhattan,Westside Hwy S GWB - 57th St
0.0,0,Brooklyn,GOW S 9TH STREET - 7TH AVENUE
12.42,428,Queens,Whitestone Expwy S Exit 14 (Linden Pl) - VWE S MP8.65 (Exit 13 Northern Blvd)
39.14,54,Staten Island,VNB W-SIE W SI GANTRY LOWER LEVEL - FINGERBOARD ROAD
46.6,30,Staten Island,SIE W BRADLEY AVENUE - WOOLEY AVENUE
44.11,188,Bronx,CBE W U/LEV AMSTERDAM AVE - I95 S EXP LNS
46.6,65,Queens,BE S TBB EXIT RAMP - MANHATTAN LIFT SPAN
42.87,108,Bronx,BE N STRATFORD AVENUE - CASTLE HILL AVE
46.6,46,Brooklyn,VNB E-GOWANUS N BROOKLYN GANTRY UPPER LEVEL - 92ND STREET
49.7,93,Bronx,BWB S Toll Plaza - Queens Anchorage
0.0,0,Brooklyn,GOW N 7TH AVENUE - 9TH STREET
27.34,265,Queens,TBB N QUEENS ANCHORAGE - BE N
16.77,295,Queens,LIE E 84TH ST - 108TH ST
49.08,58,Staten Island,WSE S SOUTH AVENUE - VICTORY BOULEVARD
52.19,102,Queens,VWE N MP8.64 (Exit 13 Northern Blvd) - Whitestone Expwy Exit 14 (Linden Pl)
29.82,183,Queens,Whitestone Expwy S Exit 14 (Linden Pl) - VWE S MP8.65 (Exit 13 Northern Blvd)
54.68,107,Staten Island,SIE W FINGERBOARD ROAD - CLOVE ROAD
0.0,0,Staten Island,SIE W - MLK N WOOLEY AVENUE - WLAKER STREET
14.91,356,Manhattan,11th ave n ganservoort - 12th ave @ 40th st
47.84,29,Staten Island,SIE W BRADLEY AVENUE - WOOLEY AVENUE
37.28,69,Manhattan,BKN Bridge Manhattan Side - FDR N Catherine Slip
54.05,82,Bronx,HRP N LAFAYETTE AVENUE - E TREMONT AVENUE
24.23,218,Manhattan,QMT E Manhattan Side - Toll Plaza
19.88,264,Queens,QMT W Toll Plaza - Manhattan Side
55.92,124,Queens,VWE S MP4.63 (Exit 6 Jamaica Ave) - MP2.66 (Exit 2 Roackaway Blvd)
55.3,174,Queens,LIE WB LITTLE NECK PKWY - NB CVE
60.27,47,Staten Island,SIE W RICHMOND AVENUE - SOUTH AVENUE
55.3,199,Queens,CIP S LIE - Hempstead Tpk
49.7,232,Queens,CIP N TNB - Whitestone Expwy S Exit 14 (Linden Pl)
54.05,112,Staten Island,WSE N-SIE E SOUTH AVENUE - SOUTH AVENUE
44.73,48,Staten island,VNB W-SIE W SI GANTRY UPPER LEVEL - FINGERBOARD ROAD
0.0,0,Bronx,CBE W L/LE V AMSTERDAM AVE - I 95 S LOC LNS
12.42,358,Bronx,MDE S HARLEM RIVER PARK - GWB W AMSTERDAM AVENUE LOWER LEVEL
16.15,202,Manhattan,12th Ave N 40th - 57th St
30.44,243,Bronx,BE S Griswold - Castle Hill Avenue
35.41,106,Queens,Belt Pkwy W 182nd St - JFK Expressway
11.8,270,Manhattan,11th ave s ganservoort - west st @ spring st
11.8,529,Manhattan,12th ave @ 45th - 11 ave ganservoort st
9.94,621,Manhattan,12th ave @ 45th - 11 ave ganservoort st
22.36,240,Manhattan,QMT E Manhattan Side - Toll Plaza
19.26,475,Queens,Belt Pkwy E 182nd St - Laurelton Pkwy N @ SSP
47.22,79,Queens,Belt Pkwy W 182nd St - JFK Expressway
6.21,979,Manhattan,12th ave @ 45th - 11 ave ganservoort st
0.0,0,Staten Island,ROUTE 169 S - MLK WALKER STREET
0.0,0,Staten Island,MLK S - SIE E WALKER STREET - WOOLEY AVENUE
54.68,52,Staten Island,SIE W RICHMOND AVENUE - SOUTH AVENUE
46.6,118,Staten Island,SIE E CLOVE ROAD - FINGERBOARD ROAD
48.46,52,Bronx,BWB N Toll Plaza - HRP N Lafayatte Ave
36.03,448,Queens,CIP NB GCP - TNB
0.0,0,Manhattan,BQE N Atlantic Ave - MAN Bridge Manhattan Side
24.85,290,Queens,TBB N QUEENS ANCHORAGE - BE N
59.65,66,Staten Island,SIE E RICHMOND AVENUE - WOOLEY AVENUE
0.0,0,Staten Island,MLK N WALKER STREET - NJ ROUTE 169
44.11,89,Queens,LIE WB LITTLE NECK PKWY - NB CIP
22.36,325,Manhattan,GWB E LOWER LEVEL PLAZA - CBE E LOWER LEVEL AMSTERDAM AVE
4.34,565,Bronx,CBE W CASTLE HILL AVENUE - TAYLOR AVENUE
45.36,225,Manhattan,FDR S 25th St - Catherine Slip
55.3,124,Queens,TNB S Toll Plaza - Queens Anchorage
49.7,79,Staten Island,SIE E RICHMOND AVENUE - WOOLEY AVENUE
49.7,158,Queens,Laurelton Pkwy N @ SSP - CIP N Hempstead Tpk
50.33,106,Queens,VWE N MP6.39 (Exit 11 Jewel Ave) - MP8.65 (Exit 13 Northern Blvd)
50.33,152,Staten Island,440 N FRANCIS STREET - WSE N TYRELLAN AVE
11.8,910,Queens,CIP S LIE - Hempstead Tpk
14.91,288,Bronx,CBE AMSTERDAM AVE (L/LVL) - MORRIS AVE
55.92,67,Queens,Belt Pkwy W 182nd St - JFK Expressway
39.14,60,Manhattan,FDR N - TBB E 116TH STREET - MANHATTAN TRUSS
26.71,453,Queens,Belt Pkwy W JFK Expressway - VWE N Jamaica Ave
6.21,653,Bronx,CBE W MORRIS AVE - GWB W AMSTERDAM AVE (L/LVL)
0.0,0,Queens,BE S TBB EXIT RAMP - QUEENS ANCHORAGE
56.54,92,Staten Island,WSE S ARDEN AVENUE - BLOOMINGDALE ROAD
26.09,205,Manhattan,QMT E Manhattan Side - Toll Plaza
0.0,0,Staten Island,MLK S - SIE E WALKER STREET - WOOLEY AVENUE
24.85,330,Bronx,CBE W U/LEV AMSTERDAM AVE - I95 S EXP LNS
52.19,81,Brooklyn,GOW N 92ND STREET - 7TH AVENUE
34.17,67,Staten Island,SIE E VNB E FINGERBOARD ROAD - SI GANTRY LOWER LEVEL
25.47,93,Manhattan,FDR N - TBB E 116TH STREET - MANHATTAN TRUSS
9.94,456,Bronx,BWB S Toll Plaza - Queens Anchorage
53.43,117,Staten Island,WSE S BLLOMINGDALE ROAD - TYRELLAN AVENUE
11.8,591,Queens,TBB N QUEENS ANCHORAGE - BE N
0.0,0,Queens,Laurelton Pkwy N @ SSP - CIP N Hempstead Tpk
24.85,199,Manhattan,LINCOLN TUNNEL W NORTH TUBE NY - NJ
14.91,710,Queens,VWE S MP2.66 (Exit 2 Rockaway Blvd) - Belt Pkwy E 182nd St
34.79,127,Bronx,MDE S HARLEM RIVER PARK - GWB W AMSTERDAM AVENUE LOWER LEVEL
20.5,213,Bronx,MDE S HARLEM RIVER PARK - GWB W AMSTERDAM AVENUE LOWER LEVEL
54.05,126,Queens,VWE S MP4.63 (Exit 6 Jamaica Ave) - MP2.66 (Exit 2 Roackaway Blvd)
50.33,92,Brooklyn,VNB W BROOKLYN GANTRY LOWER LEVEL - SI GANTRY LOWER LEVEL
0.0,0,Brooklyn,BQE S - GOW S ALTANTIC AVENUE - 9TH STREET
52.81,141,Staten Island,WSE N TYRELLAN AVENUE - BLOOMINGDALE ROAD
47.22,135,Queens,Whitestone Expwy N Exit 14 (Linden Pl) - BWB N Queens Anchorage
44.11,170,Bronx,BE N Castle Hill Avenue - Griswold Ave
57.78,159,Queens,Laurelton Pkwy S @ SSP - Belt Pkwy W 182nd St
29.2,348,Manhattan,FDR N Catherine Slip - 25th St
9.32,450,Bronx,CBE W MORRIS AVE - GWB W AMSTERDAM AVE (L/LVL)
0.0,0,Queens,BE S TBB EXIT RAMP - QUEENS ANCHORAGE
49.7,155,Staten Island,WSE S TYRELLAN AVENUE - 440 S FRANCIS STREET
60.89,125,Queens,CIP S Hempstead Tpk - Laurelton Pkwy @ SSP
41.63,55,Staten Island,SIE E VNB E FINGERBOARD ROAD - SI GANTRY UPPER LEVEL
21.74,334,Queens,TBB N QUEENS ANCHORAGE - BE N
40.38,54,Queens,CIP N ramp to TNB - TNB Queens Anchorage
59.65,278,Queens,CVE NB GCP - WILLETS PT BLVD
55.3,167,Queens,Belt Pkwy E 182nd St - Laurelton Pkwy N @ SSP
29.2,236,Queens,VWE S MP4.63 (Exit 6 Jamaica Ave) - MP2.66 (Exit 2 Roackaway Blvd)
45.98,54,Bronx,HRP S Lafayette Ave - BWB S Toll Plaza
59.03,84,Queens,LIE W 108TH ST - 84TH ST
24.23,337,Bronx,CBE W U/LEV AMSTERDAM AVE - I95 S EXP LNS
0.0,0,Queens,BE S TBB EXIT RAMP - QUEENS ANCHORAGE
48.46,155,Bronx,BE N Castle Hill Avenue - Griswold Ave
0.0,0,Queens,Belt Pkwy E 182nd St - Laurelton Pkwy N @ SSP
0.0,0,Manhattan,BQE N Atlantic Ave - MAN Bridge Manhattan Side
31.06,140,Bronx,MDE S HARLEM RIVER PARK - GWB W AMSTERDAM AVENUE UPPER LEVEL
44.73,198,Queens,VWE N MP4.63 (Exit 6 - Jamaica Ave) - MP6.39 (Exit 11 Jewel Ave)
43.49,87,Queens,Belt Pkwy W 182nd St - JFK Expressway
24.23,441,Queens,VWE S MP2.66 (Exit 2 Rockaway Blvd) - Belt Pkwy E 182nd St
31.68,318,Manhattan,FDR N Catherine Slip - 25th St
0.0,0,Brooklyn,GOW N 7TH AVENUE - 9TH STREET
13.67,371,Bronx,MDE N RFK Bridge - 142nd St
0.0,0,Manhattan,BBT E Manhattan Portal - Toll Plaza
57.16,130,Bronx,BE S Griswold - Castle Hill Avenue
55.3,84,Brooklyn,VNB W BROOKLYN GANTRY UPPER LEVEL - SI GANTRY UPPER LEVEL
56.54,79,Bronx,HRP N LAFAYETTE AVENUE - E TREMONT AVENUE
48.46,190,Queens,Belt Pkwy E 182nd St - Laurelton Pkwy N @ SSP
50.33,110,Queens,Whitestone Expwy S Exit 14 (Linden Pl) - VWE S MP8.65 (Exit 13 Northern Blvd)
47.84,144,Queens,TNB S Toll Plaza - Queens Anchorage
24.85,104,Manhattan,FDR S Catherine Slip - BKN Bridge Manhattan Side
3.1,1693,Manhattan,LINCOLN TUNNEL W CENTER TUBE NY - NJ
3.72,1368,Manhattan,LINCOLN TUNNEL W CENTER TUBE NY - NJ
0.0,0,Bronx,BRP S FORDHAM ROAD - WATSON AVENUE
9.32,667,Manhattan,12th ave @ 45th - 11 ave ganservoort st
23.61,302,Queens,TBB N QUEENS ANCHORAGE - BE N
4.97,853,Bronx,CBE W MORRIS AVE - GWB W AMSTERDAM AVE (U/LVL)
31.06,229,Queens,MDE S TBB EXIT RAMP - QUEENS ANCHORAGE
49.7,50,Bronx,BWB N Toll Plaza - HRP N Lafayatte Ave
41.63,196,Queens,TBB N QUEENS ANCHORAGE - MANHATTAN LIFT SPAN
36.03,178,Manhattan,BBT E Manhattan Portal - Toll Plaza
46.6,54,Bronx,HRP S Lafayette Ave - BWB S Toll Plaza
14.29,366,Queens,QMT W Toll Plaza - Manhattan Side
37.9,146,Manhattan,LINCOLN TUNNEL E CENTER TUBE NJ - NY
41.63,472,Manhattan,Westside Hwy N 57th St - GWB
45.36,50,Staten Island,SIE E VNB E FINGERBOARD ROAD - SI GANTRY LOWER LEVEL
44.73,143,Queens,BWB S Queens Anchorage - WSE S Exit 14 (Linden Pl)
6.83,1226,Queens,VWE S MP6.39 (Exit 11 Jewel Ave) - MP4.63 (Exit 6 Jamaica Ave)
47.22,53,Bronx,HRP S Lafayette Ave - BWB S Toll Plaza
18.01,255,Bronx,BWB S Toll Plaza - Queens Anchorage
38.52,215,Bronx,CBE W U/LEV AMSTERDAM AVE - I95 S EXP LNS
9.32,766,Manhattan,GWB E LOWER LEVEL PLAZA - CBE E LOWER LEVEL AMSTERDAM AVE
45.36,47,Brooklyn,VNB E-GOWANUS N BROOKLYN GANTRY LOWER LEVEL - 92ND STREET
51.57,107,Staten Island,SIE E CLOVE ROAD - FINGERBOARD ROAD
33.55,267,Queens,VWE N MP4.63 (Exit 6 - Jamaica Ave) - MP6.39 (Exit 11 Jewel Ave)
6.21,689,Bronx,CBE W MORRIS AVE - GWB W AMSTERDAM AVE (U/LVL)
54.05,299,Queens,CIP NB GCP - TNB
13.04,240,Manhattan,12th Ave N 40th - 57th St
0.0,0,Staten Island,MLK S - SIE E WALKER STREET - WOOLEY AVENUE
0.0,0,Staten Island,SIE W - MLK N WOOLEY AVENUE - WLAKER STREET
14.29,295,Bronx,CBE E AMSTERDAM AVE(U/LVL) - MORRIS AVE
44.73,47,Staten island,VNB W-SIE W SI GANTRY UPPER LEVEL - FINGERBOARD ROAD
37.28,173,Manhattan,BBT W Toll Plaza - Manhattan Portal
37.9,117,Bronx,MDE S HARLEM RIVER PARK - GWB W AMSTERDAM AVENUE LOWER LEVEL
54.68,144,Staten Island,WSE N ARDEN AVENUE - VICTORY BLVD
17.39,312,Manhattan,LINCOLN TUNNEL E SOUTH TUBE - NJ - NY
48.46,92,Bronx,HRP N LAFAYETTE AVENUE - E TREMONT AVENUE
45.36,35,Staten Island,SIE E WOOLEY AVENUE - BRADLEY AVENUE
7.45,564,Bronx,MDE S HARLEM RIVER PARK - GWB W AMSTERDAM AVENUE LOWER LEVEL
50.33,106,Queens,VWE N MP6.39 (Exit 11 Jewel Ave) - MP8.65 (Exit 13 Northern Blvd)
16.77,192,Manhattan,12th Ave N 40th - 57th St
37.28,66,Bronx,HRP S Lafayette Ave - BWB S Toll Plaza
19.26,641,Brooklyn,GOW N 7TH AVENUE - 9TH STREET
39.76,208,Bronx,CBE E CASTLE HILL AVE - BE N WATERBURY AVE
40.38,93,Queens,Belt Pkwy W 182nd St - JFK Expressway
12.42,208,Manhattan,BKN Bridge Manhattan Side - FDR N Catherine Slip
14.91,333,Queens,LIE E 84TH ST - 108TH ST
27.34,427,Queens,CIP N LIE ramp - TNB
37.28,124,Bronx,BE N STRATFORD AVENUE - CASTLE HILL AVE
40.38,169,Queens,TNB N Queens Anchorage - Toll Plaza
57.78,141,Bronx,I-87 NYST S Exit 1 - MDE S Van Cortlandt Park
41.01,52,Brooklyn,VNB E-GOWANUS N BROOKLYN GANTRY UPPER LEVEL - 92ND STREET
50.95,62,Staten Island,WSE N VICTORY BLVD - SOUTH AVENUE
16.15,415,Manhattan,FDR N 25th - 63rd St
0.0,0,Queens,QMT W Toll Plaza - Manhattan Side
29.82,230,Queens,VWE S MP4.63 (Exit 6 Jamaica Ave) - MP2.66 (Exit 2 Roackaway Blvd)
24.85,467,Queens,CIP N TNB - Whitestone Expwy S Exit 14 (Linden Pl)
30.44,165,Queens,LIE E 84TH ST - 108TH ST
32.31,362,Queens,CIP N LIE ramp - TNB
44.73,443,Manhattan,Westside Hwy N 57th St - GWB
50.95,214,Queens,CVE NB LIE - WILLETS PT BLVD
45.36,162,Manhattan,GWB E LOWER LEVEL PLAZA - CBE E LOWER LEVEL AMSTERDAM AVE
37.28,82,Queens,BE S TBB EXIT RAMP - MANHATTAN LIFT SPAN
11.18,378,Bronx,CBE W MORRIS AVE - GWB W AMSTERDAM AVE (U/LVL)
51.57,96,Staten Island,WSE N BLOOMUINGDALE ROAD - ARDEN AVENUE
21.74,291,Queens,Whitestone Expwy N Exit 14 (Linden Pl) - BWB N Queens Anchorage
21.12,299,Queens,Whitestone Expwy N Exit 14 (Linden Pl) - BWB N Queens Anchorage
51.57,76,Staten Island,SIE W WOOLEY AVENUE - RICHMOND AVENUE
39.76,208,Bronx,CBE E CASTLE HILL AVE - BE N WATERBURY AVE
52.81,81,Bronx,CBE W MORRIS AVE - GWB W AMSTERDAM AVE (U/LVL)
38.52,120,Queens,BWB N Queens Anchorage - Toll Plaza
55.92,148,Bronx,CBE E CASTLE HILL AVE - BE N WATERBURY AVE
50.95,91,Queens,BWB N Queens Anchorage - Toll Plaza
33.55,70,Manhattan,FDR N - TBB E 116TH STREET - MANHATTAN TRUSS
48.46,158,Staten Island,WSE S TYRELLAN AVENUE - 440 S FRANCIS STREET
40.38,57,Staten Island,SIE E VNB E FINGERBOARD ROAD - SI GANTRY LOWER LEVEL
44.73,114,Bronx,MDE N RFK Bridge - 142nd St
54.05,140,Queens,CIP S Hempstead Tpk - Laurelton Pkwy @ SSP
57.78,189,Queens,CIP S LIE - Hempstead Tpk
0.62,8330,Bronx,CBE W L/LE V AMSTERDAM AVE - I 95 S LOC LNS
22.99,217,Queens,LIE E 84TH ST - 108TH ST
8.07,657,Manhattan,11th ave n ganservoort - 12th ave @ 40th st
56.54,103,Staten Island,SIE W FINGERBOARD ROAD - CLOVE ROAD
54.68,199,Queens,CVE NB LIE - WILLETS PT BLVD
56.54,79,Bronx,HRP N LAFAYETTE AVENUE - E TREMONT AVENUE
0.0,0,Brooklyn,GOW N 7TH AVENUE - 9TH STREET
19.88,546,Queens,VWE S MP2.66 (Exit 2 Rockaway Blvd) - Belt Pkwy E 182nd St
0.0,0,Queens,LIE WB LITTLE NECK PKWY - NB CVE
17.39,725,Brooklyn,GOW N 7TH AVENUE - 9TH STREET
5.59,711,Bronx,MDE S HARLEM RIVER PARK - GWB W AMSTERDAM AVENUE UPPER LEVEL
56.54,193,Queens,CIP S LIE - Hempstead Tpk
52.19,48,Bronx,CBE E TAYLOR AVENUE - CASTLE HILL AVENUE
59.03,75,Bronx,BE S CASTLE HILL AVENUE - STRATFORD AVENUE
0.0,0,Brooklyn,GOW N 9TH STREET - ATLANTIC AVENUE
8.07,638,Manhattan,11th ave n ganservoort - 12th ave @ 40th st
18.01,145,Manhattan,FDR S Catherine Slip - BKN Bridge Manhattan Side
0.0,0,Staten Island,ROUTE 169 S - MLK WALKER STREET
24.85,180,Bronx,BE S CASTLE HILL AVENUE - STRATFORD AVENUE
18.64,569,Queens,VWE S MP2.66 (Exit 2 Rockaway Blvd) - Belt Pkwy E 182nd St
53.43,73,Staten Island,SIE W WOOLEY AVENUE - RICHMOND AVENUE
46.6,253,Queens,CIP N LIE ramp - TNB
54.68,26,Staten Island,SIE W BRADLEY AVENUE - WOOLEY AVENUE
59.03,87,Staten Island,WSE S ARDEN AVENUE - BLOOMINGDALE ROAD
47.84,48,Staten Island,SIE E VNB E FINGERBOARD ROAD - SI GANTRY LOWER LEVEL
16.77,157,Staten Island,SIE E SOUTH AVENUE - RICHMOND AVENUE
56.54,111,Staten Island,WSE S BLLOMINGDALE ROAD - TYRELLAN AVENUE
39.76,58,Staten Island,SIE E VNB E FINGERBOARD ROAD - SI GANTRY UPPER LEVEL
24.85,106,Queens,TNB S Qns Anchorage - CIP S @ TNB
0.0,0,Brooklyn,BQE S - GOW S ALTANTIC AVENUE - 9TH STREET
44.11,125,Bronx,BRP N WATSON AVENUE - FORDHAM ROAD
55.3,45,Bronx,CBE W CASTLE HILL AVENUE - TAYLOR AVENUE
41.01,198,Queens,TBB N QUEENS ANCHORAGE - MANHATTAN LIFT SPAN
27.96,190,Manhattan,QMT E Manhattan Side - Toll Plaza
36.03,322,Queens,CIP N TNB - Whitestone Expwy S Exit 14 (Linden Pl)
50.33,85,Brooklyn,GOW N 92ND STREET - 7TH AVENUE
39.76,171,Manhattan,FDR N 25th - 63rd St
14.29,516,Queens,TBB S MANHATTAN LIFT SPAN - QUEENS ANCHORAGE
56.54,110,Staten Island,WSE S BLLOMINGDALE ROAD - TYRELLAN AVENUE
27.34,159,Bronx,MDE S HARLEM RIVER PARK - GWB W AMSTERDAM AVENUE UPPER LEVEL
11.18,556,Manhattan,12th ave @ 45th - 11 ave ganservoort st
54.05,79,Bronx,CBE E AMSTERDAM AVE(U/LVL) - MORRIS AVE
54.68,107,Staten Island,SIE W FINGERBOARD ROAD - CLOVE ROAD
55.3,173,Queens,LIE WB LITTLE NECK PKWY - NB CVE
0.0,0,Brooklyn,BQE S - GOW S ALTANTIC AVENUE - 9TH STREET
48.46,110,Queens,VWE S MP8.65 (Exit 13 Northern Blvd) - MP6.39 (Exit 11 Jewel Ave)
0.0,0,Brooklyn,GOW S 9TH STREET - 7TH AVENUE
0.0,0,Queens,BE S TBB EXIT RAMP - QUEENS ANCHORAGE
47.22,98,Queens,BWB N Queens Anchorage - Toll Plaza
37.9,62,Manhattan,FDR N - TBB E 116TH STREET - MANHATTAN TRUSS
42.25,464,Manhattan,Westside Hwy S GWB - 57th St
62.13,51,Staten Island,WSE N VICTORY BLVD - SOUTH AVENUE
54.68,85,Brooklyn,VNB E SI GANTRY LOWER LEVEL - BROOLKYN GANTRY LOWER LEVEL
19.26,231,Bronx,MDE S HARLEM RIVER PARK - GWB W AMSTERDAM AVENUE LOWER LEVEL
9.94,414,Bronx,CBE AMSTERDAM AVE (L/LVL) - MORRIS AVE
52.81,149,Staten Island,WSE N ARDEN AVENUE - VICTORY BLVD
0.0,0,Brooklyn,BQE S - GOW S ALTANTIC AVENUE - 9TH STREET
52.19,82,Bronx,CBE E AMSTERDAM AVE(U/LVL) - MORRIS AVE
0.0,0,Staten Island,MLK S - SIE W WALKER STREET - RICHMOND AVENUE
60.27,82,Staten Island,WSE N BLOOMUINGDALE ROAD - ARDEN AVENUE
56.54,121,Queens,VWE S MP4.63 (Exit 6 Jamaica Ave) - MP2.66 (Exit 2 Roackaway Blvd)
17.39,433,Queens,TBB S MANHATTAN LIFT SPAN - QUEENS ANCHORAGE
50.95,104,Queens,VWE S MP8.65 (Exit 13 Northern Blvd) - MP6.39 (Exit 11 Jewel Ave)
59.03,138,Bronx,I-87 NYST S Exit 1 - MDE S Van Cortlandt Park
16.15,136,Queens,CIP N ramp to TNB - TNB Queens Anchorage
57.78,105,Staten Island,WSE N-SIE E SOUTH AVENUE - SOUTH AVENUE
55.3,84,Queens,BWB N Queens Anchorage - Toll Plaza
55.3,150,Bronx,CBE E CASTLE HILL AVE - BE N WATERBURY AVE
44.11,52,Staten Island,SIE E VNB E FINGERBOARD ROAD - SI GANTRY UPPER LEVEL
29.82,262,Queens,Laurelton Pkwy N @ SSP - CIP N Hempstead Tpk
0.0,0,Staten Island,MLK S - SIE E WALKER STREET - WOOLEY AVENUE
12.42,346,Bronx,CBE W MORRIS AVE - GWB W AMSTERDAM AVE (U/LVL)
0.0,0,Brooklyn,GOW S 9TH STREET - 7TH AVENUE
52.19,148,Staten Island,WSE S TYRELLAN AVENUE - 440 S FRANCIS STREET
20.5,328,Queens,VWE S MP4.63 (Exit 6 Jamaica Ave) - MP2.66 (Exit 2 Roackaway Blvd)
47.84,81,Queens,LIE WB LITTLE NECK PKWY - NB CIP
13.04,206,Staten Island,SIE E SOUTH AVENUE - RICHMOND AVENUE
17.39,315,Queens,Whitestone Expwy S Exit 14 (Linden Pl) - VWE S MP8.65 (Exit 13 Northern Blvd)
6.21,809,Manhattan,11th ave n ganservoort - 12th ave @ 40th st
29.82,142,Bronx,CBE AMSTERDAM AVE (L/LVL) - MORRIS AVE
29.82,340,Manhattan,FDR S 25th St - Catherine Slip
49.7,86,Bronx,CBE E AMSTERDAM AVE(U/LVL) - MORRIS AVE
21.74,120,Manhattan,FDR S Catherine Slip - BKN Bridge Manhattan Side
45.36,164,Bronx,BE S Griswold - Castle Hill Avenue
0.0,0,Staten Island,MLK N WALKER STREET - NJ ROUTE 169
47.84,45,Brooklyn,VNB E-GOWANUS N BROOKLYN GANTRY LOWER LEVEL - 92ND STREET
17.39,301,Manhattan,11th ave n ganservoort - 12th ave @ 40th st
49.7,193,Queens,LIE WB LITTLE NECK PKWY - NB CVE
0.0,0,Queens,VWE S MP6.39 (Exit 11 Jewel Ave) - MP4.63 (Exit 6 Jamaica Ave)
53.43,205,Queens,CIP S LIE - Hempstead Tpk
0.0,0,Staten Island,ROUTE 169 S - MLK WALKER STREET
49.08,135,Staten Island,SIE E BRADLEY AVENUE - CLOVE ROAD
57.16,122,Staten Island,SIE W - WSE S SOUTH AVENUE - SOUTH AVENUE
36.03,264,Queens,LIE WB LITTLE NECK PKWY - NB CVE
24.85,286,Queens,MDE S TBB EXIT RAMP - QUEENS ANCHORAGE
52.81,54,Staten Island,WSE S SOUTH AVENUE - VICTORY BOULEVARD
54.05,86,Brooklyn,VNB W BROOKLYN GANTRY UPPER LEVEL - SI GANTRY UPPER LEVEL
40.38,195,Queens,Laurelton Pkwy N @ SSP - CIP N Hempstead Tpk
24.23,264,Manhattan,BBT E Manhattan Portal - Toll Plaza
0.0,0,Staten Island,MLK N WALKER STREET - NJ ROUTE 169
54.05,49,Queens,TNB S Qns Anchorage - CIP S @ TNB
0.0,0,Staten Island,MLK S - SIE W WALKER STREET - RICHMOND AVENUE
30.44,355,Queens,VWE S MP2.66 (Exit 2 Rockaway Blvd) - Belt Pkwy E 182nd St
0.0,0,Staten Island,SIE E-MLK N RICHMOND AVENUE - WALKER STREET
0.0,0,Bronx,BRP S FORDHAM ROAD - WATSON AVENUE
9.32,555,Manhattan,11th ave n ganservoort - 12th ave @ 40th st
58.4,187,Queens,CIP S LIE - Hempstead Tpk
0.0,0,Manhattan,LINCOLN TUNNEL E CENTER TUBE NJ - NY
49.7,155,Staten Island,440 N FRANCIS STREET - WSE N TYRELLAN AVE
17.39,383,Manhattan,FDR S 63rd - 25th St
57.78,135,Staten Island,WSE N ARDEN AVENUE - VICTORY BLVD
57.78,86,Staten Island,WSE N BLOOMUINGDALE ROAD - ARDEN AVENUE
25.47,376,Queens,LIE WB LITTLE NECK PKWY - NB CVE
47.22,105,Queens,LIE W 108TH ST - 84TH ST
16.15,328,Queens,QMT W Toll Plaza - Manhattan Side
20.5,497,Manhattan,FDR S 25th St - Catherine Slip
22.36,98,Queens,CIP N ramp to TNB - TNB Queens Anchorage
0.0,0,Staten Island,MLK S - SIE W WALKER STREET - RICHMOND AVENUE
42.25,120,Bronx,MDE N RFK Bridge - 142nd St
52.19,89,Brooklyn,VNB W BROOKLYN GANTRY LOWER LEVEL - SI GANTRY LOWER LEVEL
32.93,326,Queens,VWE S MP2.66 (Exit 2 Rockaway Blvd) - Belt Pkwy E 182nd St
0.0,0,Brooklyn,GOW N 9TH STREET - ATLANTIC AVENUE
47.22,60,Staten Island,SIE W RICHMOND AVENUE - SOUTH AVENUE
4.97,850,Bronx,MDE S HARLEM RIVER PARK - GWB W AMSTERDAM AVENUE LOWER LEVEL
58.4,119,Staten Island,SIE W - WSE S SOUTH AVENUE - SOUTH AVENUE
54.05,153,Bronx,CBE E CASTLE HILL AVE - BE N WATERBURY AVE
19.26,274,Manhattan,11th ave n ganservoort - 12th ave @ 40th st
38.52,73,Staten Island,SIE W RICHMOND AVENUE - SOUTH AVENUE
19.88,117,Staten Island,SIE E VNB E FINGERBOARD ROAD - SI GANTRY UPPER LEVEL
6.83,757,Manhattan,11th ave n ganservoort - 12th ave @ 40th st
31.68,74,Manhattan,FDR N - TBB E 116TH STREET - MANHATTAN TRUSS
0.0,0,Brooklyn,GOW N 9TH STREET - ATLANTIC AVENUE
55.92,114,Queens,BWB S Queens Anchorage - WSE S Exit 14 (Linden Pl)
14.29,439,Manhattan,BBT W Toll Plaza - Manhattan Portal
0.0,0,Staten Island,MLK S - SIE E WALKER STREET - WOOLEY AVENUE
57.78,49,Staten Island,SIE W RICHMOND AVENUE - SOUTH AVENUE
52.81,206,Queens,CIP N Hempstead Tpk - LIE
29.2,104,Queens,BE S TBB EXIT RAMP - MANHATTAN LIFT SPAN
52.19,146,Staten Island,440 N FRANCIS STREET - WSE N TYRELLAN AVE
57.16,66,Queens,Belt Pkwy W 182nd St - JFK Expressway
22.36,96,Queens,CIP N ramp to TNB - TNB Queens Anchorage
51.57,149,Staten Island,WSE S TYRELLAN AVENUE - 440 S FRANCIS STREET
0.0,0,Staten Island,SIE E-MLK N RICHMOND AVENUE - WALKER STREET
46.6,45,Brooklyn,VNB E-GOWANUS N BROOKLYN GANTRY UPPER LEVEL - 92ND STREET
44.73,31,Staten Island,SIE W BRADLEY AVENUE - WOOLEY AVENUE
31.06,268,Bronx,CBE W U/LEV AMSTERDAM AVE - I95 S EXP LNS
7.45,317,Bronx,CBE W CASTLE HILL AVENUE - TAYLOR AVENUE
33.55,190,Queens,BWB S Queens Anchorage - WSE S Exit 14 (Linden Pl)
47.84,155,Bronx,BE S Griswold - Castle Hill Avenue
40.38,57,Staten Island,SIE E VNB E FINGERBOARD ROAD - SI GANTRY LOWER LEVEL
47.84,44,Brooklyn,GOW S VNB W 92ND STREET - BKLYN GANTRY LOWER LEVEL
45.98,139,Queens,BWB S Queens Anchorage - WSE S Exit 14 (Linden Pl)
50.95,91,Brooklyn,VNB W BROOKLYN GANTRY LOWER LEVEL - SI GANTRY LOWER LEVEL
59.03,272,Queens,CIP NB GCP - TNB
62.13,127,Staten Island,WSE S VICTORY BOULEVARD - ARDEN AVENUE
59.65,137,Bronx,I-87 NYST S Exit 1 - MDE S Van Cortlandt Park
10.56,1790,Manhattan,Westside Hwy N 57th St - GWB
26.71,239,Manhattan,BBT E Manhattan Portal - Toll Plaza
60.27,273,Queens,CVE NB GCP - WILLETS PT BLVD
54.05,115,Staten Island,WSE S BLLOMINGDALE ROAD - TYRELLAN AVENUE
47.22,158,Bronx,BE N Castle Hill Avenue - Griswold Ave
46.6,147,Queens,VWE S MP4.63 (Exit 6 Jamaica Ave) - MP2.66 (Exit 2 Roackaway Blvd)
0.0,0,Manhattan,BQE N Atlantic Ave - BKN Bridge Manhattan Side
13.67,304,Bronx,CBE W MORRIS AVE - GWB W AMSTERDAM AVE (U/LVL)
31.68,69,Queens,CIP N ramp to TNB - TNB Queens Anchorage
22.99,402,Queens,Belt Pkwy E 182nd St - Laurelton Pkwy N @ SSP
0.0,0,Staten Island,SIE E-MLK N RICHMOND AVENUE - WALKER STREET
45.36,48,Queens,CIP N ramp to TNB - TNB Queens Anchorage
54.05,98,Queens,VWE N MP6.39 (Exit 11 Jewel Ave) - MP8.65 (Exit 13 Northern Blvd)
0.0,0,Staten Island,SIE W - MLK N WOOLEY AVENUE - WLAKER STREET
44.11,267,Queens,CIP N LIE ramp - TNB
0.0,0,Bronx,BRP N WATSON AVENUE - FORDHAM ROAD
12.42,176,Manhattan,12th Ave S 57th St - 45th St
39.76,53,Brooklyn,GOW S VNB W 92ND STREET - BKLYN GANTRY UPPER LEVEL
0.0,0,Staten Island,ROUTE 169 S - MLK WALKER STREET
23.61,107,Bronx,CBE E TAYLOR AVENUE - CASTLE HILL AVENUE
0.0,0,Manhattan,LINCOLN TUNNEL E CENTER TUBE NJ - NY
44.11,126,Staten Island,SIE E CLOVE ROAD - FINGERBOARD ROAD
47.22,189,Queens,VWE S MP6.39 (Exit 11 Jewel Ave) - MP4.63 (Exit 6 Jamaica Ave)
49.08,156,Staten Island,440 N FRANCIS STREET - WSE N TYRELLAN AVE
50.33,106,Queens,VWE S MP8.65 (Exit 13 Northern Blvd) - MP6.39 (Exit 11 Jewel Ave)
14.91,325,Manhattan,LINCOLN TUNNEL W NORTH TUBE NY - NJ
45.36,48,Queens,CIP N ramp to TNB - TNB Queens Anchorage
0.0,0,Manhattan,BQE N Atlantic Ave - MAN Bridge Manhattan Side
16.77,418,Brooklyn,BQE S 46TH STREET - LEONARD STREET
27.96,93,Manhattan,BKN Bridge Manhattan Side - FDR N Catherine Slip
31.06,83,Manhattan,BKN Bridge Manhattan Side - FDR N Catherine Slip
0.0,0,Bronx,BRP S FORDHAM ROAD - WATSON AVENUE
39.76,59,Manhattan,FDR N - TBB E 116TH STREET - MANHATTAN TRUSS
14.29,476,Manhattan,FDR N 25th - 63rd St
24.85,355,Queens,VWE S MP6.39 (Exit 11 Jewel Ave) - MP4.63 (Exit 6 Jamaica Ave)
39.14,136,Queens,QMT W Toll Plaza - Manhattan Side
46.6,99,Brooklyn,VNB W BROOKLYN GANTRY UPPER LEVEL - SI GANTRY UPPER LEVEL
7.45,802,Manhattan,12th ave @ 45th - 11 ave ganservoort st
55.92,295,Queens,CVE NB GCP - WILLETS PT BLVD
52.81,47,Bronx,CBE W CASTLE HILL AVENUE - TAYLOR AVENUE
52.19,209,Queens,CVE NB LIE - WILLETS PT BLVD
41.63,55,Staten Island,SIE E VNB E FINGERBOARD ROAD - SI GANTRY LOWER LEVEL
56.54,123,Staten Island,SIE W - WSE S SOUTH AVENUE - SOUTH AVENUE
43.49,148,Queens,Whitestone Expwy N Exit 14 (Linden Pl) - BWB N Queens Anchorage
55.92,45,Bronx,CBE E TAYLOR AVENUE - CASTLE HILL AVENUE
52.81,30,Staten Island,SIE E WOOLEY AVENUE - BRADLEY AVENUE
49.7,154,Staten Island,440 N FRANCIS STREET - WSE N TYRELLAN AVE
36.03,72,Manhattan,BKN Bridge Manhattan Side - FDR N Catherine Slip
44.73,48,Brooklyn,VNB E-GOWANUS N BROOKLYN GANTRY LOWER LEVEL - 92ND STREET
17.39,135,Manhattan,TBB W - FDR S MANHATTAN TRUSS - E116TH STREET
50.95,228,Queens,CIP N TNB - Whitestone Expwy S Exit 14 (Linden Pl)
42.87,457,Manhattan,Westside Hwy N 57th St - GWB
0.0,0,Bronx,BRP S FORDHAM ROAD - WATSON AVENUE
13.67,393,Manhattan,LINCOLN TUNNEL E CENTER TUBE NJ - NY
23.61,252,Staten Island,WSE N-SIE E SOUTH AVENUE - SOUTH AVENUE
50.95,129,Staten Island,SIE E BRADLEY AVENUE - CLOVE ROAD
47.84,157,Staten Island,WSE N TYRELLAN AVENUE - BLOOMINGDALE ROAD
41.01,58,Manhattan,FDR N - TBB E 116TH STREET - MANHATTAN TRUSS
47.22,60,Staten Island,SIE W RICHMOND AVENUE - SOUTH AVENUE
12.42,516,Manhattan,12th ave @ 45th - 11 ave ganservoort st
16.77,326,Manhattan,LINCOLN TUNNEL E CENTER TUBE NJ - NY
52.81,111,Staten Island,SIE W FINGERBOARD ROAD - CLOVE ROAD
60.27,53,Staten Island,WSE N VICTORY BLVD - SOUTH AVENUE
0.0,0,Manhattan,BQE N Atlantic Ave - MAN Bridge Manhattan Side
19.88,131,Manhattan,FDR S Catherine Slip - BKN Bridge Manhattan Side
25.47,251,Manhattan,BBT W Toll Plaza - Manhattan Portal
0.0,0,Manhattan,BQE N Atlantic Ave - BKN Bridge Manhattan Side
18.01,246,Bronx,MDE S HARLEM RIVER PARK - GWB W AMSTERDAM AVENUE LOWER LEVEL
51.57,73,Queens,Belt Pkwy W 182nd St - JFK Expressway
56.54,110,Staten Island,WSE S BLLOMINGDALE ROAD - TYRELLAN AVENUE
41.63,68,Staten Island,SIE W RICHMOND AVENUE - SOUTH AVENUE
33.55,264,Queens,VWE N MP4.63 (Exit 6 - Jamaica Ave) - MP6.39 (Exit 11 Jewel Ave)
11.8,416,Manhattan,LINCOLN TUNNEL W NORTH TUBE NY - NJ
0.0,0,Brooklyn,BQE S - GOW S ALTANTIC AVENUE - 9TH STREET
6.21,352,Manhattan,12th Ave S 57th St - 45th St
64.0,109,Staten Island,SIE W - WSE S SOUTH AVENUE - SOUTH AVENUE
55.3,83,Brooklyn,VNB W BROOKLYN GANTRY LOWER LEVEL - SI GANTRY LOWER LEVEL
0.0,0,Manhattan,11th ave s ganservoort - west st @ spring st
29.2,219,Manhattan,BBT W Toll Plaza - Manhattan Portal
36.66,194,Brooklyn,BQE S 46TH STREET - LEONARD STREET
34.79,157,Bronx,BRP N WATSON AVENUE - FORDHAM ROAD
44.73,49,Queens,CIP N ramp to TNB - TNB Queens Anchorage
0.0,0,Staten Island,MLK S - SIE E WALKER STREET - WOOLEY AVENUE
59.65,137,Bronx,I-87 NYST S Exit 1 - MDE S Van Cortlandt Park
57.16,68,Staten Island,SIE E RICHMOND AVENUE - WOOLEY AVENUE
49.7,51,Bronx,CBE E TAYLOR AVENUE - CASTLE HILL AVENUE
56.54,283,Queens,CIP NB GCP - TNB
41.01,184,Queens,TBB S MANHATTAN LIFT SPAN - QUEENS ANCHORAGE
7.45,743,Manhattan,LINCOLN TUNNEL W CENTER TUBE NY - NJ
44.11,65,Staten Island,SIE W RICHMOND AVENUE - SOUTH AVENUE
50.95,56,Staten Island,WSE S SOUTH AVENUE - VICTORY BOULEVARD
58.4,43,Bronx,CBE W CASTLE HILL AVENUE - TAYLOR AVENUE
42.25,467,Manhattan,Westside Hwy N 57th St - GWB
31.06,160,Manhattan,LINCOLN TUNNEL W NORTH TUBE NY - NJ
10.56,295,Manhattan,12th Ave N 40th - 57th St
57.16,120,Queens,TNB S Toll Plaza - Queens Anchorage
0.0,0,Staten Island,MLK N WALKER STREET - NJ ROUTE 169
40.38,52,Brooklyn,VNB E-GOWANUS N BROOKLYN GANTRY UPPER LEVEL - 92ND STREET
54.68,85,Brooklyn,VNB W BROOKLYN GANTRY UPPER LEVEL - SI GANTRY UPPER LEVEL
42.87,124,Queens,VWE N MP8.64 (Exit 13 Northern Blvd) - Whitestone Expwy Exit 14 (Linden Pl)
39.76,53,Brooklyn,VNB E-GOWANUS N BROOKLYN GANTRY UPPER LEVEL - 92ND STREET
65.24,60,Staten Island,SIE W WOOLEY AVENUE - RICHMOND AVENUE
40.38,70,Staten Island,WSE S SOUTH AVENUE - VICTORY BOULEVARD
31.06,196,Staten Island,WSE N-SIE E SOUTH AVENUE - SOUTH AVENUE
60.89,52,Staten Island,WSE N VICTORY BLVD - SOUTH AVENUE
8.07,532,Bronx,CBE W MORRIS AVE - GWB W AMSTERDAM AVE (L/LVL)
50.95,105,Queens,VWE N MP8.64 (Exit 13 Northern Blvd) - Whitestone Expwy Exit 14 (Linden Pl)
45.98,97,Bronx,BE S CASTLE HILL AVENUE - STRATFORD AVENUE
59.03,117,Staten Island,SIE W - WSE S SOUTH AVENUE - SOUTH AVENUE
38.52,60,Staten Island,SIE E VNB E FINGERBOARD ROAD - SI GANTRY LOWER LEVEL
28.58,240,Queens,TNB S Toll Plaza - Queens Anchorage
35.41,60,Brooklyn,VNB E-GOWANUS N BROOKLYN GANTRY LOWER LEVEL - 92ND STREET
31.06,221,Queens,VWE S MP4.63 (Exit 6 Jamaica Ave) - MP2.66 (Exit 2 Roackaway Blvd)
27.34,161,Bronx,MDE S HARLEM RIVER PARK - GWB W AMSTERDAM AVENUE LOWER LEVEL
55.3,139,Staten Island,WSE S TYRELLAN AVENUE - 440 S FRANCIS STREET
50.33,131,Staten Island,SIE E BRADLEY AVENUE - CLOVE ROAD
39.76,126,Queens,LIE E 84TH ST - 108TH ST
43.49,49,Brooklyn,VNB E-GOWANUS N BROOKLYN GANTRY UPPER LEVEL - 92ND STREET
59.03,85,Queens,LIE E 84TH ST - 108TH ST
50.33,318,Queens,CIP NB GCP - TNB
6.83,586,Bronx,CBE W MORRIS AVE - GWB W AMSTERDAM AVE (U/LVL)
51.57,49,Bronx,CBE E TAYLOR AVENUE - CASTLE HILL AVENUE
21.12,212,Bronx,BE S CASTLE HILL AVENUE - STRATFORD AVENUE
0.0,0,Manhattan,BQE N Atlantic Ave - BKN Bridge Manhattan Side
48.46,95,Brooklyn,VNB W BROOKLYN GANTRY LOWER LEVEL - SI GANTRY LOWER LEVEL
27.96,268,Bronx,BE S Griswold - Castle Hill Avenue
15.53,658,Manhattan,FDR N Catherine Slip - 25th St
59.03,111,Staten Island,SIE E BRADLEY AVENUE - CLOVE ROAD
38.52,55,Staten Island,VNB W-SIE W SI GANTRY LOWER LEVEL - FINGERBOARD ROAD
55.92,146,Bronx,I-87 NYST S Exit 1 - MDE S Van Cortlandt Park
31.68,625,Manhattan,Westside Hwy S GWB - 57th St
39.76,208,Bronx,CBE E CASTLE HILL AVE - BE N WATERBURY AVE
16.15,543,Queens,VWE S MP6.39 (Exit 11 Jewel Ave) - MP4.63 (Exit 6 Jamaica Ave)
0.0,0,Staten Island,MLK N WALKER STREET - NJ ROUTE 169
45.36,47,Brooklyn,GOW S VNB W 92ND STREET - BKLYN GANTRY LOWER LEVEL
46.6,175,Queens,TBB N QUEENS ANCHORAGE - MANHATTAN LIFT SPAN
0.0,0,Staten Island,ROUTE 169 S - MLK WALKER STREET
57.78,86,Staten Island,WSE N BLOOMUINGDALE ROAD - ARDEN AVENUE
45.36,121,Staten Island,SIE E CLOVE ROAD - FINGERBOARD ROAD
1.86,1083,Manhattan,12th Ave S 57th St - 45th St
54.05,83,Bronx,HRP N LAFAYETTE AVENUE - E TREMONT AVENUE
22.99,234,Manhattan,QMT E Manhattan Side - Toll Plaza
26.09,288,Queens,CIP S Hempstead Tpk - Laurelton Pkwy @ SSP
28.58,561,Queens,CIP NB GCP - TNB
14.29,297,Bronx,CBE AMSTERDAM AVE (L/LVL) - MORRIS AVE
51.57,127,Staten Island,SIE E BRADLEY AVENUE - CLOVE ROAD
45.98,100,Brooklyn,VNB E SI GANTRY UPPER LEVEL - BROOKLYN GANTRY UPPER LEVEL
49.08,207,Manhattan,FDR S 25th St - Catherine Slip
50.33,101,Bronx,MDE N RFK Bridge - 142nd St
51.57,145,Bronx,BE S Griswold - Castle Hill Avenue
51.57,82,Brooklyn,GOW S 7TH AVENUE - 92ND STREET
7.45,325,Bronx,CBE W CASTLE HILL AVENUE - TAYLOR AVENUE
53.43,100,Queens,VWE S MP8.65 (Exit 13 Northern Blvd) - MP6.39 (Exit 11 Jewel Ave)
18.64,493,Queens,Belt Pkwy E 182nd St - Laurelton Pkwy N @ SSP
62.13,111,Staten Island,SIE W - WSE S SOUTH AVENUE - SOUTH AVENUE
26.71,95,Bronx,CBE E TAYLOR AVENUE - CASTLE HILL AVENUE
57.78,135,Staten Island,WSE S VICTORY BOULEVARD - ARDEN AVENUE
50.95,88,Bronx,HRP N LAFAYETTE AVENUE - E TREMONT AVENUE
54.05,138,Staten Island,WSE N TYRELLAN AVENUE - BLOOMINGDALE ROAD
43.49,90,Queens,LIE WB LITTLE NECK PKWY - NB CIP
55.3,46,Bronx,CBE W CASTLE HILL AVENUE - TAYLOR AVENUE
11.18,376,Bronx,CBE W MORRIS AVE - GWB W AMSTERDAM AVE (L/LVL)
0.0,0,Staten Island,MLK S - SIE W WALKER STREET - RICHMOND AVENUE
32.31,136,Bronx,MDE S HARLEM RIVER PARK - GWB W AMSTERDAM AVENUE LOWER LEVEL
0.0,0,Brooklyn,VNB E-GOWANUS N BROOKLYN GANTRY UPPER LEVEL - 92ND STREET
58.4,139,Bronx,I-87 NYST S Exit 1 - MDE S Van Cortlandt Park
0.0,0,Staten Island,SIE W - MLK N WOOLEY AVENUE - WLAKER STREET
12.42,535,Manhattan,FDR N 25th - 63rd St
59.65,45,Queens,TNB S Qns Anchorage - CIP S @ TNB
52.19,85,Bronx,HRP N LAFAYETTE AVENUE - E TREMONT AVENUE
29.82,155,Brooklyn,VNB E SI GANTRY UPPER LEVEL - BROOKLYN GANTRY UPPER LEVEL
0.0,0,Queens,VWE N MP8.64 (Exit 13 Northern Blvd) - Whitestone Expwy Exit 14 (Linden Pl)
16.77,151,Manhattan,BKN Bridge Manhattan Side - FDR N Catherine Slip
41.01,56,Staten Island,SIE E VNB E FINGERBOARD ROAD - SI GANTRY LOWER LEVEL
42.87,49,Staten Island,VNB W-SIE W SI GANTRY LOWER LEVEL - FINGERBOARD ROAD
33.55,77,Manhattan,BKN Bridge Manhattan Side - FDR N Catherine Slip
49.7,43,Staten island,VNB W-SIE W SI GANTRY UPPER LEVEL - FINGERBOARD ROAD
22.99,217,Queens,LIE E 84TH ST - 108TH ST
18.01,401,Queens,TBB N QUEENS ANCHORAGE - BE N
15.53,159,Bronx,BWB N Toll Plaza - HRP N Lafayatte Ave
48.46,51,Bronx,BWB N Toll Plaza - HRP N Lafayatte Ave
50.95,84,Bronx,CBE AMSTERDAM AVE (L/LVL) - MORRIS AVE
9.32,805,Queens,Laurelton Pkwy N @ SSP - CIP N Hempstead Tpk
53.43,110,Staten Island,SIE W FINGERBOARD ROAD - CLOVE ROAD
41.01,103,Brooklyn,GOW S 7TH AVENUE - 92ND STREET
0.0,0,Bronx,BRP S FORDHAM ROAD - WATSON AVENUE
61.51,128,Staten Island,WSE N ARDEN AVENUE - VICTORY BLVD
46.6,424,Manhattan,Westside Hwy N 57th St - GWB
3.1,2312,Bronx,CBE W L/LE V AMSTERDAM AVE - I 95 S LOC LNS
48.46,44,Brooklyn,GOW S VNB W 92ND STREET - BKLYN GANTRY LOWER LEVEL
47.22,233,Queens,CIP S LIE - Hempstead Tpk
4.34,1677,Queens,TBB N QUEENS ANCHORAGE - BE N
0.0,0,Brooklyn,GOW N 7TH AVENUE - 9TH STREET
53.43,86,Bronx,BE N STRATFORD AVENUE - CASTLE HILL AVE
0.0,0,Manhattan,BQE N Atlantic Ave - MAN Bridge Manhattan Side
51.57,97,Staten Island,WSE N BLOOMUINGDALE ROAD - ARDEN AVENUE
21.12,350,Manhattan,GWB E LOWER LEVEL PLAZA - CBE E LOWER LEVEL AMSTERDAM AVE
17.39,171,Queens,BE S TBB EXIT RAMP - MANHATTAN LIFT SPAN
24.85,288,Brooklyn,BQE N LEONARD STREET - 46TH STREET
46.6,80,Queens,Belt Pkwy W 182nd St - JFK Expressway
9.32,231,Manhattan,12th Ave S 57th St - 45th St
8.69,720,Manhattan,12th ave @ 45th - 11 ave ganservoort st
0.0,0,Brooklyn,GOW N 92ND STREET - 7TH AVENUE
18.01,430,Queens,Laurelton Pkwy N @ SSP - CIP N Hempstead Tpk
0.0,0,Brooklyn,GOW S 9TH STREET - 7TH AVENUE
36.66,251,Queens,Belt Pkwy E 182nd St - Laurelton Pkwy N @ SSP
50.33,88,Bronx,HRP N LAFAYETTE AVENUE - E TREMONT AVENUE
55.3,48,Staten Island,SIE E SOUTH AVENUE - RICHMOND AVENUE
0.0,0,Staten Island,440 N FRANCIS STREET - WSE N TYRELLAN AVE
53.43,80,Bronx,CBE E AMSTERDAM AVE(U/LVL) - MORRIS AVE
55.3,299,Queens,CVE NB GCP - WILLETS PT BLVD
37.28,295,Queens,CIP N Hempstead Tpk - LIE
57.78,121,Staten Island,SIE W - WSE S SOUTH AVENUE - SOUTH AVENUE
52.81,130,Manhattan,FDR N 25th - 63rd St
41.01,248,Manhattan,FDR N Catherine Slip - 25th St
42.25,67,Staten Island,WSE S SOUTH AVENUE - VICTORY BOULEVARD
45.36,164,Queens,TBB S MANHATTAN LIFT SPAN - QUEENS ANCHORAGE
29.2,80,Manhattan,FDR N - TBB E 116TH STREET - MANHATTAN TRUSS
57.78,130,Queens,CIP S Hempstead Tpk - Laurelton Pkwy @ SSP
15.53,766,Queens,Belt Pkwy W JFK Expressway - VWE N Jamaica Ave
19.88,130,Manhattan,BKN Bridge Manhattan Side - FDR N Catherine Slip
23.61,298,Brooklyn,BQE N LEONARD STREET - 46TH STREET
0.0,0,Brooklyn,GOW N 9TH STREET - ATLANTIC AVENUE
9.32,469,Bronx,MDE S HARLEM RIVER PARK - GWB W AMSTERDAM AVENUE UPPER LEVEL
41.63,128,Queens,VWE S MP8.65 (Exit 13 Northern Blvd) - MP6.39 (Exit 11 Jewel Ave)
0.0,0,Manhattan,LINCOLN TUNNEL E CENTER TUBE NJ - NY
58.4,76,Bronx,BE S CASTLE HILL AVENUE - STRATFORD AVENUE
18.64,483,Queens,Belt Pkwy E 182nd St - Laurelton Pkwy N @ SSP
29.82,155,Brooklyn,VNB E SI GANTRY UPPER LEVEL - BROOKLYN GANTRY UPPER LEVEL
50.95,108,Staten Island,SIE E CLOVE ROAD - FINGERBOARD ROAD
47.84,112,Queens,VWE N MP8.64 (Exit 13 Northern Blvd) - Whitestone Expwy Exit 14 (Linden Pl)
50.95,214,Queens,CIP S LIE - Hempstead Tpk
0.0,0,Bronx,I-87 NYST S Exit 1 - MDE S Van Cortlandt Park
36.66,58,Staten Island,VNB W-SIE W SI GANTRY LOWER LEVEL - FINGERBOARD ROAD
0.0,0,Brooklyn,GOW N 7TH AVENUE - 9TH STREET
56.54,193,Queens,CVE NB LIE - WILLETS PT BLVD
54.05,86,Brooklyn,VNB W BROOKLYN GANTRY LOWER LEVEL - SI GANTRY LOWER LEVEL
42.87,253,Queens,VWE S MP2.66 (Exit 2 Rockaway Blvd) - Belt Pkwy E 182nd St
35.41,553,Manhattan,Westside Hwy N 57th St - GWB
42.87,51,Queens,CIP N ramp to TNB - TNB Queens Anchorage
14.91,174,Staten Island,SIE E SOUTH AVENUE - RICHMOND AVENUE
0.0,0,Staten Island,MLK S - SIE E WALKER STREET - WOOLEY AVENUE
54.68,137,Staten Island,WSE N TYRELLAN AVENUE - BLOOMINGDALE ROAD
9.94,613,Manhattan,12th ave @ 45th - 11 ave ganservoort st
52.81,74,Staten Island,SIE E RICHMOND AVENUE - WOOLEY AVENUE
49.08,87,Brooklyn,GOW N 92ND STREET - 7TH AVENUE
24.23,135,Manhattan,11th ave s ganservoort - west st @ spring st
43.49,49,Brooklyn,GOW S VNB W 92ND STREET - BKLYN GANTRY LOWER LEVEL
49.08,87,Brooklyn,GOW N 92ND STREET - 7TH AVENUE
26.09,98,Manhattan,BKN Bridge Manhattan Side - FDR N Catherine Slip
6.21,990,Manhattan,BBT W Toll Plaza - Manhattan Portal
11.18,1759,Manhattan,Westside Hwy N 57th St - GWB
55.92,123,Queens,TNB N Queens Anchorage - Toll Plaza
0.0,0,Brooklyn,GOW N 9TH STREET - ATLANTIC AVENUE
52.19,82,Brooklyn,GOW S 7TH AVENUE - 92ND STREET
0.0,0,Manhattan,LINCOLN TUNNEL W CENTER TUBE NY - NJ
60.89,52,Staten Island,WSE N VICTORY BLVD - SOUTH AVENUE
18.01,449,Queens,TBB N QUEENS ANCHORAGE - MANHATTAN LIFT SPAN
0.0,0,Staten Island,MLK N WALKER STREET - NJ ROUTE 169
21.74,195,Bronx,CBE E AMSTERDAM AVE(U/LVL) - MORRIS AVE
49.7,93,Brooklyn,VNB E SI GANTRY UPPER LEVEL - BROOKLYN GANTRY UPPER LEVEL
16.77,417,Queens,MDE S TBB EXIT RAMP - QUEENS ANCHORAGE
52.19,89,Brooklyn,VNB W BROOKLYN GANTRY LOWER LEVEL - SI GANTRY LOWER LEVEL
0.0,0,Bronx,BRP S FORDHAM ROAD - WATSON AVENUE
23.61,226,Queens,QMT W Toll Plaza - Manhattan Side
58.4,91,Queens,VWE N MP6.39 (Exit 11 Jewel Ave) - MP8.65 (Exit 13 Northern Blvd)
26.09,178,Brooklyn,VNB E SI GANTRY UPPER LEVEL - BROOKLYN GANTRY UPPER LEVEL
41.01,52,Staten Island,VNB W-SIE W SI GANTRY LOWER LEVEL - FINGERBOARD ROAD
46.6,118,Queens,Whitestone Expwy S Exit 14 (Linden Pl) - VWE S MP8.65 (Exit 13 Northern Blvd)
28.58,100,Staten Island,SIE W RICHMOND AVENUE - SOUTH AVENUE
59.03,84,Staten Island,WSE N BLOOMUINGDALE ROAD - ARDEN AVENUE
0.0,0,Staten Island,MLK S - SIE W WALKER STREET - RICHMOND AVENUE
0.0,0,Manhattan,BQE N Atlantic Ave - BKN Bridge Manhattan Side
42.87,214,Queens,Belt Pkwy E 182nd St - Laurelton Pkwy N @ SSP
38.52,237,Queens,Belt Pkwy E 182nd St - Laurelton Pkwy N @ SSP
38.52,133,Bronx,MDE N RFK Bridge - 142nd St
59.03,66,Staten Island,SIE E RICHMOND AVENUE - WOOLEY AVENUE
0.0,0,Brooklyn,GOW N 7TH AVENUE - 9TH STREET
44.73,68,Queens,BE S TBB EXIT RAMP - MANHATTAN LIFT SPAN
49.08,51,Bronx,CBE E TAYLOR AVENUE - CASTLE HILL AVENUE
26.71,281,Bronx,BE N Castle Hill Avenue - Griswold Ave
44.73,228,Manhattan,FDR S 25th St - Catherine Slip
0.0,0,Queens,Laurelton Pkwy S @ SSP - Belt Pkwy W 182nd St
8.69,503,Bronx,MDE S HARLEM RIVER PARK - GWB W AMSTERDAM AVENUE UPPER LEVEL
45.98,54,Bronx,HRP S Lafayette Ave - BWB S Toll Plaza
14.91,372,Manhattan,West St S Spring St - BBT Manhattan Portal outbound
52.81,74,Staten Island,SIE W WOOLEY AVENUE - RICHMOND AVENUE
0.0,0,Staten Island,MLK S - SIE W WALKER STREET - RICHMOND AVENUE
44.11,48,Brooklyn,GOW S VNB W 92ND STREET - BKLYN GANTRY UPPER LEVEL
56.54,132,Bronx,BE N Castle Hill Avenue - Griswold Ave
41.63,132,Bronx,BRP N WATSON AVENUE - FORDHAM ROAD
39.76,71,Staten Island,SIE W RICHMOND AVENUE - SOUTH AVENUE
29.82,141,Bronx,CBE E AMSTERDAM AVE(U/LVL) - MORRIS AVE
6.21,825,Manhattan,LINCOLN TUNNEL E CENTER TUBE NJ - NY
50.33,215,Queens,VWE S MP2.66 (Exit 2 Rockaway Blvd) - Belt Pkwy E 182nd St
58.4,119,Staten Island,SIE W - WSE S SOUTH AVENUE - SOUTH AVENUE
0.0,0,Brooklyn,GOW N 7TH AVENUE - 9TH STREET
22.36,194,Bronx,MDE S HARLEM RIVER PARK - GWB W AMSTERDAM AVENUE UPPER LEVEL
0.0,0,Brooklyn,GOW S 9TH STREET - 7TH AVENUE
9.94,425,Bronx,CBE W MORRIS AVE - GWB W AMSTERDAM AVE (L/LVL)
38.52,202,Queens,Laurelton Pkwy N @ SSP - CIP N Hempstead Tpk
38.52,61,Manhattan,FDR N - TBB E 116TH STREET - MANHATTAN TRUSS
41.01,198,Queens,TBB N QUEENS ANCHORAGE - MANHATTAN LIFT SPAN
9.32,2103,Manhattan,Westside Hwy N 57th St - GWB
11.8,121,Staten Island,SIE W BRADLEY AVENUE - WOOLEY AVENUE
37.9,61,Staten Island,SIE E VNB E FINGERBOARD ROAD - SI GANTRY UPPER LEVEL
37.9,146,Manhattan,LINCOLN TUNNEL E CENTER TUBE NJ - NY
58.4,103,Staten Island,WSE N-SIE E SOUTH AVENUE - SOUTH AVENUE
56.54,122,Queens,TNB N Queens Anchorage - Toll Plaza
33.55,133,Bronx,MDE S HARLEM RIVER PARK - GWB W AMSTERDAM AVENUE LOWER LEVEL
44.73,168,Queens,TBB S MANHATTAN LIFT SPAN - QUEENS ANCHORAGE
14.29,502,Queens,TBB N QUEENS ANCHORAGE - BE N
0.0,0,Manhattan,BQE N Atlantic Ave - BKN Bridge Manhattan Side
45.36,142,Queens,Whitestone Expwy N Exit 14 (Linden Pl) - BWB N Queens Anchorage
0.0,0,Queens,CIP NB GCP - TNB
10.56,309,Manhattan,11th ave s ganservoort - west st @ spring st
49.7,238,Queens,CIP N LIE ramp - TNB
11.18,206,Manhattan,TBB W - FDR S MANHATTAN TRUSS - E116TH STREET
57.16,96,Queens,Whitestone Expwy S Exit 14 (Linden Pl) - VWE S MP8.65 (Exit 13 Northern Blvd)
50.95,45,Staten Island,SIE E VNB E FINGERBOARD ROAD - SI GANTRY UPPER LEVEL
50.33,106,Queens,VWE N MP8.64 (Exit 13 Northern Blvd) - Whitestone Expwy Exit 14 (Linden Pl)
62.75,51,Staten Island,WSE N VICTORY BLVD - SOUTH AVENUE
51.57,145,Bronx,BE S Griswold - Castle Hill Avenue
41.63,133,Manhattan,LINCOLN TUNNEL W CENTER TUBE NY - NJ
39.76,95,Queens,Belt Pkwy W 182nd St - JFK Expressway
51.57,89,Brooklyn,VNB E SI GANTRY LOWER LEVEL - BROOLKYN GANTRY LOWER LEVEL
52.81,88,Queens,BWB N Queens Anchorage - Toll Plaza
2.48,2966,Bronx,CBE W L/LE V AMSTERDAM AVE - I 95 S LOC LNS
52.19,89,Queens,BWB N Queens Anchorage - Toll Plaza
32.93,166,Manhattan,LINCOLN TUNNEL W CENTER TUBE NY - NJ
49.7,111,Staten Island,SIE E CLOVE ROAD - FINGERBOARD ROAD
0.0,0,Manhattan,BQE N Atlantic Ave - BKN Bridge Manhattan Side
37.28,115,Bronx,CBE E AMSTERDAM AVE(U/LVL) - MORRIS AVE
49.7,323,Queens,CIP NB GCP - TNB
45.98,177,Queens,TBB N QUEENS ANCHORAGE - MANHATTAN LIFT SPAN
8.07,498,Bronx,CBE W MORRIS AVE - GWB W AMSTERDAM AVE (L/LVL)
34.79,62,Queens,CIP N ramp to TNB - TNB Queens Anchorage
31.06,85,Manhattan,FDR S Catherine Slip - BKN Bridge Manhattan Side
0.0,0,Staten Island,MLK S - SIE W WALKER STREET - RICHMOND AVENUE
50.33,89,Bronx,BE S CASTLE HILL AVENUE - STRATFORD AVENUE
59.65,86,Staten Island,WSE S ARDEN AVENUE - BLOOMINGDALE ROAD
9.32,726,Brooklyn,BQE N LEONARD STREET - 46TH STREET
0.0,0,Staten Island,SIE E-MLK N RICHMOND AVENUE - WALKER STREET
9.32,1286,Queens,Belt Pkwy W JFK Expressway - VWE N Jamaica Ave
45.98,92,Brooklyn,GOW N 92ND STREET - 7TH AVENUE
45.98,93,Brooklyn,GOW N 92ND STREET - 7TH AVENUE
47.22,203,Queens,LIE WB LITTLE NECK PKWY - NB CVE
19.26,156,Queens,BE S TBB EXIT RAMP - MANHATTAN LIFT SPAN
35.41,210,Queens,TBB S MANHATTAN LIFT SPAN - QUEENS ANCHORAGE
30.44,78,Manhattan,TBB W - FDR S MANHATTAN TRUSS - E116TH STREET
54.68,26,Staten Island,SIE W BRADLEY AVENUE - WOOLEY AVENUE
50.33,106,Queens,VWE S MP8.65 (Exit 13 Northern Blvd) - MP6.39 (Exit 11 Jewel Ave)
46.6,133,Staten Island,WSE S BLLOMINGDALE ROAD - TYRELLAN AVENUE
17.39,133,Manhattan,FDR N - TBB E 116TH STREET - MANHATTAN TRUSS
41.63,61,Bronx,CBE E TAYLOR AVENUE - CASTLE HILL AVENUE
0.0,0,Manhattan,BQE N Atlantic Ave - BKN Bridge Manhattan Side
37.28,70,Manhattan,FDR S Catherine Slip - BKN Bridge Manhattan Side
27.34,335,Queens,Belt Pkwy E 182nd St - Laurelton Pkwy N @ SSP
13.04,478,Manhattan,BBT W Toll Plaza - Manhattan Portal
37.28,239,Queens,VWE N MP4.63 (Exit 6 - Jamaica Ave) - MP6.39 (Exit 11 Jewel Ave)
30.44,245,Bronx,BE S Griswold - Castle Hill Avenue
20.5,405,Bronx,CBE E CASTLE HILL AVE - BE N WATERBURY AVE
49.7,155,Staten Island,440 N FRANCIS STREET - WSE N TYRELLAN AVE
46.6,142,Staten Island,SIE E BRADLEY AVENUE - CLOVE ROAD
0.0,0,Staten Island,MLK S - SIE W WALKER STREET - RICHMOND AVENUE
0.0,0,Brooklyn,GOW S 9TH STREET - 7TH AVENUE
49.7,93,Brooklyn,VNB W BROOKLYN GANTRY UPPER LEVEL - SI GANTRY UPPER LEVEL
65.86,60,Staten Island,SIE W WOOLEY AVENUE - RICHMOND AVENUE
54.68,114,Staten Island,WSE S BLLOMINGDALE ROAD - TYRELLAN AVENUE
14.29,230,Manhattan,11th ave s ganservoort - west st @ spring st
19.88,216,Brooklyn,GOW N 92ND STREET - 7TH AVENUE
32.93,76,Bronx,CBE W CASTLE HILL AVENUE - TAYLOR AVENUE
19.88,319,Queens,Whitestone Expwy N Exit 14 (Linden Pl) - BWB N Queens Anchorage
10.56,400,Bronx,MDE S HARLEM RIVER PARK - GWB W AMSTERDAM AVENUE UPPER LEVEL
54.05,52,Staten Island,WSE S SOUTH AVENUE - VICTORY BOULEVARD
11.18,374,Bronx,CBE W MORRIS AVE - GWB W AMSTERDAM AVE (L/LVL)
50.95,189,Queens,LIE WB LITTLE NECK PKWY - NB CVE
61.51,99,Staten Island,WSE N-SIE E SOUTH AVENUE - SOUTH AVENUE
38.52,78,Queens,BE S TBB EXIT RAMP - MANHATTAN LIFT SPAN
32.31,115,Queens,Belt Pkwy W 182nd St - JFK Expressway
41.01,186,Staten Island,440 N FRANCIS STREET - WSE N TYRELLAN AVE
50.95,104,Queens,VWE N MP6.39 (Exit 11 Jewel Ave) - MP8.65 (Exit 13 Northern Blvd)
26.09,263,Queens,VWE S MP4.63 (Exit 6 Jamaica Ave) - MP2.66 (Exit 2 Roackaway Blvd)
39.14,61,Manhattan,TBB W - FDR S MANHATTAN TRUSS - E116TH STREET
52.19,144,Queens,CIP S Hempstead Tpk - Laurelton Pkwy @ SSP
47.22,175,Bronx,CBE E CASTLE HILL AVE - BE N WATERBURY AVE
39.76,54,Brooklyn,VNB E-GOWANUS N BROOKLYN GANTRY UPPER LEVEL - 92ND STREET
17.39,317,Manhattan,LINCOLN TUNNEL E CENTER TUBE NJ - NY
23.61,290,Manhattan,FDR S 63rd - 25th St
0.0,0,Staten Island,SIE E-MLK N RICHMOND AVENUE - WALKER STREET
0.0,0,Brooklyn,GOW N 7TH AVENUE - 9TH STREET
27.96,108,Queens,BE S TBB EXIT RAMP - MANHATTAN LIFT SPAN
3.72,2233,Bronx,CBE W L/LE V AMSTERDAM AVE - I 95 S LOC LNS
49.7,51,Bronx,CBE E TAYLOR AVENUE - CASTLE HILL AVENUE
0.0,0,Brooklyn,GOW N 9TH STREET - ATLANTIC AVENUE
0.0,0,Brooklyn,BQE S - GOW S ALTANTIC AVENUE - 9TH STREET
61.51,133,Bronx,I-87 NYST S Exit 1 - MDE S Van Cortlandt Park
53.43,26,Staten Island,SIE W BRADLEY AVENUE - WOOLEY AVENUE
0.0,0,Staten Island,MLK S - SIE E WALKER STREET - WOOLEY AVENUE
8.69,690,Manhattan,12th ave @ 45th - 11 ave ganservoort st
31.68,337,Queens,VWE S MP2.66 (Exit 2 Rockaway Blvd) - Belt Pkwy E 182nd St
11.8,212,Bronx,HRP S Lafayette Ave - BWB S Toll Plaza
34.17,160,Manhattan,LINCOLN TUNNEL E CENTER TUBE NJ - NY
22.99,324,Queens,TBB S MANHATTAN LIFT SPAN - QUEENS ANCHORAGE
59.03,54,Staten Island,WSE N VICTORY BLVD - SOUTH AVENUE
44.73,103,Queens,BWB N Queens Anchorage - Toll Plaza
18.01,355,Manhattan,BBT E Manhattan Portal - Toll Plaza
45.98,164,Queens,TBB S MANHATTAN LIFT SPAN - QUEENS ANCHORAGE
27.34,285,Queens,Laurelton Pkwy N @ SSP - CIP N Hempstead Tpk
44.73,96,Brooklyn,GOW N 92ND STREET - 7TH AVENUE
52.81,141,Bronx,BE N Castle Hill Avenue - Griswold Ave
13.67,356,Manhattan,LINCOLN TUNNEL W NORTH TUBE NY - NJ
26.71,288,Queens,Laurelton Pkwy N @ SSP - CIP N Hempstead Tpk
40.38,487,Manhattan,Westside Hwy S GWB - 57th St
54.68,125,Queens,TNB S Toll Plaza - Queens Anchorage
50.33,109,Staten Island,SIE E CLOVE ROAD - FINGERBOARD ROAD
44.11,202,Queens,VWE N MP4.63 (Exit 6 - Jamaica Ave) - MP6.39 (Exit 11 Jewel Ave)
49.08,113,Queens,Whitestone Expwy S Exit 14 (Linden Pl) - VWE S MP8.65 (Exit 13 Northern Blvd)
45.36,94,Brooklyn,GOW N 92ND STREET - 7TH AVENUE
45.36,51,Staten Island,SIE E VNB E FINGERBOARD ROAD - SI GANTRY UPPER LEVEL
52.81,142,Staten Island,WSE N TYRELLAN AVENUE - BLOOMINGDALE ROAD
18.01,129,Manhattan,FDR N - TBB E 116TH STREET - MANHATTAN TRUSS
0.0,0,Brooklyn,GOW S 9TH STREET - 7TH AVENUE
57.78,86,Staten Island,WSE N BLOOMUINGDALE ROAD - ARDEN AVENUE
31.06,236,Manhattan,GWB E LOWER LEVEL PLAZA - CBE E LOWER LEVEL AMSTERDAM AVE
66.48,78,Staten Island,WSE S ARDEN AVENUE - BLOOMINGDALE ROAD
3.1,693,Manhattan,FDR N - TBB E 116TH STREET - MANHATTAN TRUSS
11.18,227,Manhattan,FDR S Catherine Slip - BKN Bridge Manhattan Side
57.78,65,Queens,Belt Pkwy W 182nd St - JFK Expressway
19.88,197,Staten Island,SIE E RICHMOND AVENUE - WOOLEY AVENUE
39.14,156,Staten Island,WSE N-SIE E SOUTH AVENUE - SOUTH AVENUE
21.12,331,Brooklyn,BQE S 46TH STREET - LEONARD STREET
45.98,61,Staten Island,SIE W RICHMOND AVENUE - SOUTH AVENUE
48.46,52,Bronx,BWB N Toll Plaza - HRP N Lafayatte Ave
54.68,114,Staten Island,WSE S BLLOMINGDALE ROAD - TYRELLAN AVENUE
41.01,305,Brooklyn,GOW S 9TH STREET - 7TH AVENUE
41.63,111,Brooklyn,VNB E SI GANTRY UPPER LEVEL - BROOKLYN GANTRY UPPER LEVEL
37.28,174,Manhattan,BBT W Toll Plaza - Manhattan Portal
0.0,0,Bronx,BRP S FORDHAM ROAD - WATSON AVENUE
57.16,289,Queens,CVE NB GCP - WILLETS PT BLVD
29.2,245,Queens,TBB N QUEENS ANCHORAGE - BE N
22.36,368,Bronx,CBE W U/LEV AMSTERDAM AVE - I95 S EXP LNS
21.74,138,Queens,BE S TBB EXIT RAMP - MANHATTAN LIFT SPAN
54.68,29,Staten Island,SIE E WOOLEY AVENUE - BRADLEY AVENUE
50.95,87,Bronx,HRP N LAFAYETTE AVENUE - E TREMONT AVENUE
42.87,253,Queens,CVE NB LIE - WILLETS PT BLVD
41.63,180,Queens,TBB S MANHATTAN LIFT SPAN - QUEENS ANCHORAGE
0.0,0,Staten Island,MLK N WALKER STREET - NJ ROUTE 169
58.4,46,Queens,TNB S Qns Anchorage - CIP S @ TNB
55.3,45,Bronx,CBE E TAYLOR AVENUE - CASTLE HILL AVENUE
47.84,29,Staten Island,SIE W BRADLEY AVENUE - WOOLEY AVENUE
7.45,319,Bronx,CBE W CASTLE HILL AVENUE - TAYLOR AVENUE
0.0,0,Manhattan,BQE N Atlantic Ave - MAN Bridge Manhattan Side
44.73,48,Staten Island,VNB W-SIE W SI GANTRY LOWER LEVEL - FINGERBOARD ROAD
0.0,0,Brooklyn,GOW N 9TH STREET - ATLANTIC AVENUE
52.19,102,Queens,VWE N MP8.64 (Exit 13 Northern Blvd) - Whitestone Expwy Exit 14 (Linden Pl)
52.19,106,Queens,Whitestone Expwy S Exit 14 (Linden Pl) - VWE S MP8.65 (Exit 13 Northern Blvd)
36.03,231,Bronx,CBE W U/LEV AMSTERDAM AVE - I95 S EXP LNS
0.0,0,Manhattan,BQE N Atlantic Ave - BKN Bridge Manhattan Side
52.81,143,Staten Island,WSE N TYRELLAN AVENUE - BLOOMINGDALE ROAD
54.68,46,Bronx,CBE W CASTLE HILL AVENUE - TAYLOR AVENUE
34.79,159,Bronx,BRP N WATSON AVENUE - FORDHAM ROAD
47.22,194,Queens,Belt Pkwy E 182nd St - Laurelton Pkwy N @ SSP
0.0,0,Queens,BE S TBB EXIT RAMP - QUEENS ANCHORAGE
50.33,156,Staten Island,WSE S VICTORY BOULEVARD - ARDEN AVENUE
48.46,141,Queens,VWE S MP4.63 (Exit 6 Jamaica Ave) - MP2.66 (Exit 2 Roackaway Blvd)
52.81,207,Queens,CIP N Hempstead Tpk - LIE
36.03,248,Queens,VWE N MP4.63 (Exit 6 - Jamaica Ave) - MP6.39 (Exit 11 Jewel Ave)
26.09,318,Bronx,CBE W U/LEV AMSTERDAM AVE - I95 S EXP LNS
55.3,136,Bronx,BE N Castle Hill Avenue - Griswold Ave
49.08,29,Staten Island,SIE W BRADLEY AVENUE - WOOLEY AVENUE
22.36,345,Queens,Laurelton Pkwy N @ SSP - CIP N Hempstead Tpk
44.73,95,Bronx,CBE AMSTERDAM AVE (L/LVL) - MORRIS AVE
8.07,783,Manhattan,12th ave @ 45th - 11 ave ganservoort st
44.73,160,Queens,MDE S TBB EXIT RAMP - QUEENS ANCHORAGE
41.63,119,Queens,LIE W 108TH ST - 84TH ST
54.05,169,Queens,Belt Pkwy E 182nd St - Laurelton Pkwy N @ SSP
46.6,54,Bronx,BWB N Toll Plaza - HRP N Lafayatte Ave
0.0,0,Staten Island,MLK N WALKER STREET - NJ ROUTE 169
51.57,90,Bronx,BE N STRATFORD AVENUE - CASTLE HILL AVE
47.84,90,Brooklyn,GOW N 92ND STREET - 7TH AVENUE
38.52,112,Bronx,MDE S HARLEM RIVER PARK - GWB W AMSTERDAM AVENUE UPPER LEVEL
0.0,0,Brooklyn,GOW N 7TH AVENUE - 9TH STREET
57.16,47,Queens,TNB S Qns Anchorage - CIP S @ TNB
27.96,232,Manhattan,BBT W Toll Plaza - Manhattan Portal
0.0,0,Staten Island,ROUTE 169 S - MLK WALKER STREET
48.46,122,Staten Island,SIE W FINGERBOARD ROAD - CLOVE ROAD
13.67,391,Manhattan,LINCOLN TUNNEL E SOUTH TUBE - NJ - NY
33.55,205,Manhattan,FDR N 25th - 63rd St
0.0,0,Queens,BE S TBB EXIT RAMP - QUEENS ANCHORAGE
44.73,205,Queens,Laurelton Pkwy S @ SSP - Belt Pkwy W 182nd St
0.0,0,Bronx,BE S CASTLE HILL AVENUE - STRATFORD AVENUE
44.11,183,Queens,TBB N QUEENS ANCHORAGE - MANHATTAN LIFT SPAN
11.8,581,Manhattan,FDR N 25th - 63rd St
19.26,378,Queens,TBB N QUEENS ANCHORAGE - BE N
9.94,316,Manhattan,11th ave s ganservoort - west st @ spring st
47.84,134,Queens,BWB S Queens Anchorage - WSE S Exit 14 (Linden Pl)
16.15,325,Queens,QMT W Toll Plaza - Manhattan Side
55.3,138,Staten Island,WSE S TYRELLAN AVENUE - 440 S FRANCIS STREET
14.29,625,Queens,VWE N MP4.63 (Exit 6 - Jamaica Ave) - MP6.39 (Exit 11 Jewel Ave)
29.82,80,Manhattan,TBB W - FDR S MANHATTAN TRUSS - E116TH STREET
20.5,242,Queens,LIE E 84TH ST - 108TH ST
9.94,539,Manhattan,11th ave n ganservoort - 12th ave @ 40th st
12.42,260,Manhattan,12th Ave N 40th - 57th St
7.45,555,Bronx,CBE W MORRIS AVE - GWB W AMSTERDAM AVE (L/LVL)
55.3,100,Queens,Whitestone Expwy S Exit 14 (Linden Pl) - VWE S MP8.65 (Exit 13 Northern Blvd)
45.36,95,Bronx,CBE W MORRIS AVE - GWB W AMSTERDAM AVE (L/LVL)
39.76,288,Queens,CIP N TNB - Whitestone Expwy S Exit 14 (Linden Pl)
50.95,227,Queens,CIP N TNB - Whitestone Expwy S Exit 14 (Linden Pl)
50.95,216,Queens,CIP N Hempstead Tpk - LIE
22.36,523,Queens,CIP N LIE ramp - TNB
0.0,0,Staten Island,ROUTE 169 S - MLK WALKER STREET
14.91,366,Manhattan,LINCOLN TUNNEL E SOUTH TUBE - NJ - NY
56.54,134,Queens,CIP S Hempstead Tpk - Laurelton Pkwy @ SSP
0.0,0,Brooklyn,GOW N 9TH STREET - ATLANTIC AVENUE
52.81,130,Queens,TNB N Queens Anchorage - Toll Plaza
37.28,72,Queens,TNB S Qns Anchorage - CIP S @ TNB
47.22,34,Staten Island,SIE E WOOLEY AVENUE - BRADLEY AVENUE
50.33,321,Queens,CIP NB GCP - TNB
60.89,64,Staten Island,SIE W WOOLEY AVENUE - RICHMOND AVENUE
53.43,152,Bronx,I-87 NYST S Exit 1 - MDE S Van Cortlandt Park
53.43,50,Queens,TNB S Qns Anchorage - CIP S @ TNB
53.43,143,Staten Island,440 N FRANCIS STREET - WSE N TYRELLAN AVE
34.79,160,Manhattan,LINCOLN TUNNEL W CENTER TUBE NY - NJ
37.28,106,Staten Island,SIE E RICHMOND AVENUE - WOOLEY AVENUE
0.0,0,Brooklyn,BQE S - GOW S ALTANTIC AVENUE - 9TH STREET
55.92,196,Queens,CIP N Hempstead Tpk - LIE
45.98,431,Manhattan,Westside Hwy S GWB - 57th St
52.19,113,Staten Island,SIE W FINGERBOARD ROAD - CLOVE ROAD
13.67,473,Manhattan,BBT W Toll Plaza - Manhattan Portal
49.08,169,Bronx,CBE E CASTLE HILL AVE - BE N WATERBURY AVE
49.7,193,Queens,LIE WB LITTLE NECK PKWY - NB CVE
40.38,123,Manhattan,LINCOLN TUNNEL W NORTH TUBE NY - NJ
54.68,167,Queens,Laurelton Pkwy S @ SSP - Belt Pkwy W 182nd St
37.28,148,Manhattan,LINCOLN TUNNEL E SOUTH TUBE - NJ - NY
60.27,65,Staten Island,SIE E RICHMOND AVENUE - WOOLEY AVENUE
52.81,142,Staten Island,WSE N TYRELLAN AVENUE - BLOOMINGDALE ROAD
42.87,100,Bronx,CBE AMSTERDAM AVE (L/LVL) - MORRIS AVE
53.43,140,Staten Island,WSE N TYRELLAN AVENUE - BLOOMINGDALE ROAD
44.11,168,Bronx,BE N Castle Hill Avenue - Griswold Ave
4.97,1248,Queens,VWE S MP4.63 (Exit 6 Jamaica Ave) - MP2.66 (Exit 2 Roackaway Blvd)
34.17,314,Queens,VWE S MP2.66 (Exit 2 Rockaway Blvd) - Belt Pkwy E 182nd St
47.84,248,Queens,CIP N LIE ramp - TNB
0.0,0,Queens,BE S TBB EXIT RAMP - QUEENS ANCHORAGE
47.22,46,Queens,CIP N ramp to TNB - TNB Queens Anchorage
6.83,1267,Queens,VWE S MP6.39 (Exit 11 Jewel Ave) - MP4.63 (Exit 6 Jamaica Ave)
22.36,534,Queens,Belt Pkwy W JFK Expressway - VWE N Jamaica Ave
44.11,162,Queens,MDE S TBB EXIT RAMP - QUEENS ANCHORAGE
0.0,0,Brooklyn,GOW N 7TH AVENUE - 9TH STREET
41.63,128,Queens,VWE N MP8.64 (Exit 13 Northern Blvd) - Whitestone Expwy Exit 14 (Linden Pl)
0.0,0,Staten Island,ROUTE 169 S - MLK WALKER STREET
44.11,161,Brooklyn,BQE N LEONARD STREET - 46TH STREET
0.0,0,Brooklyn,GOW N 9TH STREET - ATLANTIC AVENUE
21.12,485,Manhattan,FDR S 25th St - Catherine Slip
0.0,0,Manhattan,LINCOLN TUNNEL W NORTH TUBE NY - NJ
45.36,150,Manhattan,FDR S 63rd - 25th St
26.71,205,Manhattan,LINCOLN TUNNEL W CENTER TUBE NY - NJ
47.84,97,Bronx,BWB S Toll Plaza - Queens Anchorage
11.8,905,Queens,CIP N Hempstead Tpk - LIE
32.93,228,Queens,TBB S MANHATTAN LIFT SPAN - QUEENS ANCHORAGE
31.68,170,Manhattan,QMT E Manhattan Side - Toll Plaza
43.49,58,Bronx,HRP S Lafayette Ave - BWB S Toll Plaza
51.57,107,Queens,Whitestone Expwy S Exit 14 (Linden Pl) - VWE S MP8.65 (Exit 13 Northern Blvd)
41.63,90,Queens,Belt Pkwy W 182nd St - JFK Expressway
28.58,289,Bronx,CBE W U/LEV AMSTERDAM AVE - I95 S EXP LNS
26.71,309,Bronx,CBE W U/LEV AMSTERDAM AVE - I95 S EXP LNS
27.96,387,Queens,CIP N Hempstead Tpk - LIE
57.78,86,Queens,LIE E 84TH ST - 108TH ST
31.06,173,Manhattan,QMT E Manhattan Side - Toll Plaza
48.46,341,Queens,CVE NB GCP - WILLETS PT BLVD
52.19,48,Bronx,BWB N Toll Plaza - HRP N Lafayatte Ave
48.46,52,Bronx,BWB N Toll Plaza - HRP N Lafayatte Ave
60.27,100,Staten Island,WSE N-SIE E SOUTH AVENUE - SOUTH AVENUE
8.69,480,Bronx,CBE W MORRIS AVE - GWB W AMSTERDAM AVE (U/LVL)
48.46,52,Bronx,HRP S Lafayette Ave - BWB S Toll Plaza
8.69,283,Bronx,CBE W CASTLE HILL AVENUE - TAYLOR AVENUE
29.2,222,Manhattan,BBT E Manhattan Portal - Toll Plaza
39.76,54,Brooklyn,GOW S VNB W 92ND STREET - BKLYN GANTRY UPPER LEVEL
57.16,131,Staten Island,WSE N TYRELLAN AVENUE - BLOOMINGDALE ROAD
62.13,51,Staten Island,WSE N VICTORY BLVD - SOUTH AVENUE
33.55,131,Bronx,MDE S HARLEM RIVER PARK - GWB W AMSTERDAM AVENUE LOWER LEVEL
16.77,321,Queens,QMT W Toll Plaza - Manhattan Side
22.99,520,Queens,Belt Pkwy W JFK Expressway - VWE N Jamaica Ave
0.0,0,Manhattan,BQE N Atlantic Ave - MAN Bridge Manhattan Side
49.08,141,Staten Island,SIE W - WSE S SOUTH AVENUE - SOUTH AVENUE
10.56,378,Brooklyn,GOW N 9TH STREET - ATLANTIC AVENUE
18.64,175,Manhattan,11th ave s ganservoort - west st @ spring st
38.52,120,Brooklyn,VNB E SI GANTRY UPPER LEVEL - BROOKLYN GANTRY UPPER LEVEL
55.3,48,Queens,TNB S Qns Anchorage - CIP S @ TNB
32.93,236,Queens,Laurelton Pkwy N @ SSP - CIP N Hempstead Tpk
6.83,627,Bronx,MDE S HARLEM RIVER PARK - GWB W AMSTERDAM AVENUE UPPER LEVEL
49.7,103,Bronx,MDE N RFK Bridge - 142nd St
22.36,117,Manhattan,FDR S Catherine Slip - BKN Bridge Manhattan Side
49.08,120,Staten Island,SIE W FINGERBOARD ROAD - CLOVE ROAD
18.01,176,Manhattan,12th Ave N 40th - 57th St
51.57,103,Queens,VWE N MP8.64 (Exit 13 Northern Blvd) - Whitestone Expwy Exit 14 (Linden Pl)
35.41,307,Queens,VWE S MP2.66 (Exit 2 Rockaway Blvd) - Belt Pkwy E 182nd St
47.22,90,Brooklyn,GOW S 7TH AVENUE - 92ND STREET
52.19,146,Staten Island,440 N FRANCIS STREET - WSE N TYRELLAN AVE
30.44,226,Manhattan,FDR S 63rd - 25th St
24.85,199,Queens,LIE W 108TH ST - 84TH ST
50.95,49,Bronx,BWB N Toll Plaza - HRP N Lafayatte Ave
29.2,90,Manhattan,FDR S Catherine Slip - BKN Bridge Manhattan Side
24.23,94,Staten Island,SIE E VNB E FINGERBOARD ROAD - SI GANTRY LOWER LEVEL
38.52,120,Brooklyn,VNB E SI GANTRY UPPER LEVEL - BROOKLYN GANTRY UPPER LEVEL
0.0,0,Bronx,BRP S FORDHAM ROAD - WATSON AVENUE
47.22,117,Bronx,BRP N WATSON AVENUE - FORDHAM ROAD
15.53,337,Manhattan,QMT E Manhattan Side - Toll Plaza
37.9,181,Manhattan,FDR S 63rd - 25th St
39.76,98,Queens,LIE WB LITTLE NECK PKWY - NB CIP
21.74,234,Bronx,MDE N RFK Bridge - 142nd St
54.05,86,Brooklyn,VNB W BROOKLYN GANTRY UPPER LEVEL - SI GANTRY UPPER LEVEL
50.33,148,Bronx,BE N Castle Hill Avenue - Griswold Ave
0.0,0,Manhattan,BQE N Atlantic Ave - BKN Bridge Manhattan Side
40.38,115,Brooklyn,VNB E SI GANTRY LOWER LEVEL - BROOLKYN GANTRY LOWER LEVEL
50.33,152,Staten Island,440 N FRANCIS STREET - WSE N TYRELLAN AVE
17.39,267,Brooklyn,VNB E SI GANTRY UPPER LEVEL - BROOKLYN GANTRY UPPER LEVEL
40.38,136,Manhattan,LINCOLN TUNNEL E SOUTH TUBE - NJ - NY
13.67,500,Manhattan,FDR N 25th - 63rd St
59.65,271,Queens,CIP NB GCP - TNB
29.2,134,Staten Island,SIE E RICHMOND AVENUE - WOOLEY AVENUE
40.38,106,Bronx,CBE W MORRIS AVE - GWB W AMSTERDAM AVE (L/LVL)
47.22,165,Staten Island,WSE N ARDEN AVENUE - VICTORY BLVD
4.97,777,Bronx,CBE W MORRIS AVE - GWB W AMSTERDAM AVE (U/LVL)
52.19,85,Bronx,HRP N LAFAYETTE AVENUE - E TREMONT AVENUE
54.68,72,Staten Island,SIE E RICHMOND AVENUE - WOOLEY AVENUE
50.95,130,Staten Island,SIE E BRADLEY AVENUE - CLOVE ROAD
55.3,135,Staten Island,WSE N TYRELLAN AVENUE - BLOOMINGDALE ROAD
57.16,137,Staten Island,WSE N ARDEN AVENUE - VICTORY BLVD
7.45,432,Manhattan,12th Ave N 40th - 57th St
19.26,611,Queens,CIP N LIE ramp - TNB
14.29,98,Staten Island,SIE W BRADLEY AVENUE - WOOLEY AVENUE
50.33,216,Queens,CIP S LIE - Hempstead Tpk
25.47,196,Queens,LIE E 84TH ST - 108TH ST
40.38,105,Brooklyn,GOW N 92ND STREET - 7TH AVENUE
49.7,75,Queens,Belt Pkwy W 182nd St - JFK Expressway
0.0,0,Manhattan,BQE N Atlantic Ave - BKN Bridge Manhattan Side
26.09,416,Queens,CIP S LIE - Hempstead Tpk
0.0,0,Brooklyn,GOW N 7TH AVENUE - 9TH STREET
47.22,189,Queens,VWE S MP6.39 (Exit 11 Jewel Ave) - MP4.63 (Exit 6 Jamaica Ave)
37.9,146,Manhattan,LINCOLN TUNNEL W CENTER TUBE NY - NJ
11.8,1004,Queens,Belt Pkwy W JFK Expressway - VWE N Jamaica Ave
49.08,43,Brooklyn,VNB E-GOWANUS N BROOKLYN GANTRY UPPER LEVEL - 92ND STREET
15.53,344,Queens,QMT W Toll Plaza - Manhattan Side
50.95,105,Queens,VWE S MP8.65 (Exit 13 Northern Blvd) - MP6.39 (Exit 11 Jewel Ave)
55.3,117,Queens,BWB S Queens Anchorage - WSE S Exit 14 (Linden Pl)
2.48,1015,Bronx,CBE W CASTLE HILL AVENUE - TAYLOR AVENUE
14.91,157,Manhattan,FDR N - TBB E 116TH STREET - MANHATTAN TRUSS
0.0,0,Brooklyn,BQE S - GOW S ALTANTIC AVENUE - 9TH STREET
56.54,82,Brooklyn,VNB E SI GANTRY UPPER LEVEL - BROOKLYN GANTRY UPPER LEVEL
6.21,752,Brooklyn,VNB W BROOKLYN GANTRY UPPER LEVEL - SI GANTRY UPPER LEVEL
20.5,161,Manhattan,11th ave s ganservoort - west st @ spring st
36.66,317,Queens,CIP N TNB - Whitestone Expwy S Exit 14 (Linden Pl)
52.81,40,Brooklyn,VNB E-GOWANUS N BROOKLYN GANTRY LOWER LEVEL - 92ND STREET
0.0,0,Brooklyn,BQE S - GOW S ALTANTIC AVENUE - 9TH STREET
9.94,1193,Queens,Belt Pkwy W JFK Expressway - VWE N Jamaica Ave
44.73,167,Queens,TBB S MANHATTAN LIFT SPAN - QUEENS ANCHORAGE
51.57,177,Queens,Laurelton Pkwy S @ SSP - Belt Pkwy W 182nd St
16.15,339,Manhattan,LINCOLN TUNNEL E SOUTH TUBE - NJ - NY
46.6,46,Staten island,VNB W-SIE W SI GANTRY UPPER LEVEL - FINGERBOARD ROAD
44.11,48,Brooklyn,GOW S VNB W 92ND STREET - BKLYN GANTRY UPPER LEVEL
35.41,121,Bronx,CBE W MORRIS AVE - GWB W AMSTERDAM AVE (U/LVL)
47.22,132,Staten Island,WSE S BLLOMINGDALE ROAD - TYRELLAN AVENUE
0.0,0,Manhattan,LINCOLN TUNNEL E CENTER TUBE NJ - NY
57.16,87,Staten Island,WSE N BLOOMUINGDALE ROAD - ARDEN AVENUE
10.56,520,Manhattan,LINCOLN TUNNEL E SOUTH TUBE - NJ - NY
0.0,0,Brooklyn,BQE S 46TH STREET - LEONARD STREET
27.96,167,Bronx,BWB S Toll Plaza - Queens Anchorage
34.79,197,Queens,VWE S MP4.63 (Exit 6 Jamaica Ave) - MP2.66 (Exit 2 Roackaway Blvd)
34.17,261,Queens,VWE N MP4.63 (Exit 6 - Jamaica Ave) - MP6.39 (Exit 11 Jewel Ave)
53.43,50,Queens,TNB S Qns Anchorage - CIP S @ TNB
57.16,109,Staten Island,WSE S BLLOMINGDALE ROAD - TYRELLAN AVENUE
50.95,52,Queens,TNB S Qns Anchorage - CIP S @ TNB
55.3,136,Staten Island,WSE N TYRELLAN AVENUE - BLOOMINGDALE ROAD
0.0,0,Brooklyn,BQE S - GOW S ALTANTIC AVENUE - 9TH STREET
51.57,89,Bronx,BWB S Toll Plaza - Queens Anchorage
31.68,174,Bronx,BRP N WATSON AVENUE - FORDHAM ROAD
47.22,45,Brooklyn,GOW S VNB W 92ND STREET - BKLYN GANTRY UPPER LEVEL
21.12,505,Queens,VWE S MP2.66 (Exit 2 Rockaway Blvd) - Belt Pkwy E 182nd St
53.43,103,Staten Island,SIE E CLOVE ROAD - FINGERBOARD ROAD
64.0,44,Staten Island,SIE W RICHMOND AVENUE - SOUTH AVENUE
31.68,156,Queens,LIE E 84TH ST - 108TH ST
20.5,260,Manhattan,11th ave n ganservoort - 12th ave @ 40th st
0.0,0,Staten Island,MLK S - SIE E WALKER STREET - WOOLEY AVENUE
21.74,340,Bronx,BE N Castle Hill Avenue - Griswold Ave
18.64,241,Bronx,MDE S HARLEM RIVER PARK - GWB W AMSTERDAM AVENUE LOWER LEVEL
10.56,1010,Queens,CIP N Hempstead Tpk - LIE
0.0,0,Queens,VWE N MP4.63 (Exit 6 - Jamaica Ave) - MP6.39 (Exit 11 Jewel Ave)
0.0,0,Staten Island,MLK N WALKER STREET - NJ ROUTE 169
49.7,166,Bronx,CBE E CASTLE HILL AVE - BE N WATERBURY AVE
31.06,160,Queens,LIE E 84TH ST - 108TH ST
15.53,315,Manhattan,LINCOLN TUNNEL W NORTH TUBE NY - NJ
27.96,576,Queens,CIP NB GCP - TNB
43.49,58,Bronx,CBE E TAYLOR AVENUE - CASTLE HILL AVENUE
0.0,0,Staten Island,MLK N WALKER STREET - NJ ROUTE 169
16.77,251,Bronx,CBE E AMSTERDAM AVE(U/LVL) - MORRIS AVE
55.92,99,Queens,Whitestone Expwy S Exit 14 (Linden Pl) - VWE S MP8.65 (Exit 13 Northern Blvd)
48.46,159,Staten Island,WSE S TYRELLAN AVENUE - 440 S FRANCIS STREET
41.01,479,Manhattan,Westside Hwy N 57th St - GWB
0.0,0,Brooklyn,BQE S - GOW S ALTANTIC AVENUE - 9TH STREET
24.85,173,Bronx,CBE W MORRIS AVE - GWB W AMSTERDAM AVE (L/LVL)
42.25,93,Queens,LIE WB LITTLE NECK PKWY - NB CIP
14.29,378,Manhattan,11th ave n ganservoort - 12th ave @ 40th st
44.11,36,Staten Island,SIE E WOOLEY AVENUE - BRADLEY AVENUE
41.01,53,Queens,CIP N ramp to TNB - TNB Queens Anchorage
0.0,0,Brooklyn,GOW S 9TH STREET - 7TH AVENUE
55.3,142,Staten Island,WSE N ARDEN AVENUE - VICTORY BLVD
55.92,51,Staten Island,SIE W RICHMOND AVENUE - SOUTH AVENUE
43.49,65,Staten Island,SIE W RICHMOND AVENUE - SOUTH AVENUE
49.08,43,Staten Island,VNB W-SIE W SI GANTRY LOWER LEVEL - FINGERBOARD ROAD
50.33,85,Brooklyn,GOW S 7TH AVENUE - 92ND STREET
18.64,114,Staten Island,VNB W-SIE W SI GANTRY LOWER LEVEL - FINGERBOARD ROAD
57.16,202,Queens,CIP N TNB - Whitestone Expwy S Exit 14 (Linden Pl)
8.69,704,Manhattan,12th ave @ 45th - 11 ave ganservoort st
62.13,63,Staten Island,SIE W WOOLEY AVENUE - RICHMOND AVENUE
19.26,239,Queens,BWB N Queens Anchorage - Toll Plaza
55.3,51,Staten Island,SIE W RICHMOND AVENUE - SOUTH AVENUE
15.53,165,Manhattan,FDR S Catherine Slip - BKN Bridge Manhattan Side
41.01,57,Staten Island,SIE E VNB E FINGERBOARD ROAD - SI GANTRY LOWER LEVEL
3.1,1321,Bronx,CBE E AMSTERDAM AVE(U/LVL) - MORRIS AVE
42.25,50,Brooklyn,GOW S VNB W 92ND STREET - BKLYN GANTRY UPPER LEVEL
52.19,82,Brooklyn,GOW S 7TH AVENUE - 92ND STREET
39.14,162,Queens,Whitestone Expwy N Exit 14 (Linden Pl) - BWB N Queens Anchorage
19.88,532,Queens,VWE S MP2.66 (Exit 2 Rockaway Blvd) - Belt Pkwy E 182nd St
19.26,421,Bronx,CBE W U/LEV AMSTERDAM AVE - I95 S EXP LNS
0.0,0,Staten Island,MLK S - SIE E WALKER STREET - WOOLEY AVENUE
48.46,44,Brooklyn,GOW S VNB W 92ND STREET - BKLYN GANTRY UPPER LEVEL
39.14,297,Queens,CIP N TNB - Whitestone Expwy S Exit 14 (Linden Pl)
53.43,87,Brooklyn,VNB W BROOKLYN GANTRY LOWER LEVEL - SI GANTRY LOWER LEVEL
31.68,161,Bronx,MDE N RFK Bridge - 142nd St
50.33,85,Brooklyn,GOW S 7TH AVENUE - 92ND STREET
15.53,318,Manhattan,LINCOLN TUNNEL W NORTH TUBE NY - NJ
49.7,43,Brooklyn,VNB E-GOWANUS N BROOKLYN GANTRY UPPER LEVEL - 92ND STREET
29.2,347,Manhattan,FDR S 25th St - Catherine Slip
64.62,49,Staten Island,WSE N VICTORY BLVD - SOUTH AVENUE
18.01,502,Queens,Belt Pkwy E 182nd St - Laurelton Pkwy N @ SSP
0.0,0,Manhattan,BQE N Atlantic Ave - MAN Bridge Manhattan Side
55.3,96,Queens,VWE N MP6.39 (Exit 11 Jewel Ave) - MP8.65 (Exit 13 Northern Blvd)
65.24,60,Staten Island,SIE W WOOLEY AVENUE - RICHMOND AVENUE
54.05,127,Queens,TNB S Toll Plaza - Queens Anchorage
57.16,134,Staten Island,WSE S TYRELLAN AVENUE - 440 S FRANCIS STREET
54.68,69,Queens,Belt Pkwy W 182nd St - JFK Expressway
27.34,156,Brooklyn,GOW N 92ND STREET - 7TH AVENUE
14.91,496,Manhattan,GWB E LOWER LEVEL PLAZA - CBE E LOWER LEVEL AMSTERDAM AVE
51.57,83,Brooklyn,GOW N 92ND STREET - 7TH AVENUE
13.67,423,Staten Island,SIE W FINGERBOARD ROAD - CLOVE ROAD
55.3,83,Queens,BWB N Queens Anchorage - Toll Plaza
46.6,192,Queens,VWE S MP6.39 (Exit 11 Jewel Ave) - MP4.63 (Exit 6 Jamaica Ave)
20.5,437,Queens,VWE N MP4.63 (Exit 6 - Jamaica Ave) - MP6.39 (Exit 11 Jewel Ave)
7.45,867,Manhattan,FDR N 25th - 63rd St
0.0,0,Staten Island,MLK S - SIE W WALKER STREET - RICHMOND AVENUE
29.82,337,Manhattan,FDR N Catherine Slip - 25th St
26.09,387,Manhattan,FDR S 25th St - Catherine Slip
58.4,101,Staten Island,SIE W FINGERBOARD ROAD - CLOVE ROAD
25.47,104,Staten Island,SIE E SOUTH AVENUE - RICHMOND AVENUE
18.01,291,Queens,VWE N MP6.39 (Exit 11 Jewel Ave) - MP8.65 (Exit 13 Northern Blvd)
59.65,87,Staten Island,WSE S ARDEN AVENUE - BLOOMINGDALE ROAD
21.12,475,Manhattan,FDR S 25th St - Catherine Slip
42.25,181,Staten Island,440 N FRANCIS STREET - WSE N TYRELLAN AVE
54.05,109,Staten Island,SIE W FINGERBOARD ROAD - CLOVE ROAD
21.74,375,Bronx,CBE W L/LE V AMSTERDAM AVE - I 95 S LOC LNS
39.76,405,Queens,CIP NB GCP - TNB
45.98,48,Queens,CIP N ramp to TNB - TNB Queens Anchorage
52.81,104,Staten Island,SIE E CLOVE ROAD - FINGERBOARD ROAD
42.87,50,Brooklyn,VNB E-GOWANUS N BROOKLYN GANTRY LOWER LEVEL - 92ND STREET
0.0,0,Manhattan,LINCOLN TUNNEL E CENTER TUBE NJ - NY
14.91,426,Manhattan,12th ave @ 45th - 11 ave ganservoort st
12.42,698,Queens,VWE S MP6.39 (Exit 11 Jewel Ave) - MP4.63 (Exit 6 Jamaica Ave)
16.77,380,Manhattan,BBT E Manhattan Portal - Toll Plaza
0.0,0,Manhattan,BQE N Atlantic Ave - MAN Bridge Manhattan Side
13.67,157,Brooklyn,GOW S VNB W 92ND STREET - BKLYN GANTRY UPPER LEVEL
50.33,56,Staten Island,WSE S SOUTH AVENUE - VICTORY BOULEVARD
43.49,163,Brooklyn,BQE S 46TH STREET - LEONARD STREET
44.73,118,Queens,VWE N MP8.64 (Exit 13 Northern Blvd) - Whitestone Expwy Exit 14 (Linden Pl)
10.56,505,Manhattan,LINCOLN TUNNEL W CENTER TUBE NY - NJ
49.08,43,Brooklyn,VNB E-GOWANUS N BROOKLYN GANTRY UPPER LEVEL - 92ND STREET
32.31,165,Queens,QMT W Toll Plaza - Manhattan Side
63.37,116,Manhattan,GWB E LOWER LEVEL PLAZA - CBE E LOWER LEVEL AMSTERDAM AVE
51.57,212,Queens,CVE NB LIE - WILLETS PT BLVD
52.19,144,Staten Island,WSE N TYRELLAN AVENUE - BLOOMINGDALE ROAD
41.01,52,Staten Island,VNB W-SIE W SI GANTRY LOWER LEVEL - FINGERBOARD ROAD
50.33,92,Brooklyn,VNB E SI GANTRY UPPER LEVEL - BROOKLYN GANTRY UPPER LEVEL
19.26,368,Queens,MDE S TBB EXIT RAMP - QUEENS ANCHORAGE
12.42,555,Queens,VWE S MP4.63 (Exit 6 Jamaica Ave) - MP2.66 (Exit 2 Roackaway Blvd)
30.44,522,Queens,CIP NB GCP - TNB
55.3,112,Staten Island,WSE S BLLOMINGDALE ROAD - TYRELLAN AVENUE
0.0,0,Staten Island,SIE E-MLK N RICHMOND AVENUE - WALKER STREET
54.68,85,Brooklyn,VNB W BROOKLYN GANTRY LOWER LEVEL - SI GANTRY LOWER LEVEL
35.41,139,Queens,LIE W 108TH ST - 84TH ST
52.19,150,Staten Island,WSE S VICTORY BOULEVARD - ARDEN AVENUE
50.95,163,Bronx,CBE E CASTLE HILL AVE - BE N WATERBURY AVE
4.97,1097,Manhattan,LINCOLN TUNNEL E CENTER TUBE NJ - NY
1.86,3423,Bronx,CBE W L/LE V AMSTERDAM AVE - I 95 S LOC LNS
42.25,118,Manhattan,LINCOLN TUNNEL W NORTH TUBE NY - NJ
49.08,58,Staten Island,WSE S SOUTH AVENUE - VICTORY BOULEVARD
33.55,193,Manhattan,BBT E Manhattan Portal - Toll Plaza
44.73,95,Brooklyn,GOW N 92ND STREET - 7TH AVENUE
16.15,262,Bronx,CBE AMSTERDAM AVE (L/LVL) - MORRIS AVE
49.08,402,Manhattan,Westside Hwy N 57th St - GWB
37.28,57,Staten island,VNB W-SIE W SI GANTRY UPPER LEVEL - FINGERBOARD ROAD
18.01,275,Queens,LIE E 84TH ST - 108TH ST
55.3,48,Staten Island,SIE E SOUTH AVENUE - RICHMOND AVENUE
22.36,456,Manhattan,FDR N Catherine Slip - 25th St
20.5,127,Manhattan,FDR S Catherine Slip - BKN Bridge Manhattan Side
51.57,55,Staten Island,SIE W RICHMOND AVENUE - SOUTH AVENUE
32.31,143,Bronx,BWB S Toll Plaza - Queens Anchorage
49.7,132,Staten Island,SIE E BRADLEY AVENUE - CLOVE ROAD
42.87,50,Brooklyn,VNB E-GOWANUS N BROOKLYN GANTRY LOWER LEVEL - 92ND STREET
56.54,67,Queens,Belt Pkwy W 182nd St - JFK Expressway
0.0,0,Staten Island,MLK S - SIE W WALKER STREET - RICHMOND AVENUE
59.03,99,Staten Island,SIE W FINGERBOARD ROAD - CLOVE ROAD
44.11,105,Bronx,BE N STRATFORD AVENUE - CASTLE HILL AVE
52.19,151,Staten Island,WSE N ARDEN AVENUE - VICTORY BLVD
29.2,147,Bronx,CBE E AMSTERDAM AVE(U/LVL) - MORRIS AVE
24.23,413,Manhattan,FDR N Catherine Slip - 25th St
32.93,604,Manhattan,Westside Hwy N 57th St - GWB
41.01,181,Manhattan,GWB E LOWER LEVEL PLAZA - CBE E LOWER LEVEL AMSTERDAM AVE
51.57,55,Staten Island,WSE S SOUTH AVENUE - VICTORY BOULEVARD
12.42,444,Manhattan,LINCOLN TUNNEL W CENTER TUBE NY - NJ
51.57,179,Queens,Laurelton Pkwy S @ SSP - Belt Pkwy W 182nd St
54.05,115,Staten Island,WSE S BLLOMINGDALE ROAD - TYRELLAN AVENUE
27.96,95,Queens,TNB S Qns Anchorage - CIP S @ TNB
0.0,0,Manhattan,LINCOLN TUNNEL W CENTER TUBE NY - NJ
52.19,147,Staten Island,WSE S TYRELLAN AVENUE - 440 S FRANCIS STREET
30.44,210,Queens,Whitestone Expwy N Exit 14 (Linden Pl) - BWB N Queens Anchorage
0.0,0,Bronx,BRP S FORDHAM ROAD - WATSON AVENUE
49.08,58,Staten Island,SIE W RICHMOND AVENUE - SOUTH AVENUE
50.95,215,Queens,CIP S LIE - Hempstead Tpk
9.32,573,Manhattan,11th ave n ganservoort - 12th ave @ 40th st
21.74,360,Queens,Laurelton Pkwy N @ SSP - CIP N Hempstead Tpk
31.06,171,Queens,QMT W Toll Plaza - Manhattan Side
46.6,50,Staten Island,SIE E VNB E FINGERBOARD ROAD - SI GANTRY UPPER LEVEL
58.4,187,Queens,CIP S LIE - Hempstead Tpk
39.76,64,Bronx,CBE E TAYLOR AVENUE - CASTLE HILL AVENUE
30.44,386,Queens,CIP N LIE ramp - TNB
52.19,131,Queens,TNB N Queens Anchorage - Toll Plaza
23.61,108,Manhattan,BKN Bridge Manhattan Side - FDR N Catherine Slip
16.15,304,Manhattan,LINCOLN TUNNEL W NORTH TUBE NY - NJ
50.33,50,Bronx,BWB N Toll Plaza - HRP N Lafayatte Ave
6.21,2983,Manhattan,Westside Hwy N 57th St - GWB
0.0,0,Queens,BE S TBB EXIT RAMP - QUEENS ANCHORAGE
0.0,0,Brooklyn,BQE S - GOW S ALTANTIC AVENUE - 9TH STREET
16.15,559,Queens,Belt Pkwy E 182nd St - Laurelton Pkwy N @ SSP
43.49,53,Staten Island,SIE E VNB E FINGERBOARD ROAD - SI GANTRY LOWER LEVEL
50.95,91,Bronx,BE N STRATFORD AVENUE - CASTLE HILL AVE
0.0,0,Bronx,BRP S FORDHAM ROAD - WATSON AVENUE
0.0,0,Brooklyn,BQE S - GOW S ALTANTIC AVENUE - 9TH STREET
52.19,131,Queens,TNB S Toll Plaza - Queens Anchorage
0.0,0,Staten Island,SIE E-MLK N RICHMOND AVENUE - WALKER STREET
56.54,50,Staten Island,SIE W RICHMOND AVENUE - SOUTH AVENUE
26.09,248,Manhattan,BBT W Toll Plaza - Manhattan Portal
37.9,63,Manhattan,TBB W - FDR S MANHATTAN TRUSS - E116TH STREET
24.85,301,Queens,CIP S Hempstead Tpk - Laurelton Pkwy @ SSP
45.98,46,Brooklyn,GOW S VNB W 92ND STREET - BKLYN GANTRY LOWER LEVEL
31.06,165,Bronx,MDE N RFK Bridge - 142nd St
18.01,395,Queens,TBB N QUEENS ANCHORAGE - BE N
17.39,148,Manhattan,BKN Bridge Manhattan Side - FDR N Catherine Slip
36.03,139,Manhattan,LINCOLN TUNNEL W NORTH TUBE NY - NJ
54.68,97,Queens,VWE N MP6.39 (Exit 11 Jewel Ave) - MP8.65 (Exit 13 Northern Blvd)
36.66,63,Staten Island,SIE E VNB E FINGERBOARD ROAD - SI GANTRY LOWER LEVEL
0.0,0,Queens,LIE WB LITTLE NECK PKWY - NB CVE
14.29,383,Manhattan,LINCOLN TUNNEL E SOUTH TUBE - NJ - NY
49.7,179,Queens,VWE N MP4.63 (Exit 6 - Jamaica Ave) - MP6.39 (Exit 11 Jewel Ave)
39.76,111,Bronx,MDE S HARLEM RIVER PARK - GWB W AMSTERDAM AVENUE LOWER LEVEL
0.0,0,Brooklyn,VNB E-GOWANUS N BROOKLYN GANTRY LOWER LEVEL - 92ND STREET
50.95,135,Queens,TNB S Toll Plaza - Queens Anchorage
62.75,62,Staten Island,SIE W WOOLEY AVENUE - RICHMOND AVENUE
20.5,313,Manhattan,BBT E Manhattan Portal - Toll Plaza
0.0,0,Queens,BE S TBB EXIT RAMP - QUEENS ANCHORAGE
18.01,181,Manhattan,11th ave s ganservoort - west st @ spring st
52.81,119,Staten Island,WSE S BLLOMINGDALE ROAD - TYRELLAN AVENUE
0.0,0,Bronx,MDE N RFK Bridge - 142nd St
59.03,102,Staten Island,WSE N-SIE E SOUTH AVENUE - SOUTH AVENUE
24.23,295,Queens,TBB N QUEENS ANCHORAGE - BE N
49.7,125,Staten Island,WSE S BLLOMINGDALE ROAD - TYRELLAN AVENUE
44.73,135,Staten Island,WSE N-SIE E SOUTH AVENUE - SOUTH AVENUE
0.0,0,Staten Island,ROUTE 169 S - MLK WALKER STREET
45.98,148,Manhattan,FDR N 25th - 63rd St
54.05,127,Queens,TNB N Queens Anchorage - Toll Plaza
46.6,99,Brooklyn,VNB E SI GANTRY UPPER LEVEL - BROOKLYN GANTRY UPPER LEVEL
0.0,0,Manhattan,BQE N Atlantic Ave - BKN Bridge Manhattan Side
9.94,923,Queens,Laurelton Pkwy S @ SSP - Belt Pkwy W 182nd St
39.14,174,Manhattan,FDR S 63rd - 25th St
45.98,431,Manhattan,Westside Hwy S GWB - 57th St
4.97,1313,Manhattan,FDR N 25th - 63rd St
36.03,217,Queens,Laurelton Pkwy N @ SSP - CIP N Hempstead Tpk
22.36,521,Queens,CIP N LIE ramp - TNB
56.54,88,Staten Island,WSE N BLOOMUINGDALE ROAD - ARDEN AVENUE
39.76,494,Manhattan,Westside Hwy S GWB - 57th St
47.22,45,Brooklyn,VNB E-GOWANUS N BROOKLYN GANTRY LOWER LEVEL - 92ND STREET
0.0,0,Staten Island,MLK S - SIE W WALKER STREET - RICHMOND AVENUE
52.81,101,Queens,VWE N MP6.39 (Exit 11 Jewel Ave) - MP8.65 (Exit 13 Northern Blvd)
29.2,188,Bronx,BRP N WATSON AVENUE - FORDHAM ROAD
0.0,0,Manhattan,LINCOLN TUNNEL E CENTER TUBE NJ - NY
16.15,159,Manhattan,FDR S Catherine Slip - BKN Bridge Manhattan Side
39.76,53,Brooklyn,GOW S VNB W 92ND STREET - BKLYN GANTRY LOWER LEVEL
12.42,112,Staten Island,SIE W BRADLEY AVENUE - WOOLEY AVENUE
5.59,1120,Manhattan,FDR N 25th - 63rd St
0.0,0,Bronx,BRP S FORDHAM ROAD - WATSON AVENUE
0.0,0,Manhattan,BQE N Atlantic Ave - BKN Bridge Manhattan Side
53.43,144,Staten Island,440 N FRANCIS STREET - WSE N TYRELLAN AVE
37.28,101,Queens,Belt Pkwy W 182nd St - JFK Expressway
0.0,0,Staten Island,ROUTE 169 S - MLK WALKER STREET
21.12,175,Queens,Belt Pkwy W 182nd St - JFK Expressway
18.01,400,Manhattan,GWB E LOWER LEVEL PLAZA - CBE E LOWER LEVEL AMSTERDAM AVE
50.95,105,Queens,VWE S MP8.65 (Exit 13 Northern Blvd) - MP6.39 (Exit 11 Jewel Ave)
31.06,159,Queens,LIE W 108TH ST - 84TH ST
34.17,188,Manhattan,BBT E Manhattan Portal - Toll Plaza
52.19,82,Bronx,CBE W MORRIS AVE - GWB W AMSTERDAM AVE (L/LVL)
31.06,127,Queens,LIE WB LITTLE NECK PKWY - NB CIP
15.53,290,Brooklyn,VNB E SI GANTRY LOWER LEVEL - BROOLKYN GANTRY LOWER LEVEL
32.93,599,Manhattan,Westside Hwy S GWB - 57th St
21.12,204,Bronx,MDE S HARLEM RIVER PARK - GWB W AMSTERDAM AVENUE UPPER LEVEL
36.03,64,Staten Island,SIE E VNB E FINGERBOARD ROAD - SI GANTRY LOWER LEVEL
42.87,108,Brooklyn,VNB E SI GANTRY LOWER LEVEL - BROOLKYN GANTRY LOWER LEVEL
35.41,156,Manhattan,LINCOLN TUNNEL W CENTER TUBE NY - NJ
43.49,177,Staten Island,WSE S TYRELLAN AVENUE - 440 S FRANCIS STREET
0.0,0,Brooklyn,GOW S 9TH STREET - 7TH AVENUE
60.27,274,Queens,CVE NB GCP - WILLETS PT BLVD
31.68,233,Bronx,BE N Castle Hill Avenue - Griswold Ave
53.43,116,Staten Island,WSE S BLLOMINGDALE ROAD - TYRELLAN AVENUE
24.85,216,Queens,QMT W Toll Plaza - Manhattan Side
0.0,0,Manhattan,BQE N Atlantic Ave - MAN Bridge Manhattan Side
14.29,338,Manhattan,LINCOLN TUNNEL W NORTH TUBE NY - NJ
6.21,666,Bronx,MDE S HARLEM RIVER PARK - GWB W AMSTERDAM AVENUE UPPER LEVEL
45.36,98,Bronx,BE S CASTLE HILL AVENUE - STRATFORD AVENUE
13.04,619,Bronx,CBE W U/LEV AMSTERDAM AVE - I95 S EXP LNS
45.36,151,Queens,TNB N Queens Anchorage - Toll Plaza
51.57,139,Queens,MDE S TBB EXIT RAMP - QUEENS ANCHORAGE
45.36,55,Bronx,HRP S Lafayette Ave - BWB S Toll Plaza
51.57,107,Staten Island,SIE E CLOVE ROAD - FINGERBOARD ROAD
0.0,0,Manhattan,12th Ave S 57th St - 45th St
53.43,166,Queens,VWE N MP4.63 (Exit 6 - Jamaica Ave) - MP6.39 (Exit 11 Jewel Ave)
55.92,45,Bronx,CBE W CASTLE HILL AVENUE - TAYLOR AVENUE
42.87,174,Bronx,BE N Castle Hill Avenue - Griswold Ave
37.9,179,Manhattan,FDR N 25th - 63rd St
52.81,182,Queens,LIE WB LITTLE NECK PKWY - NB CVE
0.0,0,Staten Island,MLK N WALKER STREET - NJ ROUTE 169
55.3,77,Bronx,CBE E AMSTERDAM AVE(U/LVL) - MORRIS AVE
5.59,569,Manhattan,12th Ave N 40th - 57th St
2.48,1240,Manhattan,11th ave s ganservoort - west st @ spring st
31.68,80,Bronx,CBE E TAYLOR AVENUE - CASTLE HILL AVENUE
31.68,216,Queens,TNB N Queens Anchorage - Toll Plaza
47.22,113,Queens,VWE S MP8.65 (Exit 13 Northern Blvd) - MP6.39 (Exit 11 Jewel Ave)
57.16,93,Queens,VWE N MP6.39 (Exit 11 Jewel Ave) - MP8.65 (Exit 13 Northern Blvd)
11.8,527,Manhattan,12th ave @ 45th - 11 ave ganservoort st
0.0,0,Brooklyn,GOW N 7TH AVENUE - 9TH STREET
8.07,685,Manhattan,LINCOLN TUNNEL E SOUTH TUBE - NJ - NY
45.36,47,Brooklyn,VNB E-GOWANUS N BROOKLYN GANTRY LOWER LEVEL - 92ND STREET
49.7,107,Queens,VWE S MP8.65 (Exit 13 Northern Blvd) - MP6.39 (Exit 11 Jewel Ave)
49.7,153,Queens,CIP S Hempstead Tpk - Laurelton Pkwy @ SSP
49.08,109,Queens,VWE N MP6.39 (Exit 11 Jewel Ave) - MP8.65 (Exit 13 Northern Blvd)
16.77,180,Queens,BE S TBB EXIT RAMP - MANHATTAN LIFT SPAN
51.57,49,Bronx,CBE W CASTLE HILL AVENUE - TAYLOR AVENUE
0.0,0,Staten Island,440 N FRANCIS STREET - WSE N TYRELLAN AVE
59.03,138,Bronx,I-87 NYST S Exit 1 - MDE S Van Cortlandt Park
56.54,292,Queens,CVE NB GCP - WILLETS PT BLVD
37.28,255,Queens,LIE WB LITTLE NECK PKWY - NB CVE
14.91,370,Manhattan,LINCOLN TUNNEL E CENTER TUBE NJ - NY
55.3,119,Staten Island,SIE E BRADLEY AVENUE - CLOVE ROAD
52.19,89,Brooklyn,VNB E SI GANTRY LOWER LEVEL - BROOLKYN GANTRY LOWER LEVEL
41.63,132,Manhattan,LINCOLN TUNNEL E SOUTH TUBE - NJ - NY
43.49,190,Bronx,CBE E CASTLE HILL AVE - BE N WATERBURY AVE
6.21,526,Manhattan,12th Ave N 40th - 57th St
29.2,351,Manhattan,FDR S 25th St - Catherine Slip
16.77,298,Manhattan,LINCOLN TUNNEL W NORTH TUBE NY - NJ
57.78,80,Brooklyn,VNB E SI GANTRY LOWER LEVEL - BROOLKYN GANTRY LOWER LEVEL
45.36,95,Bronx,CBE E AMSTERDAM AVE(U/LVL) - MORRIS AVE
0.0,0,Manhattan,12th Ave N 40th - 57th St
60.27,130,Staten Island,WSE N ARDEN AVENUE - VICTORY BLVD
49.7,57,Staten Island,WSE S SOUTH AVENUE - VICTORY BOULEVARD
6.21,707,Bronx,MDE S HARLEM RIVER PARK - GWB W AMSTERDAM AVENUE LOWER LEVEL
7.45,332,Manhattan,FDR S Catherine Slip - BKN Bridge Manhattan Side
54.05,86,Brooklyn,VNB W BROOKLYN GANTRY LOWER LEVEL - SI GANTRY LOWER LEVEL
44.73,164,Manhattan,GWB E LOWER LEVEL PLAZA - CBE E LOWER LEVEL AMSTERDAM AVE
61.51,52,Staten Island,WSE N VICTORY BLVD - SOUTH AVENUE
22.99,102,Manhattan,FDR N - TBB E 116TH STREET - MANHATTAN TRUSS
50.95,84,Bronx,CBE E AMSTERDAM AVE(U/LVL) - MORRIS AVE
11.18,560,Queens,Whitestone Expwy N Exit 14 (Linden Pl) - BWB N Queens Anchorage
60.89,53,Staten Island,WSE N VICTORY BLVD - SOUTH AVENUE
2.48,935,Bronx,CBE W CASTLE HILL AVENUE - TAYLOR AVENUE
23.61,301,Brooklyn,BQE N LEONARD STREET - 46TH STREET
52.81,118,Staten Island,WSE S BLLOMINGDALE ROAD - TYRELLAN AVENUE
47.22,53,Bronx,BWB N Toll Plaza - HRP N Lafayatte Ave
64.62,80,Staten Island,WSE S ARDEN AVENUE - BLOOMINGDALE ROAD
45.36,98,Bronx,HRP N LAFAYETTE AVENUE - E TREMONT AVENUE
48.46,239,Queens,CIP N TNB - Whitestone Expwy S Exit 14 (Linden Pl)
43.49,115,Queens,LIE E 84TH ST - 108TH ST
26.09,210,Bronx,BRP N WATSON AVENUE - FORDHAM ROAD
36.66,538,Manhattan,Westside Hwy S GWB - 57th St
0.0,0,Brooklyn,GOW N 9TH STREET - ATLANTIC AVENUE
0.0,0,Brooklyn,GOW N 92ND STREET - 7TH AVENUE
55.3,150,Bronx,CBE E CASTLE HILL AVE - BE N WATERBURY AVE
6.21,339,Manhattan,12th Ave S 57th St - 45th St
8.07,294,Bronx,HRP S Lafayette Ave - BWB S Toll Plaza
50.33,153,Staten Island,440 N FRANCIS STREET - WSE N TYRELLAN AVE
29.2,668,Manhattan,Westside Hwy N 57th St - GWB
4.97,1176,Queens,Whitestone Expwy N Exit 14 (Linden Pl) - BWB N Queens Anchorage
34.17,88,Queens,BE S TBB EXIT RAMP - MANHATTAN LIFT SPAN
32.93,150,Queens,LIE W 108TH ST - 84TH ST
13.04,250,Manhattan,12th Ave N 40th - 57th St
0.0,0,Staten Island,MLK N WALKER STREET - NJ ROUTE 169
61.51,63,Staten Island,SIE W WOOLEY AVENUE - RICHMOND AVENUE
22.36,239,Queens,QMT W Toll Plaza - Manhattan Side
0.0,0,Staten Island,MLK S - SIE W WALKER STREET - RICHMOND AVENUE
56.54,79,Bronx,HRP N LAFAYETTE AVENUE - E TREMONT AVENUE
36.03,304,Queens,CVE NB LIE - WILLETS PT BLVD
36.03,75,Queens,TNB S Qns Anchorage - CIP S @ TNB
0.0,0,Staten Island,MLK S - SIE W WALKER STREET - RICHMOND AVENUE
37.9,196,Queens,TBB S MANHATTAN LIFT SPAN - QUEENS ANCHORAGE
54.68,85,Bronx,BWB S Toll Plaza - Queens Anchorage
44.73,47,Brooklyn,GOW S VNB W 92ND STREET - BKLYN GANTRY UPPER LEVEL
59.65,26,Staten Island,SIE E WOOLEY AVENUE - BRADLEY AVENUE
47.22,162,Staten Island,440 N FRANCIS STREET - WSE N TYRELLAN AVE
28.58,194,Manhattan,LINCOLN TUNNEL E CENTER TUBE NJ - NY
50.33,395,Manhattan,Westside Hwy S GWB - 57th St
40.38,137,Manhattan,LINCOLN TUNNEL E CENTER TUBE NJ - NY
55.3,48,Queens,TNB S Qns Anchorage - CIP S @ TNB
44.11,266,Queens,CIP N LIE ramp - TNB
34.79,257,Queens,VWE N MP4.63 (Exit 6 - Jamaica Ave) - MP6.39 (Exit 11 Jewel Ave)
45.98,92,Bronx,CBE E AMSTERDAM AVE(U/LVL) - MORRIS AVE
45.98,117,Queens,VWE S MP8.65 (Exit 13 Northern Blvd) - MP6.39 (Exit 11 Jewel Ave)
49.08,101,Queens,LIE W 108TH ST - 84TH ST
40.38,123,Queens,LIE W 108TH ST - 84TH ST
0.0,0,Staten Island,SIE E-MLK N RICHMOND AVENUE - WALKER STREET
55.3,97,Queens,VWE N MP6.39 (Exit 11 Jewel Ave) - MP8.65 (Exit 13 Northern Blvd)
52.81,112,Staten Island,SIE W FINGERBOARD ROAD - CLOVE ROAD
45.98,54,Bronx,BWB N Toll Plaza - HRP N Lafayatte Ave
7.45,715,Manhattan,11th ave n ganservoort - 12th ave @ 40th st
24.23,179,Bronx,MDE S HARLEM RIVER PARK - GWB W AMSTERDAM AVENUE UPPER LEVEL
48.46,95,Brooklyn,VNB W BROOKLYN GANTRY UPPER LEVEL - SI GANTRY UPPER LEVEL
0.0,0,Staten Island,MLK S - SIE E WALKER STREET - WOOLEY AVENUE
36.66,187,Queens,TNB N Queens Anchorage - Toll Plaza
32.93,594,Manhattan,Westside Hwy N 57th St - GWB
44.73,95,Brooklyn,GOW N 92ND STREET - 7TH AVENUE
39.76,173,Manhattan,FDR S 63rd - 25th St
22.36,192,Bronx,CBE E AMSTERDAM AVE(U/LVL) - MORRIS AVE
0.0,0,Brooklyn,GOW N 9TH STREET - ATLANTIC AVENUE
45.98,163,Staten Island,WSE N TYRELLAN AVENUE - BLOOMINGDALE ROAD
15.53,453,Queens,MDE S TBB EXIT RAMP - QUEENS ANCHORAGE
31.06,81,Bronx,CBE W CASTLE HILL AVENUE - TAYLOR AVENUE
12.42,418,Manhattan,11th ave n ganservoort - 12th ave @ 40th st
55.92,51,Staten Island,SIE W RICHMOND AVENUE - SOUTH AVENUE
56.54,104,Staten Island,SIE W FINGERBOARD ROAD - CLOVE ROAD
47.84,59,Staten Island,SIE W RICHMOND AVENUE - SOUTH AVENUE
9.32,1233,Queens,Belt Pkwy W JFK Expressway - VWE N Jamaica Ave
27.96,258,Queens,BE S TBB EXIT RAMP - QUEENS ANCHORAGE
11.18,215,Bronx,HRP S Lafayette Ave - BWB S Toll Plaza
0.0,0,Brooklyn,GOW S 9TH STREET - 7TH AVENUE
45.98,55,Bronx,BWB N Toll Plaza - HRP N Lafayatte Ave
13.67,536,Queens,TBB S MANHATTAN LIFT SPAN - QUEENS ANCHORAGE
22.99,229,Queens,VWE N MP8.64 (Exit 13 Northern Blvd) - Whitestone Expwy Exit 14 (Linden Pl)
18.01,298,Manhattan,QMT E Manhattan Side - Toll Plaza
55.92,96,Queens,VWE N MP8.64 (Exit 13 Northern Blvd) - Whitestone Expwy Exit 14 (Linden Pl)
6.21,642,Bronx,CBE W MORRIS AVE - GWB W AMSTERDAM AVE (L/LVL)
23.61,457,Queens,CIP N Hempstead Tpk - LIE
19.88,272,Manhattan,11th ave n ganservoort - 12th ave @ 40th st
26.09,315,Bronx,CBE W U/LEV AMSTERDAM AVE - I95 S EXP LNS
54.68,29,Staten Island,SIE E WOOLEY AVENUE - BRADLEY AVENUE
54.05,138,Staten Island,WSE N TYRELLAN AVENUE - BLOOMINGDALE ROAD
43.49,159,Queens,VWE S MP4.63 (Exit 6 Jamaica Ave) - MP2.66 (Exit 2 Roackaway Blvd)
55.3,84,Brooklyn,VNB E SI GANTRY LOWER LEVEL - BROOLKYN GANTRY LOWER LEVEL
48.46,106,Bronx,MDE N RFK Bridge - 142nd St
41.01,484,Manhattan,Westside Hwy N 57th St - GWB
0.0,0,Staten Island,MLK S - SIE W WALKER STREET - RICHMOND AVENUE
46.6,65,Queens,BE S TBB EXIT RAMP - MANHATTAN LIFT SPAN
0.0,0,Brooklyn,GOW N 9TH STREET - ATLANTIC AVENUE
0.0,0,Bronx,BRP S FORDHAM ROAD - WATSON AVENUE
26.71,161,Bronx,CBE AMSTERDAM AVE (L/LVL) - MORRIS AVE
0.0,0,Staten Island,SIE E-MLK N RICHMOND AVENUE - WALKER STREET
24.23,297,Queens,TBB N QUEENS ANCHORAGE - BE N
34.79,159,Manhattan,LINCOLN TUNNEL E SOUTH TUBE - NJ - NY
60.27,53,Staten Island,WSE N VICTORY BLVD - SOUTH AVENUE
50.33,50,Bronx,CBE E TAYLOR AVENUE - CASTLE HILL AVENUE
23.61,302,Brooklyn,BQE N LEONARD STREET - 46TH STREET
57.16,122,Staten Island,SIE W - WSE S SOUTH AVENUE - SOUTH AVENUE
34.79,158,Manhattan,LINCOLN TUNNEL E SOUTH TUBE - NJ - NY
58.4,135,Staten Island,WSE N ARDEN AVENUE - VICTORY BLVD
19.26,201,Staten Island,SIE E RICHMOND AVENUE - WOOLEY AVENUE
21.74,326,Brooklyn,BQE S 46TH STREET - LEONARD STREET
0.0,0,Staten Island,MLK N WALKER STREET - NJ ROUTE 169
52.19,30,Staten Island,SIE E WOOLEY AVENUE - BRADLEY AVENUE
42.25,176,Bronx,BE S Griswold - Castle Hill Avenue
57.78,140,Bronx,I-87 NYST S Exit 1 - MDE S Van Cortlandt Park
50.33,85,Bronx,CBE W MORRIS AVE - GWB W AMSTERDAM AVE (U/LVL)
12.42,554,Brooklyn,BQE S 46TH STREET - LEONARD STREET
7.45,412,Manhattan,11th ave s ganservoort - west st @ spring st
62.75,130,Bronx,I-87 NYST S Exit 1 - MDE S Van Cortlandt Park
19.26,169,Manhattan,11th ave s ganservoort - west st @ spring st
0.0,0,Brooklyn,GOW S 9TH STREET - 7TH AVENUE
43.49,251,Queens,CIP S LIE - Hempstead Tpk
50.33,137,Queens,TNB N Queens Anchorage - Toll Plaza
13.67,309,Bronx,MDE S HARLEM RIVER PARK - GWB W AMSTERDAM AVENUE UPPER LEVEL
0.0,0,Brooklyn,GOW N 9TH STREET - ATLANTIC AVENUE
53.43,100,Queens,VWE S MP8.65 (Exit 13 Northern Blvd) - MP6.39 (Exit 11 Jewel Ave)
29.2,394,Queens,CIP N TNB - Whitestone Expwy S Exit 14 (Linden Pl)
43.49,164,Queens,MDE S TBB EXIT RAMP - QUEENS ANCHORAGE
1.86,2425,Manhattan,West St S Spring St - BBT Manhattan Portal outbound
54.68,126,Queens,TNB S Toll Plaza - Queens Anchorage
59.65,44,Staten Island,SIE E SOUTH AVENUE - RICHMOND AVENUE
42.87,193,Bronx,CBE E CASTLE HILL AVE - BE N WATERBURY AVE
16.15,326,Manhattan,QMT E Manhattan Side - Toll Plaza
55.3,70,Staten Island,SIE E RICHMOND AVENUE - WOOLEY AVENUE
50.95,84,Brooklyn,GOW N 92ND STREET - 7TH AVENUE
18.01,292,Manhattan,11th ave n ganservoort - 12th ave @ 40th st
10.56,600,Manhattan,12th ave @ 45th - 11 ave ganservoort st
46.6,54,Bronx,HRP S Lafayette Ave - BWB S Toll Plaza
35.41,252,Queens,VWE N MP4.63 (Exit 6 - Jamaica Ave) - MP6.39 (Exit 11 Jewel Ave)
54.68,85,Queens,BWB N Queens Anchorage - Toll Plaza
59.65,277,Queens,CVE NB GCP - WILLETS PT BLVD
0.0,0,Manhattan,BQE N Atlantic Ave - BKN Bridge Manhattan Side
28.58,323,Queens,Belt Pkwy E 182nd St - Laurelton Pkwy N @ SSP
34.17,134,Brooklyn,VNB E SI GANTRY UPPER LEVEL - BROOKLYN GANTRY UPPER LEVEL
54.68,211,Queens,CIP N TNB - Whitestone Expwy S Exit 14 (Linden Pl)
13.67,392,Manhattan,11th ave n ganservoort - 12th ave @ 40th st
0.0,0,Staten Island,MLK S - SIE W WALKER STREET - RICHMOND AVENUE
0.0,0,Bronx,BRP S FORDHAM ROAD - WATSON AVENUE
45.98,101,Queens,BWB N Queens Anchorage - Toll Plaza
27.34,370,Manhattan,FDR S 25th St - Catherine Slip
52.81,144,Queens,CIP S Hempstead Tpk - Laurelton Pkwy @ SSP
42.25,126,Queens,VWE N MP8.64 (Exit 13 Northern Blvd) - Whitestone Expwy Exit 14 (Linden Pl)
41.01,39,Staten Island,SIE E WOOLEY AVENUE - BRADLEY AVENUE
36.66,126,Brooklyn,VNB E SI GANTRY LOWER LEVEL - BROOLKYN GANTRY LOWER LEVEL
41.63,119,Manhattan,LINCOLN TUNNEL W NORTH TUBE NY - NJ
29.2,55,Staten Island,SIE E WOOLEY AVENUE - BRADLEY AVENUE
50.95,144,Manhattan,GWB E LOWER LEVEL PLAZA - CBE E LOWER LEVEL AMSTERDAM AVE
28.58,187,Manhattan,QMT E Manhattan Side - Toll Plaza
52.19,151,Staten Island,WSE S VICTORY BOULEVARD - ARDEN AVENUE
43.49,98,Bronx,CBE W MORRIS AVE - GWB W AMSTERDAM AVE (U/LVL)
0.0,0,Bronx,BRP S FORDHAM ROAD - WATSON AVENUE
43.49,164,Queens,MDE S TBB EXIT RAMP - QUEENS ANCHORAGE
54.05,126,Queens,TNB N Queens Anchorage - Toll Plaza
49.7,94,Brooklyn,VNB W BROOKLYN GANTRY LOWER LEVEL - SI GANTRY LOWER LEVEL
18.01,281,Bronx,MDE N RFK Bridge - 142nd St
56.54,45,Bronx,CBE W CASTLE HILL AVENUE - TAYLOR AVENUE
37.9,521,Manhattan,Westside Hwy N 57th St - GWB
45.98,349,Queens,CIP NB GCP - TNB
44.11,247,Queens,CIP N Hempstead Tpk - LIE
28.58,272,Queens,Laurelton Pkwy N @ SSP - CIP N Hempstead Tpk
39.14,278,Queens,CVE NB LIE - WILLETS PT BLVD
26.71,205,Manhattan,LINCOLN TUNNEL W CENTER TUBE NY - NJ
0.0,0,Staten Island,MLK S - SIE E WALKER STREET - WOOLEY AVENUE
23.61,110,Manhattan,BKN Bridge Manhattan Side - FDR N Catherine Slip
29.2,189,Bronx,BRP N WATSON AVENUE - FORDHAM ROAD
12.42,454,Manhattan,West St S Spring St - BBT Manhattan Portal outbound
47.22,45,Brooklyn,VNB E-GOWANUS N BROOKLYN GANTRY UPPER LEVEL - 92ND STREET
29.82,364,Queens,VWE S MP2.66 (Exit 2 Rockaway Blvd) - Belt Pkwy E 182nd St
30.44,176,Manhattan,QMT E Manhattan Side - Toll Plaza
31.68,626,Manhattan,Westside Hwy S GWB - 57th St
50.95,105,Queens,VWE N MP8.64 (Exit 13 Northern Blvd) - Whitestone Expwy Exit 14 (Linden Pl)
52.81,130,Manhattan,FDR S 63rd - 25th St
22.99,468,Queens,VWE S MP2.66 (Exit 2 Rockaway Blvd) - Belt Pkwy E 182nd St
43.49,49,Brooklyn,GOW S VNB W 92ND STREET - BKLYN GANTRY LOWER LEVEL
42.25,191,Queens,TBB N QUEENS ANCHORAGE - MANHATTAN LIFT SPAN
51.57,86,Bronx,HRP N LAFAYETTE AVENUE - E TREMONT AVENUE
0.0,0,Brooklyn,GOW S 9TH STREET - 7TH AVENUE
38.52,55,Staten island,VNB W-SIE W SI GANTRY UPPER LEVEL - FINGERBOARD ROAD
26.71,197,Queens,VWE N MP8.64 (Exit 13 Northern Blvd) - Whitestone Expwy Exit 14 (Linden Pl)
0.0,0,Staten Island,SIE W - MLK N WOOLEY AVENUE - WLAKER STREET
58.4,119,Staten Island,SIE W - WSE S SOUTH AVENUE - SOUTH AVENUE
55.92,141,Staten Island,WSE N ARDEN AVENUE - VICTORY BLVD
50.95,316,Queens,CIP NB GCP - TNB
42.87,49,Brooklyn,VNB E-GOWANUS N BROOKLYN GANTRY LOWER LEVEL - 92ND STREET
45.36,166,Queens,CIP S Hempstead Tpk - Laurelton Pkwy @ SSP
45.98,46,Brooklyn,VNB E-GOWANUS N BROOKLYN GANTRY UPPER LEVEL - 92ND STREET
58.4,119,Staten Island,SIE W - WSE S SOUTH AVENUE - SOUTH AVENUE
50.33,137,Queens,TNB S Toll Plaza - Queens Anchorage
53.43,141,Queens,CIP S Hempstead Tpk - Laurelton Pkwy @ SSP
27.34,155,Bronx,CBE AMSTERDAM AVE (L/LVL) - MORRIS AVE
59.65,154,Queens,Belt Pkwy E 182nd St - Laurelton Pkwy N @ SSP
10.56,393,Bronx,CBE W MORRIS AVE - GWB W AMSTERDAM AVE (L/LVL)
38.52,55,Brooklyn,VNB E-GOWANUS N BROOKLYN GANTRY LOWER LEVEL - 92ND STREET
56.54,292,Queens,CVE NB GCP - WILLETS PT BLVD
7.45,732,Manhattan,LINCOLN TUNNEL E SOUTH TUBE - NJ - NY
11.8,356,Bronx,MDE S HARLEM RIVER PARK - GWB W AMSTERDAM AVENUE UPPER LEVEL
62.13,52,Staten Island,WSE N VICTORY BLVD - SOUTH AVENUE
0.0,0,Brooklyn,BQE S - GOW S ALTANTIC AVENUE - 9TH STREET
57.78,284,Queens,CVE NB GCP - WILLETS PT BLVD
35.41,202,Brooklyn,BQE N LEONARD STREET - 46TH STREET
2.48,3016,Bronx,CBE W L/LE V AMSTERDAM AVE - I 95 S LOC LNS
62.75,71,Bronx,HRP N LAFAYETTE AVENUE - E TREMONT AVENUE
21.74,373,Bronx,I-87 NYST S Exit 1 - MDE S Van Cortlandt Park
55.92,48,Queens,TNB S Qns Anchorage - CIP S @ TNB
54.05,82,Bronx,HRP N LAFAYETTE AVENUE - E TREMONT AVENUE
47.22,189,Queens,VWE N MP4.63 (Exit 6 - Jamaica Ave) - MP6.39 (Exit 11 Jewel Ave)
37.28,173,Manhattan,BBT E Manhattan Portal - Toll Plaza
0.0,0,Brooklyn,GOW N 9TH STREET - ATLANTIC AVENUE
8.69,823,Manhattan,GWB E LOWER LEVEL PLAZA - CBE E LOWER LEVEL AMSTERDAM AVE
49.7,237,Queens,CIP N LIE ramp - TNB
42.25,57,Manhattan,TBB W - FDR S MANHATTAN TRUSS - E116TH STREET
44.73,172,Staten Island,WSE S TYRELLAN AVENUE - 440 S FRANCIS STREET
27.96,94,Manhattan,FDR S Catherine Slip - BKN Bridge Manhattan Side
54.68,72,Staten Island,SIE E RICHMOND AVENUE - WOOLEY AVENUE
49.7,93,Brooklyn,VNB W BROOKLYN GANTRY UPPER LEVEL - SI GANTRY UPPER LEVEL
37.28,272,Manhattan,FDR S 25th St - Catherine Slip
0.0,0,Brooklyn,BQE S - GOW S ALTANTIC AVENUE - 9TH STREET
0.0,0,Manhattan,BQE N Atlantic Ave - MAN Bridge Manhattan Side
41.01,201,Bronx,CBE W U/LEV AMSTERDAM AVE - I95 S EXP LNS
46.6,426,Manhattan,Westside Hwy S GWB - 57th St
39.76,171,Manhattan,FDR S 63rd - 25th St
13.04,588,Queens,Laurelton Pkwy N @ SSP - CIP N Hempstead Tpk
52.81,41,Queens,CIP N ramp to TNB - TNB Queens Anchorage
54.68,216,Queens,CIP N LIE ramp - TNB
18.64,250,Bronx,BWB S Toll Plaza - Queens Anchorage
51.57,140,Queens,MDE S TBB EXIT RAMP - QUEENS ANCHORAGE
20.5,255,Manhattan,QMT E Manhattan Side - Toll Plaza
59.03,133,Staten Island,WSE S VICTORY BOULEVARD - ARDEN AVENUE
32.93,371,Queens,Belt Pkwy W JFK Expressway - VWE N Jamaica Ave
8.69,786,Manhattan,BQE N Atlantic Ave - BKN Bridge Manhattan Side
48.46,44,Brooklyn,GOW S VNB W 92ND STREET - BKLYN GANTRY LOWER LEVEL
46.6,234,Queens,CIP N Hempstead Tpk - LIE
45.98,46,Brooklyn,GOW S VNB W 92ND STREET - BKLYN GANTRY LOWER LEVEL
0.0,0,Staten Island,SIE E-MLK N RICHMOND AVENUE - WALKER STREET
50.33,217,Queens,CIP S LIE - Hempstead Tpk
62.75,111,Staten Island,SIE W - WSE S SOUTH AVENUE - SOUTH AVENUE
13.04,251,Manhattan,12th Ave N 40th - 57th St
34.79,203,Brooklyn,BQE N LEONARD STREET - 46TH STREET
0.0,0,Brooklyn,GOW N 7TH AVENUE - 9TH STREET
53.43,93,Staten Island,WSE N BLOOMUINGDALE ROAD - ARDEN AVENUE
59.03,84,Queens,LIE E 84TH ST - 108TH ST
1.86,3619,Bronx,CBE W L/LE V AMSTERDAM AVE - I 95 S LOC LNS
27.96,76,Staten Island,VNB W-SIE W SI GANTRY LOWER LEVEL - FINGERBOARD ROAD
36.66,125,Bronx,BWB S Toll Plaza - Queens Anchorage
11.18,626,Queens,TBB N QUEENS ANCHORAGE - BE N
49.08,43,Brooklyn,VNB E-GOWANUS N BROOKLYN GANTRY LOWER LEVEL - 92ND STREET
52.81,51,Queens,TNB S Qns Anchorage - CIP S @ TNB
42.25,131,Bronx,BRP N WATSON AVENUE - FORDHAM ROAD
21.12,257,Manhattan,LINCOLN TUNNEL E CENTER TUBE NJ - NY
39.14,118,Queens,BWB N Queens Anchorage - Toll Plaza
38.52,513,Manhattan,Westside Hwy S GWB - 57th St
4.97,628,Manhattan,11th ave s ganservoort - west st @ spring st
56.54,47,Queens,TNB S Qns Anchorage - CIP S @ TNB
34.79,76,Manhattan,FDR S Catherine Slip - BKN Bridge Manhattan Side
41.01,283,Queens,CIP N TNB - Whitestone Expwy S Exit 14 (Linden Pl)
0.0,0,Staten Island,SIE W - MLK N WOOLEY AVENUE - WLAKER STREET
0.0,0,Manhattan,FDR S Catherine Slip - BKN Bridge Manhattan Side
57.78,80,Queens,BWB N Queens Anchorage - Toll Plaza
0.0,0,Staten Island,SIE W - MLK N WOOLEY AVENUE - WLAKER STREET
35.41,157,Manhattan,LINCOLN TUNNEL E SOUTH TUBE - NJ - NY
48.46,102,Queens,LIE W 108TH ST - 84TH ST
40.38,106,Bronx,CBE E AMSTERDAM AVE(U/LVL) - MORRIS AVE
59.03,84,Staten Island,WSE N BLOOMUINGDALE ROAD - ARDEN AVENUE
6.83,789,Manhattan,11th ave n ganservoort - 12th ave @ 40th st
53.43,103,Queens,Whitestone Expwy S Exit 14 (Linden Pl) - VWE S MP8.65 (Exit 13 Northern Blvd)
40.38,222,Queens,VWE S MP6.39 (Exit 11 Jewel Ave) - MP4.63 (Exit 6 Jamaica Ave)
19.88,130,Manhattan,BKN Bridge Manhattan Side - FDR N Catherine Slip
49.08,58,Staten Island,SIE W RICHMOND AVENUE - SOUTH AVENUE
52.19,126,Staten Island,SIE E BRADLEY AVENUE - CLOVE ROAD
45.36,102,Brooklyn,VNB E SI GANTRY UPPER LEVEL - BROOKLYN GANTRY UPPER LEVEL
0.0,0,Brooklyn,GOW S 9TH STREET - 7TH AVENUE
30.44,209,Queens,BWB S Queens Anchorage - WSE S Exit 14 (Linden Pl)
51.57,51,Staten Island,SIE E SOUTH AVENUE - RICHMOND AVENUE
1.86,4222,Bronx,CBE W L/LE V AMSTERDAM AVE - I 95 S LOC LNS
34.17,70,Manhattan,TBB W - FDR S MANHATTAN TRUSS - E116TH STREET
40.38,115,Queens,BWB N Queens Anchorage - Toll Plaza
16.15,185,Queens,BE S TBB EXIT RAMP - MANHATTAN LIFT SPAN
26.71,80,Staten Island,VNB W-SIE W SI GANTRY LOWER LEVEL - FINGERBOARD ROAD
51.57,97,Queens,LIE E 84TH ST - 108TH ST
46.6,147,Manhattan,FDR S 63rd - 25th St
0.0,0,Brooklyn,BQE S - GOW S ALTANTIC AVENUE - 9TH STREET
60.27,83,Queens,LIE E 84TH ST - 108TH ST
55.3,117,Queens,BWB S Queens Anchorage - WSE S Exit 14 (Linden Pl)
52.19,42,Queens,CIP N ramp to TNB - TNB Queens Anchorage
45.36,172,Queens,Laurelton Pkwy N @ SSP - CIP N Hempstead Tpk
59.03,54,Staten Island,WSE N VICTORY BLVD - SOUTH AVENUE
52.81,119,Staten Island,WSE S BLLOMINGDALE ROAD - TYRELLAN AVENUE
36.03,70,Bronx,HRP S Lafayette Ave - BWB S Toll Plaza
55.92,70,Staten Island,SIE E RICHMOND AVENUE - WOOLEY AVENUE
19.88,515,Manhattan,FDR S 25th St - Catherine Slip
26.71,207,Manhattan,LINCOLN TUNNEL E SOUTH TUBE - NJ - NY
0.0,0,Manhattan,BQE N Atlantic Ave - BKN Bridge Manhattan Side
48.46,59,Staten Island,WSE S SOUTH AVENUE - VICTORY BOULEVARD
47.22,83,Staten Island,SIE E RICHMOND AVENUE - WOOLEY AVENUE
58.4,85,Queens,LIE E 84TH ST - 108TH ST
0.0,0,Brooklyn,GOW N 7TH AVENUE - 9TH STREET
13.67,412,Manhattan,West St S Spring St - BBT Manhattan Portal outbound
52.19,147,Staten Island,WSE S TYRELLAN AVENUE - 440 S FRANCIS STREET
0.0,0,Brooklyn,GOW S 9TH STREET - 7TH AVENUE
51.57,104,Queens,VWE S MP8.65 (Exit 13 Northern Blvd) - MP6.39 (Exit 11 Jewel Ave)
50.95,84,Bronx,CBE W MORRIS AVE - GWB W AMSTERDAM AVE (L/LVL)
0.0,0,Queens,BE S TBB EXIT RAMP - QUEENS ANCHORAGE
2.48,761,Manhattan,12th Ave S 57th St - 45th St
9.32,452,Bronx,MDE S HARLEM RIVER PARK - GWB W AMSTERDAM AVENUE LOWER LEVEL
55.3,51,Staten Island,SIE W RICHMOND AVENUE - SOUTH AVENUE
39.14,194,Queens,CIP S Hempstead Tpk - Laurelton Pkwy @ SSP
48.46,44,Brooklyn,VNB E-GOWANUS N BROOKLYN GANTRY LOWER LEVEL - 92ND STREET
44.73,100,Bronx,BE S CASTLE HILL AVENUE - STRATFORD AVENUE
52.81,74,Staten Island,SIE E RICHMOND AVENUE - WOOLEY AVENUE
52.19,143,Staten Island,WSE N TYRELLAN AVENUE - BLOOMINGDALE ROAD
14.91,215,Manhattan,12th Ave N 40th - 57th St
43.49,49,Brooklyn,GOW S VNB W 92ND STREET - BKLYN GANTRY LOWER LEVEL
0.0,0,Manhattan,LINCOLN TUNNEL E CENTER TUBE NJ - NY
53.43,216,Queens,CIP N TNB - Whitestone Expwy S Exit 14 (Linden Pl)
0.0,0,Brooklyn,GOW N 7TH AVENUE - 9TH STREET
20.5,196,Brooklyn,GOW N 9TH STREET - ATLANTIC AVENUE
50.33,84,Brooklyn,GOW S 7TH AVENUE - 92ND STREET
34.17,207,Brooklyn,BQE N LEONARD STREET - 46TH STREET
0.0,0,Brooklyn,VNB E-GOWANUS N BROOKLYN GANTRY UPPER LEVEL - 92ND STREET
0.0,0,Brooklyn,GOW N 9TH STREET - ATLANTIC AVENUE
27.34,288,Queens,Laurelton Pkwy N @ SSP - CIP N Hempstead Tpk
30.44,174,Manhattan,QMT E Manhattan Side - Toll Plaza
60.27,130,Staten Island,WSE N ARDEN AVENUE - VICTORY BLVD
57.16,50,Staten Island,SIE W RICHMOND AVENUE - SOUTH AVENUE
50.33,50,Bronx,BWB N Toll Plaza - HRP N Lafayatte Ave
6.21,822,Manhattan,11th ave n ganservoort - 12th ave @ 40th st
32.93,168,Manhattan,LINCOLN TUNNEL E SOUTH TUBE - NJ - NY
38.52,282,Queens,CIP S LIE - Hempstead Tpk
18.64,227,Bronx,CBE AMSTERDAM AVE (L/LVL) - MORRIS AVE
20.5,574,Queens,CIP N LIE ramp - TNB
38.52,143,Manhattan,LINCOLN TUNNEL W CENTER TUBE NY - NJ
12.42,204,Bronx,BWB N Toll Plaza - HRP N Lafayatte Ave
49.7,28,Staten Island,SIE W BRADLEY AVENUE - WOOLEY AVENUE
48.46,88,Brooklyn,GOW N 92ND STREET - 7TH AVENUE
0.0,0,Staten Island,SIE W - MLK N WOOLEY AVENUE - WLAKER STREET
44.73,161,Queens,MDE S TBB EXIT RAMP - QUEENS ANCHORAGE
0.0,0,Bronx,BRP S FORDHAM ROAD - WATSON AVENUE
52.81,206,Queens,CVE NB LIE - WILLETS PT BLVD
0.0,0,Brooklyn,GOW N 7TH AVENUE - 9TH STREET
47.22,91,Bronx,CBE W MORRIS AVE - GWB W AMSTERDAM AVE (L/LVL)
0.0,0,Manhattan,BQE N Atlantic Ave - MAN Bridge Manhattan Side
57.16,160,Queens,Laurelton Pkwy S @ SSP - Belt Pkwy W 182nd St
0.0,0,Staten Island,SIE W - MLK N WOOLEY AVENUE - WLAKER STREET
19.26,117,Staten Island,SIE E VNB E FINGERBOARD ROAD - SI GANTRY UPPER LEVEL
52.19,126,Staten Island,SIE E BRADLEY AVENUE - CLOVE ROAD
0.0,0,Bronx,BRP S FORDHAM ROAD - WATSON AVENUE
56.54,138,Staten Island,WSE N ARDEN AVENUE - VICTORY BLVD
36.03,180,Manhattan,BBT W Toll Plaza - Manhattan Portal
60.89,180,Queens,CIP S LIE - Hempstead Tpk
55.3,83,Bronx,BE N STRATFORD AVENUE - CASTLE HILL AVE
59.03,280,Queens,CVE NB GCP - WILLETS PT BLVD
35.41,181,Manhattan,BBT E Manhattan Portal - Toll Plaza
31.68,245,Queens,Laurelton Pkwy N @ SSP - CIP N Hempstead Tpk
44.11,265,Queens,CIP N LIE ramp - TNB
8.69,785,Manhattan,FDR N 25th - 63rd St
52.19,105,Queens,Whitestone Expwy S Exit 14 (Linden Pl) - VWE S MP8.65 (Exit 13 Northern Blvd)
42.25,50,Staten island,VNB W-SIE W SI GANTRY UPPER LEVEL - FINGERBOARD ROAD
49.08,43,Brooklyn,VNB E-GOWANUS N BROOKLYN GANTRY LOWER LEVEL - 92ND STREET
56.54,78,Bronx,HRP N LAFAYETTE AVENUE - E TREMONT AVENUE
59.03,272,Queens,CIP NB GCP - TNB
52.81,148,Staten Island,WSE S VICTORY BOULEVARD - ARDEN AVENUE
45.98,50,Staten Island,SIE E VNB E FINGERBOARD ROAD - SI GANTRY UPPER LEVEL
33.55,160,Queens,QMT W Toll Plaza - Manhattan Side
7.45,1559,Queens,Belt Pkwy W JFK Expressway - VWE N Jamaica Ave
44.73,143,Queens,Whitestone Expwy N Exit 14 (Linden Pl) - BWB N Queens Anchorage
0.0,0,Bronx,BRP S FORDHAM ROAD - WATSON AVENUE
22.36,240,Queens,QMT W Toll Plaza - Manhattan Side
33.55,164,Bronx,BRP N WATSON AVENUE - FORDHAM ROAD
59.65,77,Bronx,BE N STRATFORD AVENUE - CASTLE HILL AVE
0.62,4166,Bronx,MDE N RFK Bridge - 142nd St
0.0,0,Brooklyn,GOW S 9TH STREET - 7TH AVENUE
0.0,0,Brooklyn,GOW N 9TH STREET - ATLANTIC AVENUE
55.3,147,Bronx,I-87 NYST S Exit 1 - MDE S Van Cortlandt Park
60.27,97,Staten Island,SIE W FINGERBOARD ROAD - CLOVE ROAD
60.27,53,Staten Island,WSE N VICTORY BLVD - SOUTH AVENUE
19.88,250,Manhattan,LINCOLN TUNNEL W NORTH TUBE NY - NJ
52.81,105,Staten Island,SIE E CLOVE ROAD - FINGERBOARD ROAD
0.0,0,Manhattan,Westside Hwy N 57th St - GWB
0.0,0,Bronx,BRP S FORDHAM ROAD - WATSON AVENUE
32.93,64,Staten Island,VNB W-SIE W SI GANTRY LOWER LEVEL - FINGERBOARD ROAD
52.81,88,Brooklyn,VNB W BROOKLYN GANTRY LOWER LEVEL - SI GANTRY LOWER LEVEL
27.96,190,Queens,QMT W Toll Plaza - Manhattan Side
51.57,149,Staten Island,440 N FRANCIS STREET - WSE N TYRELLAN AVE
43.49,98,Brooklyn,GOW N 92ND STREET - 7TH AVENUE
32.31,199,Queens,Whitestone Expwy N Exit 14 (Linden Pl) - BWB N Queens Anchorage
10.56,519,Manhattan,West St S Spring St - BBT Manhattan Portal outbound
38.52,212,Queens,TBB N QUEENS ANCHORAGE - MANHATTAN LIFT SPAN
50.33,152,Staten Island,WSE S TYRELLAN AVENUE - 440 S FRANCIS STREET
0.0,0,Brooklyn,GOW N 7TH AVENUE - 9TH STREET
51.57,107,Queens,Whitestone Expwy S Exit 14 (Linden Pl) - VWE S MP8.65 (Exit 13 Northern Blvd)
48.46,103,Queens,LIE W 108TH ST - 84TH ST
32.31,231,Bronx,BE N Castle Hill Avenue - Griswold Ave
23.61,226,Queens,VWE N MP8.64 (Exit 13 Northern Blvd) - Whitestone Expwy Exit 14 (Linden Pl)
45.36,56,Bronx,CBE E TAYLOR AVENUE - CASTLE HILL AVENUE
52.19,82,Brooklyn,GOW S 7TH AVENUE - 92ND STREET
42.87,129,Bronx,BRP N WATSON AVENUE - FORDHAM ROAD
0.0,0,Brooklyn,GOW N 9TH STREET - ATLANTIC AVENUE
52.19,54,Staten Island,WSE S SOUTH AVENUE - VICTORY BOULEVARD
8.69,708,Manhattan,BBT W Toll Plaza - Manhattan Portal
24.23,319,Queens,Laurelton Pkwy N @ SSP - CIP N Hempstead Tpk
45.98,348,Queens,CIP NB GCP - TNB
34.79,256,Queens,VWE S MP6.39 (Exit 11 Jewel Ave) - MP4.63 (Exit 6 Jamaica Ave)
50.33,53,Queens,TNB S Qns Anchorage - CIP S @ TNB
20.5,942,Manhattan,Westside Hwy S GWB - 57th St
0.0,0,Queens,BE S TBB EXIT RAMP - QUEENS ANCHORAGE
36.03,117,Bronx,CBE AMSTERDAM AVE (L/LVL) - MORRIS AVE
47.84,150,Brooklyn,BQE S 46TH STREET - LEONARD STREET
44.73,59,Queens,TNB S Qns Anchorage - CIP S @ TNB
0.0,0,Brooklyn,GOW N 9TH STREET - ATLANTIC AVENUE
55.3,143,Staten Island,WSE S VICTORY BOULEVARD - ARDEN AVENUE
29.2,405,Queens,CIP N LIE ramp - TNB
39.76,494,Manhattan,Westside Hwy N 57th St - GWB
0.0,0,Brooklyn,GOW S 9TH STREET - 7TH AVENUE
0.0,0,Staten Island,SIE E-MLK N RICHMOND AVENUE - WALKER STREET
7.45,596,Bronx,MDE S HARLEM RIVER PARK - GWB W AMSTERDAM AVENUE LOWER LEVEL
44.73,175,Queens,Laurelton Pkwy N @ SSP - CIP N Hempstead Tpk
42.87,107,Brooklyn,VNB E SI GANTRY UPPER LEVEL - BROOKLYN GANTRY UPPER LEVEL
46.6,147,Queens,TNB N Queens Anchorage - Toll Plaza
45.36,47,Brooklyn,VNB E-GOWANUS N BROOKLYN GANTRY UPPER LEVEL - 92ND STREET
50.33,109,Queens,Whitestone Expwy S Exit 14 (Linden Pl) - VWE S MP8.65 (Exit 13 Northern Blvd)
52.81,101,Queens,VWE S MP8.65 (Exit 13 Northern Blvd) - MP6.39 (Exit 11 Jewel Ave)
51.57,83,Brooklyn,GOW S 7TH AVENUE - 92ND STREET
42.25,130,Manhattan,LINCOLN TUNNEL E CENTER TUBE NJ - NY
0.0,0,Manhattan,LINCOLN TUNNEL E CENTER TUBE NJ - NY
54.05,102,Staten Island,SIE E CLOVE ROAD - FINGERBOARD ROAD
47.84,138,Staten Island,SIE E BRADLEY AVENUE - CLOVE ROAD
45.36,196,Queens,VWE S MP6.39 (Exit 11 Jewel Ave) - MP4.63 (Exit 6 Jamaica Ave)
0.0,0,Queens,TBB N QUEENS ANCHORAGE - BE N
47.84,130,Staten Island,WSE S BLLOMINGDALE ROAD - TYRELLAN AVENUE
47.84,155,Bronx,BE S Griswold - Castle Hill Avenue
0.0,0,Brooklyn,GOW S 9TH STREET - 7TH AVENUE
18.01,148,Staten Island,SIE E SOUTH AVENUE - RICHMOND AVENUE
34.17,237,Queens,TBB N QUEENS ANCHORAGE - MANHATTAN LIFT SPAN
45.98,100,Brooklyn,VNB W BROOKLYN GANTRY UPPER LEVEL - SI GANTRY UPPER LEVEL
15.53,455,Queens,TBB N QUEENS ANCHORAGE - BE N
26.71,184,Manhattan,LINCOLN TUNNEL W NORTH TUBE NY - NJ
19.26,126,Manhattan,TBB W - FDR S MANHATTAN TRUSS - E116TH STREET
13.04,244,Manhattan,12th Ave N 40th - 57th St
51.57,146,Queens,CIP S Hempstead Tpk - Laurelton Pkwy @ SSP
37.28,57,Staten island,VNB W-SIE W SI GANTRY UPPER LEVEL - FINGERBOARD ROAD
54.68,81,Bronx,HRP N LAFAYETTE AVENUE - E TREMONT AVENUE
45.36,98,Bronx,BE S CASTLE HILL AVENUE - STRATFORD AVENUE
21.12,372,Queens,Laurelton Pkwy N @ SSP - CIP N Hempstead Tpk
50.95,105,Queens,VWE S MP8.65 (Exit 13 Northern Blvd) - MP6.39 (Exit 11 Jewel Ave)
1.86,2617,Manhattan,West St S Spring St - BBT Manhattan Portal outbound
8.69,478,Bronx,CBE E AMSTERDAM AVE(U/LVL) - MORRIS AVE
44.11,105,Queens,BWB N Queens Anchorage - Toll Plaza
53.43,206,Queens,CIP S LIE - Hempstead Tpk
50.95,181,Queens,Laurelton Pkwy S @ SSP - Belt Pkwy W 182nd St
26.09,150,Staten Island,SIE E RICHMOND AVENUE - WOOLEY AVENUE
49.7,32,Staten Island,SIE E WOOLEY AVENUE - BRADLEY AVENUE
0.0,0,Brooklyn,BQE S - GOW S ALTANTIC AVENUE - 9TH STREET
54.68,136,Bronx,BE N Castle Hill Avenue - Griswold Ave
47.84,111,Queens,VWE N MP8.64 (Exit 13 Northern Blvd) - Whitestone Expwy Exit 14 (Linden Pl)
13.67,238,Manhattan,12th Ave N 40th - 57th St
44.11,57,Bronx,HRP S Lafayette Ave - BWB S Toll Plaza
1.86,2940,Manhattan,West St S Spring St - BBT Manhattan Portal outbound
8.69,252,Manhattan,12th Ave S 57th St - 45th St
47.22,159,Bronx,BE N Castle Hill Avenue - Griswold Ave
49.7,93,Bronx,BWB S Toll Plaza - Queens Anchorage
36.03,118,Bronx,CBE W MORRIS AVE - GWB W AMSTERDAM AVE (L/LVL)
0.0,0,Queens,QMT W Toll Plaza - Manhattan Side
53.43,147,Staten Island,WSE S VICTORY BOULEVARD - ARDEN AVENUE
14.29,409,Staten Island,SIE W FINGERBOARD ROAD - CLOVE ROAD
0.0,0,Staten Island,MLK S - SIE W WALKER STREET - RICHMOND AVENUE
56.54,117,Staten Island,SIE E BRADLEY AVENUE - CLOVE ROAD
42.87,91,Queens,LIE WB LITTLE NECK PKWY - NB CIP
0.0,0,Brooklyn,BQE S - GOW S ALTANTIC AVENUE - 9TH STREET
52.81,118,Staten Island,WSE S BLLOMINGDALE ROAD - TYRELLAN AVENUE
50.95,135,Queens,TNB S Toll Plaza - Queens Anchorage
8.69,488,Bronx,CBE W MORRIS AVE - GWB W AMSTERDAM AVE (U/LVL)
25.47,281,Queens,TBB N QUEENS ANCHORAGE - BE N
43.49,74,Staten Island,WSE N VICTORY BLVD - SOUTH AVENUE
54.05,127,Manhattan,FDR S 63rd - 25th St
50.33,390,Manhattan,Westside Hwy S GWB - 57th St
52.81,41,Queens,CIP N ramp to TNB - TNB Queens Anchorage
0.0,0,Staten Island,MLK N WALKER STREET - NJ ROUTE 169
47.84,44,Staten island,VNB W-SIE W SI GANTRY UPPER LEVEL - FINGERBOARD ROAD
0.0,0,Bronx,CBE W L/LE V AMSTERDAM AVE - I 95 S LOC LNS
53.43,80,Brooklyn,GOW S 7TH AVENUE - 92ND STREET
53.43,140,Staten Island,WSE N TYRELLAN AVENUE - BLOOMINGDALE ROAD
18.01,672,Queens,Belt Pkwy W JFK Expressway - VWE N Jamaica Ave
0.0,0,Bronx,BE N Castle Hill Avenue - Griswold Ave
52.81,148,Staten Island,WSE S VICTORY BOULEVARD - ARDEN AVENUE
0.0,0,Brooklyn,GOW N 7TH AVENUE - 9TH STREET
26.71,243,Manhattan,BBT W Toll Plaza - Manhattan Portal
50.95,215,Queens,CIP S LIE - Hempstead Tpk
41.63,165,Queens,VWE S MP4.63 (Exit 6 Jamaica Ave) - MP2.66 (Exit 2 Roackaway Blvd)
39.76,152,Staten Island,WSE N-SIE E SOUTH AVENUE - SOUTH AVENUE
49.08,102,Queens,LIE W 108TH ST - 84TH ST
0.0,0,Manhattan,BQE N Atlantic Ave - BKN Bridge Manhattan Side
44.73,95,Bronx,CBE W MORRIS AVE - GWB W AMSTERDAM AVE (L/LVL)
13.67,379,Manhattan,QMT E Manhattan Side - Toll Plaza
42.87,168,Queens,MDE S TBB EXIT RAMP - QUEENS ANCHORAGE
0.0,0,Brooklyn,GOW N 9TH STREET - ATLANTIC AVENUE
54.68,101,Staten Island,SIE E CLOVE ROAD - FINGERBOARD ROAD
47.84,111,Queens,VWE N MP8.64 (Exit 13 Northern Blvd) - Whitestone Expwy Exit 14 (Linden Pl)
55.3,81,Bronx,HRP N LAFAYETTE AVENUE - E TREMONT AVENUE
55.3,212,Queens,CIP N LIE ramp - TNB
0.0,0,Brooklyn,GOW N 9TH STREET - ATLANTIC AVENUE
0.0,0,Brooklyn,BQE S - GOW S ALTANTIC AVENUE - 9TH STREET
52.19,146,Staten Island,WSE S TYRELLAN AVENUE - 440 S FRANCIS STREET
11.8,470,Manhattan,LINCOLN TUNNEL W CENTER TUBE NY - NJ
42.87,254,Queens,CVE NB LIE - WILLETS PT BLVD
0.0,0,Brooklyn,GOW N 9TH STREET - ATLANTIC AVENUE
18.64,174,Manhattan,12th Ave N 40th - 57th St
31.68,263,Bronx,CBE E CASTLE HILL AVE - BE N WATERBURY AVE
0.0,0,Queens,BE S TBB EXIT RAMP - QUEENS ANCHORAGE
54.68,151,Bronx,CBE E CASTLE HILL AVE - BE N WATERBURY AVE
51.57,145,Bronx,BE N Castle Hill Avenue - Griswold Ave
0.0,0,Manhattan,BQE N Atlantic Ave - MAN Bridge Manhattan Side
56.54,117,Staten Island,SIE E BRADLEY AVENUE - CLOVE ROAD
55.3,51,Staten Island,WSE S SOUTH AVENUE - VICTORY BOULEVARD
45.36,158,Queens,MDE S TBB EXIT RAMP - QUEENS ANCHORAGE
2.48,1397,Bronx,CBE W MORRIS AVE - GWB W AMSTERDAM AVE (L/LVL)
0.0,0,Manhattan,BQE N Atlantic Ave - BKN Bridge Manhattan Side
0.0,0,Queens,BE S TBB EXIT RAMP - QUEENS ANCHORAGE
37.9,63,Manhattan,FDR N - TBB E 116TH STREET - MANHATTAN TRUSS
56.54,78,Bronx,BE S CASTLE HILL AVENUE - STRATFORD AVENUE
41.01,52,Brooklyn,GOW S VNB W 92ND STREET - BKLYN GANTRY UPPER LEVEL
21.12,476,Manhattan,FDR S 25th St - Catherine Slip
49.08,126,Staten Island,WSE S BLLOMINGDALE ROAD - TYRELLAN AVENUE
36.66,176,Manhattan,BBT W Toll Plaza - Manhattan Portal
11.18,287,Manhattan,12th Ave N 40th - 57th St
35.41,105,Queens,Belt Pkwy W 182nd St - JFK Expressway
51.57,124,Queens,BWB S Queens Anchorage - WSE S Exit 14 (Linden Pl)
34.17,188,Manhattan,BBT W Toll Plaza - Manhattan Portal
54.68,81,Bronx,BE S CASTLE HILL AVENUE - STRATFORD AVENUE
37.9,172,Manhattan,BBT W Toll Plaza - Manhattan Portal
39.76,207,Bronx,CBE W U/LEV AMSTERDAM AVE - I95 S EXP LNS
10.56,679,Brooklyn,BQE S 46TH STREET - LEONARD STREET
32.93,195,Manhattan,BBT E Manhattan Portal - Toll Plaza
27.34,156,Brooklyn,GOW S 7TH AVENUE - 92ND STREET
37.28,64,Manhattan,TBB W - FDR S MANHATTAN TRUSS - E116TH STREET
53.43,87,Bronx,BWB S Toll Plaza - Queens Anchorage
54.05,85,Brooklyn,VNB W BROOKLYN GANTRY LOWER LEVEL - SI GANTRY LOWER LEVEL
31.68,137,Bronx,MDE S HARLEM RIVER PARK - GWB W AMSTERDAM AVENUE UPPER LEVEL
52.81,142,Bronx,BE N Castle Hill Avenue - Griswold Ave
27.34,375,Manhattan,FDR S 25th St - Catherine Slip
58.4,45,Staten Island,SIE E SOUTH AVENUE - RICHMOND AVENUE
11.8,369,Bronx,MDE S HARLEM RIVER PARK - GWB W AMSTERDAM AVENUE LOWER LEVEL
27.34,163,Bronx,BE S CASTLE HILL AVENUE - STRATFORD AVENUE
54.68,137,Bronx,BE N Castle Hill Avenue - Griswold Ave
30.44,175,Queens,QMT W Toll Plaza - Manhattan Side
54.68,46,Bronx,CBE E TAYLOR AVENUE - CASTLE HILL AVENUE
45.98,46,Staten island,VNB W-SIE W SI GANTRY UPPER LEVEL - FINGERBOARD ROAD
41.01,479,Manhattan,Westside Hwy S GWB - 57th St
26.09,91,Manhattan,TBB W - FDR S MANHATTAN TRUSS - E116TH STREET
10.56,1872,Manhattan,Westside Hwy N 57th St - GWB
45.98,93,Brooklyn,GOW S 7TH AVENUE - 92ND STREET
26.09,390,Manhattan,FDR N Catherine Slip - 25th St
37.28,123,Bronx,BWB S Toll Plaza - Queens Anchorage
61.51,84,Staten Island,WSE S ARDEN AVENUE - BLOOMINGDALE ROAD
64.62,80,Staten Island,WSE S ARDEN AVENUE - BLOOMINGDALE ROAD
52.19,123,Queens,BWB S Queens Anchorage - WSE S Exit 14 (Linden Pl)
53.43,110,Staten Island,SIE W FINGERBOARD ROAD - CLOVE ROAD
9.32,861,Bronx,CBE W L/LE V AMSTERDAM AVE - I 95 S LOC LNS
52.19,72,Queens,Belt Pkwy W 182nd St - JFK Expressway
22.99,183,Brooklyn,GOW N 92ND STREET - 7TH AVENUE
52.81,105,Staten Island,SIE E CLOVE ROAD - FINGERBOARD ROAD
42.25,101,Brooklyn,GOW S 7TH AVENUE - 92ND STREET
55.92,140,Staten Island,WSE S VICTORY BOULEVARD - ARDEN AVENUE
16.15,393,Manhattan,BBT E Manhattan Portal - Toll Plaza
33.55,588,Manhattan,Westside Hwy S GWB - 57th St
50.95,181,Queens,Laurelton Pkwy S @ SSP - Belt Pkwy W 182nd St
44.73,114,Bronx,MDE N RFK Bridge - 142nd St
0.0,0,Staten Island,WSE S TYRELLAN AVENUE - 440 S FRANCIS STREET
42.87,256,Queens,CIP S LIE - Hempstead Tpk
51.57,41,Staten Island,VNB W-SIE W SI GANTRY LOWER LEVEL - FINGERBOARD ROAD
45.36,117,Queens,VWE S MP8.65 (Exit 13 Northern Blvd) - MP6.39 (Exit 11 Jewel Ave)
45.36,118,Queens,VWE N MP6.39 (Exit 11 Jewel Ave) - MP8.65 (Exit 13 Northern Blvd)
39.76,181,Queens,MDE S TBB EXIT RAMP - QUEENS ANCHORAGE
49.08,109,Queens,VWE S MP8.65 (Exit 13 Northern Blvd) - MP6.39 (Exit 11 Jewel Ave)
29.2,181,Manhattan,QMT E Manhattan Side - Toll Plaza
21.74,380,Bronx,CBE W U/LEV AMSTERDAM AVE - I95 S EXP LNS
48.46,141,Queens,TNB N Queens Anchorage - Toll Plaza
59.03,54,Staten Island,WSE N VICTORY BLVD - SOUTH AVENUE
24.85,220,Manhattan,LINCOLN TUNNEL W CENTER TUBE NY - NJ
48.46,44,Brooklyn,GOW S VNB W 92ND STREET - BKLYN GANTRY LOWER LEVEL
11.8,569,Manhattan,FDR N 25th - 63rd St
46.6,46,Brooklyn,GOW S VNB W 92ND STREET - BKLYN GANTRY LOWER LEVEL
0.0,0,Brooklyn,BQE S - GOW S ALTANTIC AVENUE - 9TH STREET
53.43,103,Staten Island,SIE E CLOVE ROAD - FINGERBOARD ROAD
56.54,121,Queens,TNB N Queens Anchorage - Toll Plaza
50.95,91,Brooklyn,VNB W BROOKLYN GANTRY UPPER LEVEL - SI GANTRY UPPER LEVEL
48.46,58,Staten Island,WSE S SOUTH AVENUE - VICTORY BOULEVARD
53.43,53,Staten Island,SIE W RICHMOND AVENUE - SOUTH AVENUE
8.07,523,Bronx,CBE W MORRIS AVE - GWB W AMSTERDAM AVE (L/LVL)
0.0,0,Brooklyn,GOW N 7TH AVENUE - 9TH STREET
9.32,241,Manhattan,12th Ave S 57th St - 45th St
50.33,106,Queens,VWE N MP8.64 (Exit 13 Northern Blvd) - Whitestone Expwy Exit 14 (Linden Pl)
22.99,192,Bronx,HRP N LAFAYETTE AVENUE - E TREMONT AVENUE
45.98,46,Brooklyn,VNB E-GOWANUS N BROOKLYN GANTRY LOWER LEVEL - 92ND STREET
57.16,289,Queens,CVE NB GCP - WILLETS PT BLVD
48.46,81,Queens,LIE WB LITTLE NECK PKWY - NB CIP
13.67,556,Queens,Laurelton Pkwy N @ SSP - CIP N Hempstead Tpk
58.4,113,Staten Island,SIE E BRADLEY AVENUE - CLOVE ROAD
8.69,986,Queens,VWE S MP6.39 (Exit 11 Jewel Ave) - MP4.63 (Exit 6 Jamaica Ave)
50.33,178,Queens,VWE N MP4.63 (Exit 6 - Jamaica Ave) - MP6.39 (Exit 11 Jewel Ave)
0.0,0,Manhattan,12th Ave N 40th - 57th St
24.23,233,Manhattan,West St S Spring St - BBT Manhattan Portal outbound
50.33,127,Queens,BWB S Queens Anchorage - WSE S Exit 14 (Linden Pl)
44.11,261,Queens,CIP N TNB - Whitestone Expwy S Exit 14 (Linden Pl)
39.76,58,Staten Island,SIE E VNB E FINGERBOARD ROAD - SI GANTRY LOWER LEVEL
46.6,45,Brooklyn,VNB E-GOWANUS N BROOKLYN GANTRY LOWER LEVEL - 92ND STREET
14.29,439,Manhattan,12th ave @ 45th - 11 ave ganservoort st
33.55,359,Queens,Belt Pkwy W JFK Expressway - VWE N Jamaica Ave
18.64,581,Queens,CIP N Hempstead Tpk - LIE
44.11,32,Staten Island,SIE W BRADLEY AVENUE - WOOLEY AVENUE
45.36,51,Staten Island,SIE E VNB E FINGERBOARD ROAD - SI GANTRY UPPER LEVEL
16.77,190,Manhattan,12th Ave N 40th - 57th St
9.94,675,Manhattan,FDR N 25th - 63rd St
51.57,83,Brooklyn,GOW S 7TH AVENUE - 92ND STREET
53.43,86,Brooklyn,VNB W BROOKLYN GANTRY UPPER LEVEL - SI GANTRY UPPER LEVEL
0.0,0,Staten Island,MLK S - SIE E WALKER STREET - WOOLEY AVENUE
9.94,256,Bronx,CBE W CASTLE HILL AVENUE - TAYLOR AVENUE
52.81,129,Queens,TNB S Toll Plaza - Queens Anchorage
44.11,201,Queens,VWE N MP4.63 (Exit 6 - Jamaica Ave) - MP6.39 (Exit 11 Jewel Ave)
62.13,177,Queens,CIP S LIE - Hempstead Tpk
36.03,179,Queens,Whitestone Expwy N Exit 14 (Linden Pl) - BWB N Queens Anchorage
27.34,283,Queens,Laurelton Pkwy N @ SSP - CIP N Hempstead Tpk
39.14,142,Bronx,BRP N WATSON AVENUE - FORDHAM ROAD
56.54,38,Queens,CIP N ramp to TNB - TNB Queens Anchorage
45.98,100,Brooklyn,VNB E SI GANTRY UPPER LEVEL - BROOKLYN GANTRY UPPER LEVEL
39.14,276,Queens,VWE S MP2.66 (Exit 2 Rockaway Blvd) - Belt Pkwy E 182nd St
16.15,243,Queens,LIE WB LITTLE NECK PKWY - NB CIP
49.7,154,Staten Island,440 N FRANCIS STREET - WSE N TYRELLAN AVE
8.69,788,Manhattan,FDR N 25th - 63rd St
13.67,489,Manhattan,FDR N 25th - 63rd St
44.11,101,Bronx,BE S CASTLE HILL AVENUE - STRATFORD AVENUE
14.91,216,Manhattan,12th Ave N 40th - 57th St
0.0,0,Staten Island,ROUTE 169 S - MLK WALKER STREET
49.08,51,Bronx,BWB N Toll Plaza - HRP N Lafayatte Ave
11.8,458,Manhattan,LINCOLN TUNNEL E SOUTH TUBE - NJ - NY
31.68,169,Manhattan,QMT E Manhattan Side - Toll Plaza
33.55,192,Manhattan,BBT E Manhattan Portal - Toll Plaza
9.32,426,Brooklyn,GOW N 9TH STREET - ATLANTIC AVENUE
29.82,180,Manhattan,QMT E Manhattan Side - Toll Plaza
44.11,104,Brooklyn,VNB W BROOKLYN GANTRY UPPER LEVEL - SI GANTRY UPPER LEVEL
62.75,51,Staten Island,WSE N VICTORY BLVD - SOUTH AVENUE
50.95,43,Queens,CIP N ramp to TNB - TNB Queens Anchorage
47.84,82,Queens,LIE WB LITTLE NECK PKWY - NB CIP
49.08,95,Queens,BWB N Queens Anchorage - Toll Plaza
0.0,0,Staten Island,SIE W - MLK N WOOLEY AVENUE - WLAKER STREET
44.11,58,Manhattan,BKN Bridge Manhattan Side - FDR N Catherine Slip
39.14,59,Staten Island,SIE E VNB E FINGERBOARD ROAD - SI GANTRY LOWER LEVEL
46.6,80,Queens,Belt Pkwy W 182nd St - JFK Expressway
50.95,150,Staten Island,440 N FRANCIS STREET - WSE N TYRELLAN AVE
60.27,53,Staten Island,WSE N VICTORY BLVD - SOUTH AVENUE
12.42,256,Manhattan,12th Ave N 40th - 57th St
8.07,1423,Queens,Belt Pkwy W JFK Expressway - VWE N Jamaica Ave
0.0,0,Staten Island,SIE W - MLK N WOOLEY AVENUE - WLAKER STREET
49.7,46,Staten Island,SIE E VNB E FINGERBOARD ROAD - SI GANTRY LOWER LEVEL
27.96,275,Staten Island,WSE S TYRELLAN AVENUE - 440 S FRANCIS STREET
36.03,69,Bronx,HRP S Lafayette Ave - BWB S Toll Plaza
54.05,112,Staten Island,WSE N-SIE E SOUTH AVENUE - SOUTH AVENUE
55.92,108,Staten Island,WSE N-SIE E SOUTH AVENUE - SOUTH AVENUE
30.44,139,Brooklyn,GOW N 92ND STREET - 7TH AVENUE
49.08,51,Bronx,BWB N Toll Plaza - HRP N Lafayatte Ave
60.27,83,Staten Island,WSE N BLOOMUINGDALE ROAD - ARDEN AVENUE
4.34,2083,Manhattan,FDR N Catherine Slip - 25th St
29.82,277,Bronx,CBE W U/LEV AMSTERDAM AVE - I95 S EXP LNS
0.0,0,Brooklyn,BQE S - GOW S ALTANTIC AVENUE - 9TH STREET
7.45,722,Manhattan,West St S Spring St - BBT Manhattan Portal outbound
6.21,1812,Queens,Belt Pkwy W JFK Expressway - VWE N Jamaica Ave
36.03,73,Manhattan,FDR S Catherine Slip - BKN Bridge Manhattan Side
44.73,32,Staten Island,SIE W BRADLEY AVENUE - WOOLEY AVENUE
49.08,43,Staten Island,VNB W-SIE W SI GANTRY LOWER LEVEL - FINGERBOARD ROAD
25.47,358,Queens,Belt Pkwy E 182nd St - Laurelton Pkwy N @ SSP
37.28,187,Staten Island,SIE W - WSE S SOUTH AVENUE - SOUTH AVENUE
46.6,246,Queens,CIP N TNB - Whitestone Expwy S Exit 14 (Linden Pl)
0.0,0,Brooklyn,BQE S - GOW S ALTANTIC AVENUE - 9TH STREET
54.68,139,Queens,CIP S Hempstead Tpk - Laurelton Pkwy @ SSP
52.81,303,Queens,CIP NB GCP - TNB
23.61,287,Queens,VWE S MP4.63 (Exit 6 Jamaica Ave) - MP2.66 (Exit 2 Roackaway Blvd)
43.49,58,Bronx,BWB N Toll Plaza - HRP N Lafayatte Ave
50.33,127,Queens,BWB S Queens Anchorage - WSE S Exit 14 (Linden Pl)
19.88,140,Staten Island,WSE S SOUTH AVENUE - VICTORY BOULEVARD
11.8,520,Manhattan,12th ave @ 45th - 11 ave ganservoort st
52.19,151,Staten Island,WSE S VICTORY BOULEVARD - ARDEN AVENUE
46.6,162,Queens,CIP S Hempstead Tpk - Laurelton Pkwy @ SSP
0.0,0,Staten Island,ROUTE 169 S - MLK WALKER STREET
47.22,45,Brooklyn,GOW S VNB W 92ND STREET - BKLYN GANTRY LOWER LEVEL
26.09,274,Brooklyn,BQE N LEONARD STREET - 46TH STREET
60.89,115,Staten Island,SIE W - WSE S SOUTH AVENUE - SOUTH AVENUE
19.26,330,Queens,Whitestone Expwy N Exit 14 (Linden Pl) - BWB N Queens Anchorage
0.0,0,Brooklyn,GOW S 9TH STREET - 7TH AVENUE
51.57,133,Queens,TNB N Queens Anchorage - Toll Plaza
16.77,197,Manhattan,11th ave s ganservoort - west st @ spring st
55.92,118,Staten Island,SIE E BRADLEY AVENUE - CLOVE ROAD
0.0,0,Staten Island,MLK S - SIE E WALKER STREET - WOOLEY AVENUE
0.0,0,Staten Island,SIE E-MLK N RICHMOND AVENUE - WALKER STREET
57.16,56,Staten Island,WSE N VICTORY BLVD - SOUTH AVENUE
0.0,0,Brooklyn,GOW N 7TH AVENUE - 9TH STREET
36.03,249,Queens,VWE N MP4.63 (Exit 6 - Jamaica Ave) - MP6.39 (Exit 11 Jewel Ave)
40.38,54,Queens,CIP N ramp to TNB - TNB Queens Anchorage
59.03,185,Queens,CIP S LIE - Hempstead Tpk
57.78,129,Bronx,BE N Castle Hill Avenue - Griswold Ave
41.63,57,Manhattan,FDR N - TBB E 116TH STREET - MANHATTAN TRUSS
45.98,139,Queens,BWB S Queens Anchorage - WSE S Exit 14 (Linden Pl)
57.16,68,Staten Island,SIE E RICHMOND AVENUE - WOOLEY AVENUE
43.49,98,Brooklyn,GOW S 7TH AVENUE - 92ND STREET
50.95,49,Bronx,CBE E TAYLOR AVENUE - CASTLE HILL AVENUE
49.08,94,Brooklyn,VNB E SI GANTRY UPPER LEVEL - BROOKLYN GANTRY UPPER LEVEL
44.11,145,Queens,Whitestone Expwy N Exit 14 (Linden Pl) - BWB N Queens Anchorage
48.46,95,Brooklyn,VNB W BROOKLYN GANTRY UPPER LEVEL - SI GANTRY UPPER LEVEL
24.23,283,Queens,VWE S MP4.63 (Exit 6 Jamaica Ave) - MP2.66 (Exit 2 Roackaway Blvd)
59.65,127,Queens,CIP S Hempstead Tpk - Laurelton Pkwy @ SSP
47.22,60,Staten Island,WSE S SOUTH AVENUE - VICTORY BOULEVARD
36.66,65,Manhattan,TBB W - FDR S MANHATTAN TRUSS - E116TH STREET
0.0,0,Manhattan,BQE N Atlantic Ave - MAN Bridge Manhattan Side
59.03,274,Queens,CIP NB GCP - TNB
34.17,136,Bronx,BWB S Toll Plaza - Queens Anchorage
36.66,173,Queens,BWB S Queens Anchorage - WSE S Exit 14 (Linden Pl)
18.64,234,Bronx,MDE S HARLEM RIVER PARK - GWB W AMSTERDAM AVENUE LOWER LEVEL
41.01,265,Queens,CIP S LIE - Hempstead Tpk
46.6,235,Queens,CIP S LIE - Hempstead Tpk
8.07,671,Manhattan,West St S Spring St - BBT Manhattan Portal outbound
49.08,94,Brooklyn,VNB E SI GANTRY UPPER LEVEL - BROOKLYN GANTRY UPPER LEVEL
6.21,345,Manhattan,12th Ave S 57th St - 45th St
42.25,185,Staten Island,WSE S VICTORY BOULEVARD - ARDEN AVENUE
48.46,110,Queens,VWE N MP6.39 (Exit 11 Jewel Ave) - MP8.65 (Exit 13 Northern Blvd)
45.36,47,Brooklyn,VNB E-GOWANUS N BROOKLYN GANTRY UPPER LEVEL - 92ND STREET
7.45,427,Manhattan,11th ave s ganservoort - west st @ spring st
0.0,0,Brooklyn,VNB E-GOWANUS N BROOKLYN GANTRY LOWER LEVEL - 92ND STREET
0.0,0,Staten Island,MLK S - SIE W WALKER STREET - RICHMOND AVENUE
51.57,138,Brooklyn,BQE S 46TH STREET - LEONARD STREET
19.26,634,Queens,Belt Pkwy W JFK Expressway - VWE N Jamaica Ave
56.54,139,Staten Island,WSE S VICTORY BOULEVARD - ARDEN AVENUE
45.98,252,Queens,CIP N TNB - Whitestone Expwy S Exit 14 (Linden Pl)
0.0,0,Bronx,BRP S FORDHAM ROAD - WATSON AVENUE
16.15,201,Manhattan,11th ave s ganservoort - west st @ spring st
52.19,120,Staten Island,WSE S BLLOMINGDALE ROAD - TYRELLAN AVENUE
44.73,47,Brooklyn,GOW S VNB W 92ND STREET - BKLYN GANTRY UPPER LEVEL
52.81,125,Staten Island,SIE E BRADLEY AVENUE - CLOVE ROAD
14.29,500,Brooklyn,BQE N LEONARD STREET - 46TH STREET
34.17,226,Queens,Laurelton Pkwy N @ SSP - CIP N Hempstead Tpk
42.87,50,Brooklyn,GOW S VNB W 92ND STREET - BKLYN GANTRY UPPER LEVEL
0.0,0,Brooklyn,BQE S - GOW S ALTANTIC AVENUE - 9TH STREET
28.58,425,Queens,Belt Pkwy W JFK Expressway - VWE N Jamaica Ave
0.0,0,Staten Island,MLK N WALKER STREET - NJ ROUTE 169
44.73,111,Queens,LIE W 108TH ST - 84TH ST
41.63,56,Staten Island,SIE E VNB E FINGERBOARD ROAD - SI GANTRY LOWER LEVEL
55.92,70,Staten Island,SIE E RICHMOND AVENUE - WOOLEY AVENUE
53.43,70,Queens,Belt Pkwy W 182nd St - JFK Expressway
41.63,90,Queens,Belt Pkwy W 182nd St - JFK Expressway
22.36,222,Queens,LIE E 84TH ST - 108TH ST
32.31,138,Bronx,MDE S HARLEM RIVER PARK - GWB W AMSTERDAM AVENUE LOWER LEVEL
22.99,192,Bronx,BE S CASTLE HILL AVENUE - STRATFORD AVENUE
4.97,826,Bronx,MDE S HARLEM RIVER PARK - GWB W AMSTERDAM AVENUE UPPER LEVEL
22.99,276,Manhattan,BBT E Manhattan Portal - Toll Plaza
0.0,0,Queens,BE S TBB EXIT RAMP - QUEENS ANCHORAGE
0.0,0,Manhattan,BQE N Atlantic Ave - MAN Bridge Manhattan Side
0.0,0,Staten Island,SIE E-MLK N RICHMOND AVENUE - WALKER STREET
49.08,32,Staten Island,SIE E WOOLEY AVENUE - BRADLEY AVENUE
29.82,84,Bronx,CBE E TAYLOR AVENUE - CASTLE HILL AVENUE
45.98,34,Staten Island,SIE E WOOLEY AVENUE - BRADLEY AVENUE
15.53,410,Manhattan,BBT E Manhattan Portal - Toll Plaza
50.33,85,Brooklyn,GOW S 7TH AVENUE - 92ND STREET
47.22,60,Staten Island,WSE S SOUTH AVENUE - VICTORY BOULEVARD
41.01,479,Manhattan,Westside Hwy N 57th St - GWB
52.19,151,Staten Island,WSE S VICTORY BOULEVARD - ARDEN AVENUE
31.06,328,Manhattan,FDR S 25th St - Catherine Slip
42.25,273,Queens,CIP N TNB - Whitestone Expwy S Exit 14 (Linden Pl)
58.4,55,Staten Island,WSE N VICTORY BLVD - SOUTH AVENUE
48.46,95,Brooklyn,VNB E SI GANTRY LOWER LEVEL - BROOLKYN GANTRY LOWER LEVEL
0.0,0,Brooklyn,GOW N 9TH STREET - ATLANTIC AVENUE
5.59,3272,Manhattan,Westside Hwy N 57th St - GWB
59.65,65,Staten Island,SIE E RICHMOND AVENUE - WOOLEY AVENUE
14.91,172,Manhattan,BKN Bridge Manhattan Side - FDR N Catherine Slip
12.42,196,Manhattan,TBB W - FDR S MANHATTAN TRUSS - E116TH STREET
51.57,135,Staten Island,SIE W - WSE S SOUTH AVENUE - SOUTH AVENUE
45.36,178,Queens,TBB N QUEENS ANCHORAGE - MANHATTAN LIFT SPAN
4.97,1070,Manhattan,West St S Spring St - BBT Manhattan Portal outbound
54.05,142,Staten Island,440 N FRANCIS STREET - WSE N TYRELLAN AVE
47.22,152,Brooklyn,BQE S 46TH STREET - LEONARD STREET
34.17,316,Queens,VWE S MP2.66 (Exit 2 Rockaway Blvd) - Belt Pkwy E 182nd St
51.57,89,Bronx,BE N STRATFORD AVENUE - CASTLE HILL AVE
41.63,51,Staten island,VNB W-SIE W SI GANTRY UPPER LEVEL - FINGERBOARD ROAD
0.0,0,Staten Island,SIE E-MLK N RICHMOND AVENUE - WALKER STREET
0.0,0,Manhattan,BQE N Atlantic Ave - BKN Bridge Manhattan Side
54.68,121,Staten Island,SIE E BRADLEY AVENUE - CLOVE ROAD
52.81,101,Queens,VWE S MP8.65 (Exit 13 Northern Blvd) - MP6.39 (Exit 11 Jewel Ave)
18.01,78,Staten Island,SIE W BRADLEY AVENUE - WOOLEY AVENUE
0.0,0,Staten Island,MLK N WALKER STREET - NJ ROUTE 169
57.16,121,Queens,TNB N Queens Anchorage - Toll Plaza
26.09,99,Manhattan,BKN Bridge Manhattan Side - FDR N Catherine Slip
55.92,89,Staten Island,WSE N BLOOMUINGDALE ROAD - ARDEN AVENUE
51.57,311,Queens,CIP NB GCP - TNB
48.46,96,Queens,BWB N Queens Anchorage - Toll Plaza
46.6,154,Queens,MDE S TBB EXIT RAMP - QUEENS ANCHORAGE
46.6,236,Queens,CIP S LIE - Hempstead Tpk
11.8,469,Manhattan,West St S Spring St - BBT Manhattan Portal outbound
47.22,49,Staten Island,SIE E VNB E FINGERBOARD ROAD - SI GANTRY LOWER LEVEL
13.04,109,Staten Island,SIE W BRADLEY AVENUE - WOOLEY AVENUE
45.98,253,Queens,CIP N TNB - Whitestone Expwy S Exit 14 (Linden Pl)
0.0,0,Manhattan,LINCOLN TUNNEL E CENTER TUBE NJ - NY
0.0,0,Staten Island,SIE W - MLK N WOOLEY AVENUE - WLAKER STREET
51.57,133,Queens,TNB N Queens Anchorage - Toll Plaza
57.16,56,Staten Island,WSE N VICTORY BLVD - SOUTH AVENUE
11.18,448,Manhattan,LINCOLN TUNNEL W NORTH TUBE NY - NJ
60.27,53,Staten Island,WSE N VICTORY BLVD - SOUTH AVENUE
8.69,610,Manhattan,LINCOLN TUNNEL E SOUTH TUBE - NJ - NY
36.66,63,Staten Island,SIE E VNB E FINGERBOARD ROAD - SI GANTRY LOWER LEVEL
8.07,2373,Manhattan,Westside Hwy N 57th St - GWB
54.68,125,Queens,TNB N Queens Anchorage - Toll Plaza
0.0,0,Brooklyn,GOW N 9TH STREET - ATLANTIC AVENUE
59.65,93,Staten Island,SIE E CLOVE ROAD - FINGERBOARD ROAD
12.42,348,Bronx,MDE S HARLEM RIVER PARK - GWB W AMSTERDAM AVENUE LOWER LEVEL
37.28,292,Queens,CVE NB LIE - WILLETS PT BLVD
58.4,104,Staten Island,WSE N-SIE E SOUTH AVENUE - SOUTH AVENUE
26.71,384,Manhattan,FDR S 25th St - Catherine Slip
29.82,241,Queens,TBB N QUEENS ANCHORAGE - BE N
53.43,103,Queens,Whitestone Expwy S Exit 14 (Linden Pl) - VWE S MP8.65 (Exit 13 Northern Blvd)
6.21,958,Queens,Whitestone Expwy N Exit 14 (Linden Pl) - BWB N Queens Anchorage
57.78,115,Staten Island,SIE E BRADLEY AVENUE - CLOVE ROAD
46.6,46,Brooklyn,GOW S VNB W 92ND STREET - BKLYN GANTRY UPPER LEVEL
38.52,284,Queens,CVE NB LIE - WILLETS PT BLVD
50.95,88,Bronx,HRP N LAFAYETTE AVENUE - E TREMONT AVENUE
15.53,463,Brooklyn,BQE S 46TH STREET - LEONARD STREET
60.27,53,Staten Island,WSE N VICTORY BLVD - SOUTH AVENUE
23.61,515,Queens,Belt Pkwy W JFK Expressway - VWE N Jamaica Ave
27.34,196,Queens,VWE N MP8.64 (Exit 13 Northern Blvd) - Whitestone Expwy Exit 14 (Linden Pl)
27.34,276,Queens,CIP S Hempstead Tpk - Laurelton Pkwy @ SSP
42.25,54,Staten Island,SIE E VNB E FINGERBOARD ROAD - SI GANTRY LOWER LEVEL
37.9,271,Manhattan,FDR S 25th St - Catherine Slip
0.0,0,Brooklyn,GOW N 9TH STREET - ATLANTIC AVENUE
36.03,190,Queens,TNB N Queens Anchorage - Toll Plaza
52.19,102,Queens,VWE S MP8.65 (Exit 13 Northern Blvd) - MP6.39 (Exit 11 Jewel Ave)
0.0,0,Manhattan,BQE N Atlantic Ave - BKN Bridge Manhattan Side
11.18,296,Manhattan,11th ave s ganservoort - west st @ spring st
50.33,106,Queens,VWE S MP8.65 (Exit 13 Northern Blvd) - MP6.39 (Exit 11 Jewel Ave)
24.85,276,Staten Island,SIE W - WSE S SOUTH AVENUE - SOUTH AVENUE
38.52,178,Manhattan,FDR N 25th - 63rd St
0.0,0,Manhattan,GWB E LOWER LEVEL PLAZA - CBE E LOWER LEVEL AMSTERDAM AVE
54.68,98,Queens,VWE S MP8.65 (Exit 13 Northern Blvd) - MP6.39 (Exit 11 Jewel Ave)
14.91,376,Manhattan,West St S Spring St - BBT Manhattan Portal outbound
54.05,99,Queens,VWE S MP8.65 (Exit 13 Northern Blvd) - MP6.39 (Exit 11 Jewel Ave)
60.27,115,Staten Island,SIE W - WSE S SOUTH AVENUE - SOUTH AVENUE
59.03,112,Staten Island,SIE E BRADLEY AVENUE - CLOVE ROAD
0.0,0,Manhattan,BQE N Atlantic Ave - BKN Bridge Manhattan Side
47.84,126,Staten Island,WSE N-SIE E SOUTH AVENUE - SOUTH AVENUE
0.0,0,Brooklyn,VNB E-GOWANUS N BROOKLYN GANTRY UPPER LEVEL - 92ND STREET
50.33,110,Staten Island,SIE E CLOVE ROAD - FINGERBOARD ROAD
54.05,151,Bronx,I-87 NYST S Exit 1 - MDE S Van Cortlandt Park
0.0,0,Staten Island,MLK S - SIE E WALKER STREET - WOOLEY AVENUE
20.5,496,Manhattan,FDR S 25th St - Catherine Slip
0.0,0,Staten Island,MLK S - SIE E WALKER STREET - WOOLEY AVENUE
41.63,61,Bronx,CBE E TAYLOR AVENUE - CASTLE HILL AVENUE
34.79,339,Queens,CIP N LIE ramp - TNB
16.77,155,Manhattan,BKN Bridge Manhattan Side - FDR N Catherine Slip
19.88,250,Manhattan,LINCOLN TUNNEL W NORTH TUBE NY - NJ
32.31,256,Bronx,CBE E CASTLE HILL AVE - BE N WATERBURY AVE
27.34,184,Queens,LIE E 84TH ST - 108TH ST
34.79,225,Queens,Laurelton Pkwy N @ SSP - CIP N Hempstead Tpk
50.95,45,Staten Island,SIE E VNB E FINGERBOARD ROAD - SI GANTRY UPPER LEVEL
0.0,0,Staten Island,ROUTE 169 S - MLK WALKER STREET
54.05,118,Queens,BWB S Queens Anchorage - WSE S Exit 14 (Linden Pl)
30.44,223,Manhattan,FDR N 25th - 63rd St
50.95,49,Bronx,CBE W CASTLE HILL AVENUE - TAYLOR AVENUE
16.15,144,Staten Island,SIE E VNB E FINGERBOARD ROAD - SI GANTRY LOWER LEVEL
41.01,52,Brooklyn,VNB E-GOWANUS N BROOKLYN GANTRY LOWER LEVEL - 92ND STREET
21.74,465,Manhattan,FDR S 25th St - Catherine Slip
14.29,510,Manhattan,GWB E LOWER LEVEL PLAZA - CBE E LOWER LEVEL AMSTERDAM AVE
0.0,0,Bronx,CBE W L/LE V AMSTERDAM AVE - I 95 S LOC LNS
41.63,183,Queens,CIP S Hempstead Tpk - Laurelton Pkwy @ SSP
52.19,54,Staten Island,WSE S SOUTH AVENUE - VICTORY BOULEVARD
51.57,42,Queens,CIP N ramp to TNB - TNB Queens Anchorage
43.49,128,Bronx,BRP N WATSON AVENUE - FORDHAM ROAD
39.14,206,Queens,TBB N QUEENS ANCHORAGE - MANHATTAN LIFT SPAN
0.0,0,Queens,VWE N MP8.64 (Exit 13 Northern Blvd) - Whitestone Expwy Exit 14 (Linden Pl)
14.91,371,Manhattan,LINCOLN TUNNEL E CENTER TUBE NJ - NY
54.05,72,Staten Island,SIE W WOOLEY AVENUE - RICHMOND AVENUE
0.0,0,Staten Island,MLK S - SIE E WALKER STREET - WOOLEY AVENUE
50.95,227,Queens,CIP N TNB - Whitestone Expwy S Exit 14 (Linden Pl)
37.9,521,Manhattan,Westside Hwy N 57th St - GWB
52.81,88,Brooklyn,VNB W BROOKLYN GANTRY LOWER LEVEL - SI GANTRY LOWER LEVEL
0.0,0,Queens,BE S TBB EXIT RAMP - QUEENS ANCHORAGE
31.06,220,Queens,TNB S Toll Plaza - Queens Anchorage
19.88,621,Brooklyn,GOW S 9TH STREET - 7TH AVENUE
41.63,264,Queens,CIP S LIE - Hempstead Tpk
34.79,264,Queens,Belt Pkwy E 182nd St - Laurelton Pkwy N @ SSP
13.67,195,Staten Island,SIE E SOUTH AVENUE - RICHMOND AVENUE
42.25,54,Staten Island,SIE E VNB E FINGERBOARD ROAD - SI GANTRY LOWER LEVEL
0.0,0,Brooklyn,GOW N 7TH AVENUE - 9TH STREET
0.0,0,Staten Island,ROUTE 169 S - MLK WALKER STREET
0.0,0,Brooklyn,GOW N 9TH STREET - ATLANTIC AVENUE
18.64,139,Manhattan,BKN Bridge Manhattan Side - FDR N Catherine Slip
26.09,300,Queens,Laurelton Pkwy N @ SSP - CIP N Hempstead Tpk
43.49,53,Staten Island,SIE E VNB E FINGERBOARD ROAD - SI GANTRY LOWER LEVEL
57.78,130,Bronx,BE N Castle Hill Avenue - Griswold Ave
52.19,147,Staten Island,440 N FRANCIS STREET - WSE N TYRELLAN AVE
52.81,130,Queens,VWE S MP4.63 (Exit 6 Jamaica Ave) - MP2.66 (Exit 2 Roackaway Blvd)
27.34,98,Queens,TNB S Qns Anchorage - CIP S @ TNB
41.01,52,Brooklyn,GOW S VNB W 92ND STREET - BKLYN GANTRY UPPER LEVEL
41.01,390,Queens,CIP NB GCP - TNB
54.68,101,Staten Island,SIE E CLOVE ROAD - FINGERBOARD ROAD
49.7,75,Queens,Belt Pkwy W 182nd St - JFK Expressway
60.89,97,Staten Island,SIE W FINGERBOARD ROAD - CLOVE ROAD
22.36,190,Brooklyn,GOW N 92ND STREET - 7TH AVENUE
49.7,221,Queens,CIP S LIE - Hempstead Tpk
54.68,84,Brooklyn,VNB W BROOKLYN GANTRY LOWER LEVEL - SI GANTRY LOWER LEVEL
50.95,91,Brooklyn,VNB E SI GANTRY UPPER LEVEL - BROOKLYN GANTRY UPPER LEVEL
45.98,55,Bronx,HRP S Lafayette Ave - BWB S Toll Plaza
54.68,85,Brooklyn,VNB W BROOKLYN GANTRY LOWER LEVEL - SI GANTRY LOWER LEVEL
39.76,171,Manhattan,FDR S 63rd - 25th St
45.36,122,Queens,Whitestone Expwy S Exit 14 (Linden Pl) - VWE S MP8.65 (Exit 13 Northern Blvd)
48.46,81,Staten Island,SIE E RICHMOND AVENUE - WOOLEY AVENUE
45.98,258,Queens,CIP N LIE ramp - TNB
9.94,485,Queens,LIE E 84TH ST - 108TH ST
18.01,559,Manhattan,FDR N Catherine Slip - 25th St
50.95,122,Staten Island,WSE S BLLOMINGDALE ROAD - TYRELLAN AVENUE
0.0,0,Brooklyn,GOW N 9TH STREET - ATLANTIC AVENUE
50.33,109,Queens,Whitestone Expwy S Exit 14 (Linden Pl) - VWE S MP8.65 (Exit 13 Northern Blvd)
52.81,168,Queens,VWE N MP4.63 (Exit 6 - Jamaica Ave) - MP6.39 (Exit 11 Jewel Ave)
24.23,105,Manhattan,BKN Bridge Manhattan Side - FDR N Catherine Slip
60.27,53,Staten Island,WSE N VICTORY BLVD - SOUTH AVENUE
0.0,0,Brooklyn,GOW S 9TH STREET - 7TH AVENUE
9.94,419,Bronx,CBE W MORRIS AVE - GWB W AMSTERDAM AVE (L/LVL)
0.0,0,Bronx,BRP S FORDHAM ROAD - WATSON AVENUE
12.42,561,Brooklyn,BQE S 46TH STREET - LEONARD STREET
45.98,180,Bronx,CBE E CASTLE HILL AVE - BE N WATERBURY AVE
28.58,186,Manhattan,QMT E Manhattan Side - Toll Plaza
3.1,618,Manhattan,12th Ave S 57th St - 45th St
49.7,112,Queens,Whitestone Expwy S Exit 14 (Linden Pl) - VWE S MP8.65 (Exit 13 Northern Blvd)
52.19,131,Manhattan,FDR N 25th - 63rd St
57.78,136,Staten Island,WSE N ARDEN AVENUE - VICTORY BLVD
0.0,0,Queens,QMT W Toll Plaza - Manhattan Side
22.99,190,Bronx,BE S CASTLE HILL AVENUE - STRATFORD AVENUE
39.76,66,Manhattan,FDR S Catherine Slip - BKN Bridge Manhattan Side
32.31,143,Bronx,BWB S Toll Plaza - Queens Anchorage
15.53,149,Manhattan,FDR N - TBB E 116TH STREET - MANHATTAN TRUSS
62.75,82,Staten Island,WSE S ARDEN AVENUE - BLOOMINGDALE ROAD
26.09,413,Queens,VWE S MP2.66 (Exit 2 Rockaway Blvd) - Belt Pkwy E 182nd St
52.81,88,Brooklyn,VNB E SI GANTRY UPPER LEVEL - BROOKLYN GANTRY UPPER LEVEL
19.88,273,Bronx,BRP N WATSON AVENUE - FORDHAM ROAD
3.72,1007,Bronx,CBE W MORRIS AVE - GWB W AMSTERDAM AVE (U/LVL)
44.11,184,Queens,TBB N QUEENS ANCHORAGE - MANHATTAN LIFT SPAN
51.57,153,Staten Island,WSE S VICTORY BOULEVARD - ARDEN AVENUE
44.73,205,Queens,Laurelton Pkwy S @ SSP - Belt Pkwy W 182nd St
45.98,100,Brooklyn,VNB E SI GANTRY LOWER LEVEL - BROOLKYN GANTRY LOWER LEVEL
61.51,84,Staten Island,WSE S ARDEN AVENUE - BLOOMINGDALE ROAD
0.0,0,Brooklyn,GOW S 9TH STREET - 7TH AVENUE
1.86,1064,Bronx,CBE W CASTLE HILL AVENUE - TAYLOR AVENUE
50.33,152,Staten Island,WSE S TYRELLAN AVENUE - 440 S FRANCIS STREET
19.88,442,Queens,VWE N MP4.63 (Exit 6 - Jamaica Ave) - MP6.39 (Exit 11 Jewel Ave)
20.5,104,Staten Island,VNB W-SIE W SI GANTRY LOWER LEVEL - FINGERBOARD ROAD
29.2,369,Queens,VWE S MP2.66 (Exit 2 Rockaway Blvd) - Belt Pkwy E 182nd St
13.04,319,Bronx,CBE W MORRIS AVE - GWB W AMSTERDAM AVE (U/LVL)
9.94,312,Manhattan,12th Ave N 40th - 57th St
36.66,321,Queens,CIP N LIE ramp - TNB
0.0,0,Manhattan,BQE N Atlantic Ave - BKN Bridge Manhattan Side
23.61,426,Manhattan,FDR S 25th St - Catherine Slip
27.96,230,Manhattan,BBT E Manhattan Portal - Toll Plaza
14.91,180,Staten Island,SIE E SOUTH AVENUE - RICHMOND AVENUE
11.18,387,Bronx,MDE S HARLEM RIVER PARK - GWB W AMSTERDAM AVENUE UPPER LEVEL
19.26,335,Queens,Whitestone Expwy N Exit 14 (Linden Pl) - BWB N Queens Anchorage
34.17,160,Bronx,BRP N WATSON AVENUE - FORDHAM ROAD
47.84,81,Staten Island,SIE E RICHMOND AVENUE - WOOLEY AVENUE
54.05,145,Staten Island,WSE N ARDEN AVENUE - VICTORY BLVD
47.22,113,Queens,VWE N MP8.64 (Exit 13 Northern Blvd) - Whitestone Expwy Exit 14 (Linden Pl)
47.22,157,Bronx,BE S Griswold - Castle Hill Avenue
0.0,0,Brooklyn,GOW S 7TH AVENUE - 92ND STREET
17.39,312,Queens,Whitestone Expwy S Exit 14 (Linden Pl) - VWE S MP8.65 (Exit 13 Northern Blvd)
50.33,143,Queens,MDE S TBB EXIT RAMP - QUEENS ANCHORAGE
45.98,58,Queens,TNB S Qns Anchorage - CIP S @ TNB
3.1,697,Manhattan,12th Ave S 57th St - 45th St
39.14,210,Bronx,CBE E CASTLE HILL AVE - BE N WATERBURY AVE
1.24,1664,Bronx,CBE W CASTLE HILL AVENUE - TAYLOR AVENUE
29.2,223,Manhattan,BBT E Manhattan Portal - Toll Plaza
33.55,166,Bronx,BRP N WATSON AVENUE - FORDHAM ROAD
47.84,52,Bronx,HRP S Lafayette Ave - BWB S Toll Plaza
0.0,0,Staten Island,ROUTE 169 S - MLK WALKER STREET
49.7,94,Brooklyn,VNB W BROOKLYN GANTRY UPPER LEVEL - SI GANTRY UPPER LEVEL
48.46,189,Queens,Laurelton Pkwy S @ SSP - Belt Pkwy W 182nd St
55.92,141,Staten Island,WSE S VICTORY BOULEVARD - ARDEN AVENUE
46.6,46,Brooklyn,GOW S VNB W 92ND STREET - BKLYN GANTRY LOWER LEVEL
0.0,0,Bronx,BRP S FORDHAM ROAD - WATSON AVENUE
0.0,0,Staten Island,ROUTE 169 S - MLK WALKER STREET
11.18,464,Queens,QMT W Toll Plaza - Manhattan Side
0.0,0,Manhattan,BQE N Atlantic Ave - BKN Bridge Manhattan Side
22.99,117,Queens,TNB S Qns Anchorage - CIP S @ TNB
0.0,0,Manhattan,12th Ave N 40th - 57th St
45.98,34,Staten Island,SIE E WOOLEY AVENUE - BRADLEY AVENUE
48.46,114,Staten Island,SIE E CLOVE ROAD - FINGERBOARD ROAD
55.92,88,Queens,LIE W 108TH ST - 84TH ST
54.05,98,Queens,VWE N MP8.64 (Exit 13 Northern Blvd) - Whitestone Expwy Exit 14 (Linden Pl)
46.6,49,Staten Island,SIE E VNB E FINGERBOARD ROAD - SI GANTRY LOWER LEVEL
33.55,68,Staten Island,SIE E VNB E FINGERBOARD ROAD - SI GANTRY LOWER LEVEL
53.43,103,Staten Island,SIE E CLOVE ROAD - FINGERBOARD ROAD
29.2,371,Queens,VWE S MP2.66 (Exit 2 Rockaway Blvd) - Belt Pkwy E 182nd St
26.09,170,Bronx,MDE S HARLEM RIVER PARK - GWB W AMSTERDAM AVENUE LOWER LEVEL
8.07,643,Manhattan,11th ave n ganservoort - 12th ave @ 40th st
42.25,176,Queens,TBB S MANHATTAN LIFT SPAN - QUEENS ANCHORAGE
7.45,939,Queens,TBB N QUEENS ANCHORAGE - BE N
51.57,97,Staten Island,WSE N BLOOMUINGDALE ROAD - ARDEN AVENUE
46.6,207,Queens,LIE WB LITTLE NECK PKWY - NB CVE
27.34,162,Bronx,MDE S HARLEM RIVER PARK - GWB W AMSTERDAM AVENUE LOWER LEVEL
19.26,285,Manhattan,LINCOLN TUNNEL W CENTER TUBE NY - NJ
54.68,98,Queens,VWE N MP6.39 (Exit 11 Jewel Ave) - MP8.65 (Exit 13 Northern Blvd)
28.58,99,Staten Island,SIE W RICHMOND AVENUE - SOUTH AVENUE
44.73,124,Staten Island,SIE E CLOVE ROAD - FINGERBOARD ROAD
0.0,0,Staten Island,MLK N WALKER STREET - NJ ROUTE 169
36.66,145,Queens,QMT W Toll Plaza - Manhattan Side
57.78,136,Staten Island,WSE N ARDEN AVENUE - VICTORY BLVD
15.53,748,Queens,CIP N LIE ramp - TNB
49.7,234,Queens,CIP N TNB - Whitestone Expwy S Exit 14 (Linden Pl)
55.3,113,Staten Island,WSE S BLLOMINGDALE ROAD - TYRELLAN AVENUE
27.96,382,Queens,VWE S MP2.66 (Exit 2 Rockaway Blvd) - Belt Pkwy E 182nd St
27.96,95,Staten Island,SIE E SOUTH AVENUE - RICHMOND AVENUE
54.05,142,Staten Island,WSE S TYRELLAN AVENUE - 440 S FRANCIS STREET
36.66,106,Queens,LIE WB LITTLE NECK PKWY - NB CIP
29.82,341,Manhattan,FDR N Catherine Slip - 25th St
54.68,144,Staten Island,WSE S VICTORY BOULEVARD - ARDEN AVENUE
22.36,284,Manhattan,12th ave @ 45th - 11 ave ganservoort st
12.42,436,Manhattan,LINCOLN TUNNEL E SOUTH TUBE - NJ - NY
55.92,124,Staten Island,SIE W - WSE S SOUTH AVENUE - SOUTH AVENUE
26.09,179,Bronx,BWB S Toll Plaza - Queens Anchorage
54.68,138,Queens,CIP S Hempstead Tpk - Laurelton Pkwy @ SSP
47.84,157,Queens,CIP S Hempstead Tpk - Laurelton Pkwy @ SSP
16.15,397,Manhattan,12th ave @ 45th - 11 ave ganservoort st
49.08,52,Bronx,CBE W CASTLE HILL AVENUE - TAYLOR AVENUE
57.78,96,Staten Island,SIE E CLOVE ROAD - FINGERBOARD ROAD
18.01,214,Staten Island,SIE E RICHMOND AVENUE - WOOLEY AVENUE
34.17,318,Queens,CIP N Hempstead Tpk - LIE
56.54,147,Bronx,CBE E CASTLE HILL AVE - BE N WATERBURY AVE
0.0,0,Staten Island,MLK S - SIE E WALKER STREET - WOOLEY AVENUE
15.53,414,Manhattan,BBT W Toll Plaza - Manhattan Portal
37.28,258,Queens,LIE WB LITTLE NECK PKWY - NB CVE
0.0,0,Brooklyn,BQE S 46TH STREET - LEONARD STREET
42.87,107,Brooklyn,VNB E SI GANTRY LOWER LEVEL - BROOLKYN GANTRY LOWER LEVEL
48.46,114,Staten Island,SIE E CLOVE ROAD - FINGERBOARD ROAD
41.01,125,Bronx,MDE N RFK Bridge - 142nd St
0.0,0,Brooklyn,VNB E-GOWANUS N BROOKLYN GANTRY UPPER LEVEL - 92ND STREET
9.94,661,Manhattan,FDR N 25th - 63rd St
26.09,286,Bronx,BE S Griswold - Castle Hill Avenue
0.0,0,Staten Island,ROUTE 169 S - MLK WALKER STREET
1.24,7752,Manhattan,FDR S 25th St - Catherine Slip
32.93,139,Brooklyn,VNB E SI GANTRY UPPER LEVEL - BROOKLYN GANTRY UPPER LEVEL
17.39,149,Manhattan,BKN Bridge Manhattan Side - FDR N Catherine Slip
59.65,101,Staten Island,WSE N-SIE E SOUTH AVENUE - SOUTH AVENUE
47.84,159,Staten Island,WSE S TYRELLAN AVENUE - 440 S FRANCIS STREET
54.05,178,Queens,LIE WB LITTLE NECK PKWY - NB CVE
30.44,227,Queens,VWE S MP4.63 (Exit 6 Jamaica Ave) - MP2.66 (Exit 2 Roackaway Blvd)
30.44,85,Manhattan,BKN Bridge Manhattan Side - FDR N Catherine Slip
9.32,466,Bronx,MDE S HARLEM RIVER PARK - GWB W AMSTERDAM AVENUE UPPER LEVEL
50.33,215,Queens,CVE NB LIE - WILLETS PT BLVD
0.0,0,Brooklyn,GOW S 9TH STREET - 7TH AVENUE
59.03,43,Bronx,CBE W CASTLE HILL AVENUE - TAYLOR AVENUE
64.0,81,Staten Island,WSE S ARDEN AVENUE - BLOOMINGDALE ROAD
46.6,162,Queens,CIP S Hempstead Tpk - Laurelton Pkwy @ SSP
47.84,334,Queens,CIP NB GCP - TNB
59.65,99,Staten Island,SIE W FINGERBOARD ROAD - CLOVE ROAD
61.51,113,Staten Island,SIE W - WSE S SOUTH AVENUE - SOUTH AVENUE
52.81,145,Staten Island,WSE S TYRELLAN AVENUE - 440 S FRANCIS STREET
46.6,235,Queens,CIP S LIE - Hempstead Tpk
61.51,127,Staten Island,WSE S VICTORY BOULEVARD - ARDEN AVENUE
56.54,133,Staten Island,WSE N TYRELLAN AVENUE - BLOOMINGDALE ROAD
41.63,38,Staten Island,SIE E WOOLEY AVENUE - BRADLEY AVENUE
54.05,178,Queens,LIE WB LITTLE NECK PKWY - NB CVE
58.4,43,Bronx,CBE E TAYLOR AVENUE - CASTLE HILL AVENUE
46.6,147,Manhattan,FDR N 25th - 63rd St
43.49,99,Bronx,CBE W MORRIS AVE - GWB W AMSTERDAM AVE (L/LVL)
54.68,81,Bronx,HRP N LAFAYETTE AVENUE - E TREMONT AVENUE
50.33,32,Staten Island,SIE E WOOLEY AVENUE - BRADLEY AVENUE
57.78,159,Queens,Belt Pkwy E 182nd St - Laurelton Pkwy N @ SSP
25.47,209,Queens,QMT W Toll Plaza - Manhattan Side
41.01,56,Staten Island,SIE E VNB E FINGERBOARD ROAD - SI GANTRY LOWER LEVEL
59.65,54,Staten Island,WSE N VICTORY BLVD - SOUTH AVENUE
44.11,104,Brooklyn,VNB W BROOKLYN GANTRY UPPER LEVEL - SI GANTRY UPPER LEVEL
44.11,266,Queens,CIP N LIE ramp - TNB
47.22,30,Staten Island,SIE W BRADLEY AVENUE - WOOLEY AVENUE
0.0,0,Staten Island,ROUTE 169 S - MLK WALKER STREET
31.06,222,Queens,VWE S MP4.63 (Exit 6 Jamaica Ave) - MP2.66 (Exit 2 Roackaway Blvd)
42.25,170,Queens,MDE S TBB EXIT RAMP - QUEENS ANCHORAGE
24.85,219,Bronx,BRP N WATSON AVENUE - FORDHAM ROAD
7.45,554,Brooklyn,GOW N 92ND STREET - 7TH AVENUE
59.03,278,Queens,CVE NB GCP - WILLETS PT BLVD
0.0,0,Brooklyn,GOW S 9TH STREET - 7TH AVENUE
0.0,0,Brooklyn,BQE S - GOW S ALTANTIC AVENUE - 9TH STREET
48.46,136,Staten Island,SIE E BRADLEY AVENUE - CLOVE ROAD
25.47,195,Manhattan,LINCOLN TUNNEL W NORTH TUBE NY - NJ
41.63,123,Bronx,MDE N RFK Bridge - 142nd St
50.33,165,Bronx,CBE E CASTLE HILL AVE - BE N WATERBURY AVE
18.64,657,Queens,Belt Pkwy W JFK Expressway - VWE N Jamaica Ave
47.22,45,Brooklyn,GOW S VNB W 92ND STREET - BKLYN GANTRY UPPER LEVEL
52.19,88,Bronx,BE N STRATFORD AVENUE - CASTLE HILL AVE
53.43,50,Staten Island,SIE E SOUTH AVENUE - RICHMOND AVENUE
53.43,50,Staten Island,SIE E SOUTH AVENUE - RICHMOND AVENUE
54.05,73,Staten Island,SIE E RICHMOND AVENUE - WOOLEY AVENUE
10.56,301,Manhattan,11th ave s ganservoort - west st @ spring st
0.0,0,Staten Island,MLK N WALKER STREET - NJ ROUTE 169
13.04,428,Manhattan,West St S Spring St - BBT Manhattan Portal outbound
0.0,0,Brooklyn,GOW S 9TH STREET - 7TH AVENUE
38.52,177,Manhattan,FDR S 63rd - 25th St
48.46,154,Bronx,BE S Griswold - Castle Hill Avenue
38.52,169,Manhattan,BBT E Manhattan Portal - Toll Plaza
56.54,107,Staten Island,WSE N-SIE E SOUTH AVENUE - SOUTH AVENUE
41.63,51,Staten Island,VNB W-SIE W SI GANTRY LOWER LEVEL - FINGERBOARD ROAD
12.42,582,Queens,TBB N QUEENS ANCHORAGE - BE N
43.49,147,Queens,BWB S Queens Anchorage - WSE S Exit 14 (Linden Pl)
68.97,75,Staten Island,WSE S ARDEN AVENUE - BLOOMINGDALE ROAD
33.55,79,Staten Island,SIE E SOUTH AVENUE - RICHMOND AVENUE
22.99,294,Manhattan,FDR S 63rd - 25th St
26.09,314,Bronx,CBE W U/LEV AMSTERDAM AVE - I95 S EXP LNS
0.0,0,Staten Island,MLK S - SIE E WALKER STREET - WOOLEY AVENUE
36.03,190,Manhattan,FDR N 25th - 63rd St
0.0,0,Staten Island,VNB W-SIE W SI GANTRY LOWER LEVEL - FINGERBOARD ROAD
6.83,611,Bronx,CBE W MORRIS AVE - GWB W AMSTERDAM AVE (L/LVL)
13.04,425,Manhattan,LINCOLN TUNNEL W CENTER TUBE NY - NJ
31.68,81,Manhattan,BKN Bridge Manhattan Side - FDR N Catherine Slip
59.03,43,Bronx,CBE W CASTLE HILL AVENUE - TAYLOR AVENUE
39.14,185,Queens,TBB N QUEENS ANCHORAGE - BE N
41.63,179,Bronx,BE S Griswold - Castle Hill Avenue
0.0,0,Manhattan,BQE N Atlantic Ave - BKN Bridge Manhattan Side
65.86,78,Staten Island,WSE S ARDEN AVENUE - BLOOMINGDALE ROAD
49.08,195,Queens,LIE WB LITTLE NECK PKWY - NB CVE
41.63,165,Queens,TNB N Queens Anchorage - Toll Plaza
55.3,196,Queens,CVE NB LIE - WILLETS PT BLVD
41.63,94,Queens,LIE WB LITTLE NECK PKWY - NB CIP
8.69,502,Bronx,BWB S Toll Plaza - Queens Anchorage
8.69,622,Manhattan,11th ave n ganservoort - 12th ave @ 40th st
53.43,141,Queens,CIP S Hempstead Tpk - Laurelton Pkwy @ SSP
45.98,164,Queens,TBB S MANHATTAN LIFT SPAN - QUEENS ANCHORAGE
47.84,44,Brooklyn,VNB E-GOWANUS N BROOKLYN GANTRY LOWER LEVEL - 92ND STREET
0.0,0,Manhattan,BQE N Atlantic Ave - MAN Bridge Manhattan Side
52.81,156,Bronx,CBE E CASTLE HILL AVE - BE N WATERBURY AVE
13.04,424,Manhattan,West St S Spring St - BBT Manhattan Portal outbound
0.0,0,Brooklyn,BQE S - GOW S ALTANTIC AVENUE - 9TH STREET
51.57,55,Staten Island,WSE S SOUTH AVENUE - VICTORY BOULEVARD
42.87,54,Staten Island,SIE E VNB E FINGERBOARD ROAD - SI GANTRY UPPER LEVEL
49.7,110,Queens,Whitestone Expwy S Exit 14 (Linden Pl) - VWE S MP8.65 (Exit 13 Northern Blvd)
34.79,205,Queens,MDE S TBB EXIT RAMP - QUEENS ANCHORAGE
0.0,0,Staten Island,MLK S - SIE E WALKER STREET - WOOLEY AVENUE
1.86,4088,Bronx,CBE W L/LE V AMSTERDAM AVE - I 95 S LOC LNS
54.68,114,Staten Island,WSE S BLLOMINGDALE ROAD - TYRELLAN AVENUE
61.51,113,Staten Island,SIE W - WSE S SOUTH AVENUE - SOUTH AVENUE
25.47,211,Queens,VWE N MP6.39 (Exit 11 Jewel Ave) - MP8.65 (Exit 13 Northern Blvd)
59.03,280,Queens,CVE NB GCP - WILLETS PT BLVD
0.0,0,Staten Island,MLK N WALKER STREET - NJ ROUTE 169
35.41,106,Queens,Belt Pkwy W 182nd St - JFK Expressway
64.0,122,Staten Island,WSE N ARDEN AVENUE - VICTORY BLVD
0.0,0,Manhattan,GWB E LOWER LEVEL PLAZA - CBE E LOWER LEVEL AMSTERDAM AVE
0.0,0,Staten Island,ROUTE 169 S - MLK WALKER STREET
0.0,0,Brooklyn,BQE S - GOW S ALTANTIC AVENUE - 9TH STREET
49.08,145,Brooklyn,BQE S 46TH STREET - LEONARD STREET
36.66,151,Bronx,BRP N WATSON AVENUE - FORDHAM ROAD
61.51,81,Queens,LIE E 84TH ST - 108TH ST
41.01,189,Queens,Laurelton Pkwy N @ SSP - CIP N Hempstead Tpk
50.33,149,Staten Island,WSE N TYRELLAN AVENUE - BLOOMINGDALE ROAD
39.14,244,Queens,LIE WB LITTLE NECK PKWY - NB CVE
24.23,265,Manhattan,BBT W Toll Plaza - Manhattan Portal
52.19,75,Staten Island,SIE E RICHMOND AVENUE - WOOLEY AVENUE
23.61,209,Queens,LIE W 108TH ST - 84TH ST
18.01,352,Manhattan,BBT E Manhattan Portal - Toll Plaza
47.22,49,Staten Island,SIE E VNB E FINGERBOARD ROAD - SI GANTRY UPPER LEVEL
0.0,0,Brooklyn,BQE S - GOW S ALTANTIC AVENUE - 9TH STREET
50.95,91,Bronx,BE N STRATFORD AVENUE - CASTLE HILL AVE
50.95,316,Queens,CIP NB GCP - TNB
52.19,75,Staten Island,SIE E RICHMOND AVENUE - WOOLEY AVENUE
52.19,85,Bronx,HRP N LAFAYETTE AVENUE - E TREMONT AVENUE
0.0,0,Queens,BE S TBB EXIT RAMP - QUEENS ANCHORAGE
0.0,0,Staten Island,SIE W - MLK N WOOLEY AVENUE - WLAKER STREET
24.85,95,Manhattan,TBB W - FDR S MANHATTAN TRUSS - E116TH STREET
57.16,49,Staten Island,SIE W RICHMOND AVENUE - SOUTH AVENUE
18.01,224,Brooklyn,BQE S - GOW S ALTANTIC AVENUE - 9TH STREET
14.29,398,Manhattan,West St S Spring St - BBT Manhattan Portal outbound
58.4,43,Bronx,CBE E TAYLOR AVENUE - CASTLE HILL AVENUE
0.0,0,Brooklyn,GOW S 9TH STREET - 7TH AVENUE
50.33,136,Manhattan,FDR S 63rd - 25th St
14.91,278,Bronx,CBE W MORRIS AVE - GWB W AMSTERDAM AVE (U/LVL)
64.0,81,Staten Island,WSE S ARDEN AVENUE - BLOOMINGDALE ROAD
0.0,0,Staten Island,ROUTE 169 S - MLK WALKER STREET
46.6,80,Queens,Belt Pkwy W 182nd St - JFK Expressway
36.66,63,Staten Island,SIE E VNB E FINGERBOARD ROAD - SI GANTRY LOWER LEVEL
45.98,46,Brooklyn,VNB E-GOWANUS N BROOKLYN GANTRY LOWER LEVEL - 92ND STREET
49.08,152,Bronx,BE S Griswold - Castle Hill Avenue
43.49,106,Brooklyn,VNB W BROOKLYN GANTRY UPPER LEVEL - SI GANTRY UPPER LEVEL
21.12,253,Queens,VWE N MP6.39 (Exit 11 Jewel Ave) - MP8.65 (Exit 13 Northern Blvd)
62.75,122,Staten Island,440 N FRANCIS STREET - WSE N TYRELLAN AVE
17.39,268,Bronx,BWB S Toll Plaza - Queens Anchorage
29.82,53,Staten Island,SIE E WOOLEY AVENUE - BRADLEY AVENUE
45.36,47,Staten island,VNB W-SIE W SI GANTRY UPPER LEVEL - FINGERBOARD ROAD
0.0,0,Bronx,CBE W L/LE V AMSTERDAM AVE - I 95 S LOC LNS
50.33,156,Staten Island,WSE N ARDEN AVENUE - VICTORY BLVD
6.21,1706,Queens,CIP N Hempstead Tpk - LIE
50.33,92,Bronx,BWB S Toll Plaza - Queens Anchorage
51.57,103,Queens,VWE N MP6.39 (Exit 11 Jewel Ave) - MP8.65 (Exit 13 Northern Blvd)
6.83,1673,Queens,Belt Pkwy W JFK Expressway - VWE N Jamaica Ave
50.95,83,Bronx,CBE E AMSTERDAM AVE(U/LVL) - MORRIS AVE
0.0,0,Brooklyn,GOW N 9TH STREET - ATLANTIC AVENUE
14.91,481,Manhattan,GWB E LOWER LEVEL PLAZA - CBE E LOWER LEVEL AMSTERDAM AVE
35.41,182,Manhattan,BBT W Toll Plaza - Manhattan Portal
0.62,1896,Manhattan,12th Ave S 57th St - 45th St
34.79,66,Staten Island,SIE E VNB E FINGERBOARD ROAD - SI GANTRY LOWER LEVEL
57.78,285,Queens,CVE NB GCP - WILLETS PT BLVD
8.07,754,Manhattan,12th ave @ 45th - 11 ave ganservoort st
55.3,172,Queens,LIE WB LITTLE NECK PKWY - NB CVE
49.08,32,Staten Island,SIE E WOOLEY AVENUE - BRADLEY AVENUE
41.63,55,Staten Island,SIE E VNB E FINGERBOARD ROAD - SI GANTRY LOWER LEVEL
49.7,137,Queens,TNB S Toll Plaza - Queens Anchorage
19.88,462,Queens,Belt Pkwy E 182nd St - Laurelton Pkwy N @ SSP
9.94,331,Manhattan,11th ave s ganservoort - west st @ spring st
42.87,108,Brooklyn,VNB E SI GANTRY UPPER LEVEL - BROOKLYN GANTRY UPPER LEVEL
59.03,133,Staten Island,WSE S VICTORY BOULEVARD - ARDEN AVENUE
54.68,101,Staten Island,SIE E CLOVE ROAD - FINGERBOARD ROAD
0.0,0,Staten Island,MLK S - SIE E WALKER STREET - WOOLEY AVENUE
0.0,0,Brooklyn,GOW S 9TH STREET - 7TH AVENUE
48.46,51,Bronx,HRP S Lafayette Ave - BWB S Toll Plaza
28.58,84,Manhattan,TBB W - FDR S MANHATTAN TRUSS - E116TH STREET
39.14,278,Queens,CIP N Hempstead Tpk - LIE
47.22,60,Staten Island,WSE S SOUTH AVENUE - VICTORY BOULEVARD
24.85,100,Bronx,HRP S Lafayette Ave - BWB S Toll Plaza
59.65,271,Queens,CIP NB GCP - TNB
11.18,970,Queens,VWE S MP2.66 (Exit 2 Rockaway Blvd) - Belt Pkwy E 182nd St
32.31,222,Brooklyn,BQE S 46TH STREET - LEONARD STREET
11.18,933,Queens,VWE S MP2.66 (Exit 2 Rockaway Blvd) - Belt Pkwy E 182nd St
0.0,0,Manhattan,BQE N Atlantic Ave - MAN Bridge Manhattan Side
26.09,285,Bronx,BE S Griswold - Castle Hill Avenue
18.01,303,Manhattan,LINCOLN TUNNEL E CENTER TUBE NJ - NY
0.0,0,Brooklyn,GOW N 7TH AVENUE - 9TH STREET
29.2,285,Bronx,CBE W U/LEV AMSTERDAM AVE - I95 S EXP LNS
44.73,52,Staten Island,SIE E VNB E FINGERBOARD ROAD - SI GANTRY UPPER LEVEL
37.28,64,Manhattan,FDR N - TBB E 116TH STREET - MANHATTAN TRUSS
47.84,172,Bronx,CBE W U/LEV AMSTERDAM AVE - I95 S EXP LNS
22.99,394,Queens,Belt Pkwy E 182nd St - Laurelton Pkwy N @ SSP
0.0,0,Staten Island,MLK N WALKER STREET - NJ ROUTE 169
13.04,628,Bronx,CBE W L/LE V AMSTERDAM AVE - I 95 S LOC LNS
54.68,84,Bronx,BE N STRATFORD AVENUE - CASTLE HILL AVE
51.57,225,Queens,CIP N TNB - Whitestone Expwy S Exit 14 (Linden Pl)
52.81,87,Bronx,BWB S Toll Plaza - Queens Anchorage
45.98,180,Bronx,CBE E CASTLE HILL AVE - BE N WATERBURY AVE
42.87,174,Queens,TBB S MANHATTAN LIFT SPAN - QUEENS ANCHORAGE
0.0,0,Staten Island,SIE E-MLK N RICHMOND AVENUE - WALKER STREET
4.97,495,Bronx,HRP S Lafayette Ave - BWB S Toll Plaza
41.63,51,Brooklyn,VNB E-GOWANUS N BROOKLYN GANTRY UPPER LEVEL - 92ND STREET
43.49,49,Brooklyn,VNB E-GOWANUS N BROOKLYN GANTRY UPPER LEVEL - 92ND STREET
0.0,0,Bronx,MDE N RFK Bridge - 142nd St
49.7,32,Staten Island,SIE E WOOLEY AVENUE - BRADLEY AVENUE
8.07,399,Manhattan,12th Ave N 40th - 57th St
29.82,662,Manhattan,Westside Hwy N 57th St - GWB
0.0,0,Staten Island,ROUTE 169 S - MLK WALKER STREET
32.93,271,Queens,VWE N MP4.63 (Exit 6 - Jamaica Ave) - MP6.39 (Exit 11 Jewel Ave)
0.0,0,Brooklyn,GOW N 9TH STREET - ATLANTIC AVENUE
10.56,499,Queens,VWE S MP8.65 (Exit 13 Northern Blvd) - MP6.39 (Exit 11 Jewel Ave)
13.67,419,Staten Island,SIE W FINGERBOARD ROAD - CLOVE ROAD
7.45,1565,Queens,Belt Pkwy W JFK Expressway - VWE N Jamaica Ave
58.4,79,Brooklyn,VNB E SI GANTRY LOWER LEVEL - BROOLKYN GANTRY LOWER LEVEL
19.88,351,Brooklyn,BQE N LEONARD STREET - 46TH STREET
48.46,95,Queens,BWB N Queens Anchorage - Toll Plaza
24.23,296,Brooklyn,BQE S 46TH STREET - LEONARD STREET
49.7,53,Manhattan,FDR S Catherine Slip - BKN Bridge Manhattan Side
49.7,125,Staten Island,WSE S BLLOMINGDALE ROAD - TYRELLAN AVENUE
37.28,148,Manhattan,LINCOLN TUNNEL W CENTER TUBE NY - NJ
0.0,0,Staten Island,MLK N WALKER STREET - NJ ROUTE 169
54.68,125,Queens,TNB S Toll Plaza - Queens Anchorage
0.0,0,Staten Island,MLK N WALKER STREET - NJ ROUTE 169
60.89,52,Staten Island,WSE N VICTORY BLVD - SOUTH AVENUE
54.05,296,Queens,CIP NB GCP - TNB
8.69,240,Staten island,VNB W-SIE W SI GANTRY UPPER LEVEL - FINGERBOARD ROAD
36.66,292,Queens,VWE S MP2.66 (Exit 2 Rockaway Blvd) - Belt Pkwy E 182nd St
51.57,90,Brooklyn,VNB W BROOKLYN GANTRY LOWER LEVEL - SI GANTRY LOWER LEVEL
0.0,0,Bronx,I-87 NYST S Exit 1 - MDE S Van Cortlandt Park
54.68,136,Bronx,BE S Griswold - Castle Hill Avenue
22.36,221,Manhattan,LINCOLN TUNNEL W NORTH TUBE NY - NJ
41.63,477,Manhattan,Westside Hwy N 57th St - GWB
39.14,508,Manhattan,Westside Hwy S GWB - 57th St
14.91,282,Bronx,CBE W MORRIS AVE - GWB W AMSTERDAM AVE (U/LVL)
54.68,101,Queens,Whitestone Expwy S Exit 14 (Linden Pl) - VWE S MP8.65 (Exit 13 Northern Blvd)
44.73,443,Manhattan,Westside Hwy N 57th St - GWB
59.65,117,Staten Island,SIE W - WSE S SOUTH AVENUE - SOUTH AVENUE
8.07,657,Manhattan,LINCOLN TUNNEL E CENTER TUBE NJ - NY
47.22,53,Bronx,CBE E TAYLOR AVENUE - CASTLE HILL AVENUE
30.44,337,Manhattan,FDR N Catherine Slip - 25th St
21.12,275,Staten Island,SIE W FINGERBOARD ROAD - CLOVE ROAD
0.0,0,Manhattan,BQE N Atlantic Ave - MAN Bridge Manhattan Side
35.41,68,Manhattan,TBB W - FDR S MANHATTAN TRUSS - E116TH STREET
37.28,526,Manhattan,Westside Hwy N 57th St - GWB
14.91,370,Manhattan,LINCOLN TUNNEL E SOUTH TUBE - NJ - NY
51.57,132,Queens,TNB S Toll Plaza - Queens Anchorage
0.0,0,Staten Island,ROUTE 169 S - MLK WALKER STREET
41.63,154,Queens,Whitestone Expwy N Exit 14 (Linden Pl) - BWB N Queens Anchorage
45.36,47,Brooklyn,GOW S VNB W 92ND STREET - BKLYN GANTRY UPPER LEVEL
8.07,388,Manhattan,11th ave s ganservoort - west st @ spring st
54.68,199,Queens,CVE NB LIE - WILLETS PT BLVD
27.96,109,Queens,BE S TBB EXIT RAMP - MANHATTAN LIFT SPAN
52.19,89,Bronx,BWB S Toll Plaza - Queens Anchorage
34.79,196,Queens,TNB S Toll Plaza - Queens Anchorage
44.73,103,Bronx,BWB S Toll Plaza - Queens Anchorage
50.95,84,Bronx,CBE E AMSTERDAM AVE(U/LVL) - MORRIS AVE
21.74,462,Manhattan,FDR S 25th St - Catherine Slip
6.83,297,Staten island,VNB W-SIE W SI GANTRY UPPER LEVEL - FINGERBOARD ROAD
48.46,91,Bronx,BE S CASTLE HILL AVENUE - STRATFORD AVENUE
37.28,175,Manhattan,BBT W Toll Plaza - Manhattan Portal
0.0,0,Staten Island,MLK S - SIE E WALKER STREET - WOOLEY AVENUE
49.08,51,Bronx,CBE E TAYLOR AVENUE - CASTLE HILL AVENUE
61.51,52,Staten Island,WSE N VICTORY BLVD - SOUTH AVENUE
47.84,155,Bronx,BE N Castle Hill Avenue - Griswold Ave
48.46,44,Brooklyn,VNB E-GOWANUS N BROOKLYN GANTRY UPPER LEVEL - 92ND STREET
17.39,322,Manhattan,West St S Spring St - BBT Manhattan Portal outbound
18.64,567,Queens,VWE S MP2.66 (Exit 2 Rockaway Blvd) - Belt Pkwy E 182nd St
55.92,134,Bronx,BE N Castle Hill Avenue - Griswold Ave
18.64,281,Queens,VWE S MP8.65 (Exit 13 Northern Blvd) - MP6.39 (Exit 11 Jewel Ave)
55.3,100,Queens,Whitestone Expwy S Exit 14 (Linden Pl) - VWE S MP8.65 (Exit 13 Northern Blvd)
57.78,159,Queens,Laurelton Pkwy S @ SSP - Belt Pkwy W 182nd St
4.34,962,Bronx,CBE W MORRIS AVE - GWB W AMSTERDAM AVE (U/LVL)
29.2,81,Manhattan,FDR N - TBB E 116TH STREET - MANHATTAN TRUSS
11.8,626,Manhattan,GWB E LOWER LEVEL PLAZA - CBE E LOWER LEVEL AMSTERDAM AVE
0.0,0,Bronx,BRP S FORDHAM ROAD - WATSON AVENUE
61.51,127,Staten Island,WSE N ARDEN AVENUE - VICTORY BLVD
32.93,225,Queens,TBB S MANHATTAN LIFT SPAN - QUEENS ANCHORAGE
14.29,229,Manhattan,12th Ave N 40th - 57th St
57.16,120,Queens,TNB N Queens Anchorage - Toll Plaza
14.91,293,Bronx,MDE S HARLEM RIVER PARK - GWB W AMSTERDAM AVENUE LOWER LEVEL
8.69,262,Manhattan,12th Ave S 57th St - 45th St
57.78,65,Queens,Belt Pkwy W 182nd St - JFK Expressway
46.6,99,Brooklyn,VNB W BROOKLYN GANTRY UPPER LEVEL - SI GANTRY UPPER LEVEL
35.41,556,Manhattan,Westside Hwy N 57th St - GWB
50.33,50,Bronx,BWB N Toll Plaza - HRP N Lafayatte Ave
8.07,776,Queens,Whitestone Expwy N Exit 14 (Linden Pl) - BWB N Queens Anchorage
49.7,93,Bronx,BE N STRATFORD AVENUE - CASTLE HILL AVE
49.08,58,Staten Island,SIE W RICHMOND AVENUE - SOUTH AVENUE
10.56,405,Bronx,CBE W MORRIS AVE - GWB W AMSTERDAM AVE (U/LVL)
57.78,80,Bronx,BE N STRATFORD AVENUE - CASTLE HILL AVE
43.49,66,Staten Island,SIE W RICHMOND AVENUE - SOUTH AVENUE
0.0,0,Brooklyn,GOW S 9TH STREET - 7TH AVENUE
48.46,51,Bronx,HRP S Lafayette Ave - BWB S Toll Plaza
57.16,135,Staten Island,WSE S TYRELLAN AVENUE - 440 S FRANCIS STREET
55.92,98,Queens,Whitestone Expwy S Exit 14 (Linden Pl) - VWE S MP8.65 (Exit 13 Northern Blvd)
0.0,0,Manhattan,LINCOLN TUNNEL W NORTH TUBE NY - NJ
0.0,0,Brooklyn,BQE S - GOW S ALTANTIC AVENUE - 9TH STREET
24.23,221,Queens,VWE N MP6.39 (Exit 11 Jewel Ave) - MP8.65 (Exit 13 Northern Blvd)
22.36,316,Brooklyn,BQE N LEONARD STREET - 46TH STREET
37.28,172,Manhattan,BBT E Manhattan Portal - Toll Plaza
44.11,154,Manhattan,FDR S 63rd - 25th St
42.87,49,Staten island,VNB W-SIE W SI GANTRY UPPER LEVEL - FINGERBOARD ROAD
47.22,98,Queens,BWB N Queens Anchorage - Toll Plaza
31.06,253,Queens,Laurelton Pkwy N @ SSP - CIP N Hempstead Tpk
57.78,129,Bronx,BE N Castle Hill Avenue - Griswold Ave
13.67,597,Bronx,CBE W L/LE V AMSTERDAM AVE - I 95 S LOC LNS
50.95,108,Queens,Whitestone Expwy S Exit 14 (Linden Pl) - VWE S MP8.65 (Exit 13 Northern Blvd)
0.0,0,Queens,VWE N MP6.39 (Exit 11 Jewel Ave) - MP8.65 (Exit 13 Northern Blvd)
37.28,248,Queens,Belt Pkwy E 182nd St - Laurelton Pkwy N @ SSP
37.28,289,Queens,VWE S MP2.66 (Exit 2 Rockaway Blvd) - Belt Pkwy E 182nd St
4.34,970,Bronx,CBE E AMSTERDAM AVE(U/LVL) - MORRIS AVE
52.19,54,Staten Island,WSE S SOUTH AVENUE - VICTORY BOULEVARD
0.0,0,Staten Island,SIE W - MLK N WOOLEY AVENUE - WLAKER STREET
51.57,83,Brooklyn,GOW S 7TH AVENUE - 92ND STREET
32.31,73,Manhattan,FDR N - TBB E 116TH STREET - MANHATTAN TRUSS
10.56,601,Manhattan,12th ave @ 45th - 11 ave ganservoort st
52.81,125,Staten Island,SIE E BRADLEY AVENUE - CLOVE ROAD
42.25,179,Queens,CIP S Hempstead Tpk - Laurelton Pkwy @ SSP
49.7,93,Bronx,BE N STRATFORD AVENUE - CASTLE HILL AVE
39.76,404,Queens,CIP NB GCP - TNB
0.0,0,Staten Island,MLK S - SIE W WALKER STREET - RICHMOND AVENUE
52.81,174,Queens,Laurelton Pkwy S @ SSP - Belt Pkwy W 182nd St
60.89,99,Staten Island,WSE N-SIE E SOUTH AVENUE - SOUTH AVENUE
38.52,60,Staten Island,SIE E VNB E FINGERBOARD ROAD - SI GANTRY LOWER LEVEL
60.27,86,Staten Island,WSE S ARDEN AVENUE - BLOOMINGDALE ROAD
50.33,128,Queens,BWB S Queens Anchorage - WSE S Exit 14 (Linden Pl)
11.18,383,Bronx,CBE E AMSTERDAM AVE(U/LVL) - MORRIS AVE
36.03,147,Queens,QMT W Toll Plaza - Manhattan Side
55.3,124,Queens,TNB S Toll Plaza - Queens Anchorage
0.0,0,Bronx,BRP S FORDHAM ROAD - WATSON AVENUE
0.0,0,Staten Island,ROUTE 169 S - MLK WALKER STREET
15.53,505,Queens,Laurelton Pkwy N @ SSP - CIP N Hempstead Tpk
55.92,109,Staten Island,WSE N-SIE E SOUTH AVENUE - SOUTH AVENUE
57.78,102,Staten Island,SIE W FINGERBOARD ROAD - CLOVE ROAD
34.17,465,Queens,CIP NB GCP - TNB
14.29,376,Manhattan,LINCOLN TUNNEL W CENTER TUBE NY - NJ
40.38,52,Brooklyn,GOW S VNB W 92ND STREET - BKLYN GANTRY LOWER LEVEL
43.49,70,Queens,BE S TBB EXIT RAMP - MANHATTAN LIFT SPAN
50.33,53,Queens,TNB S Qns Anchorage - CIP S @ TNB
41.01,56,Staten Island,SIE E VNB E FINGERBOARD ROAD - SI GANTRY LOWER LEVEL
62.13,107,Staten Island,SIE E BRADLEY AVENUE - CLOVE ROAD
51.57,120,Staten Island,WSE S BLLOMINGDALE ROAD - TYRELLAN AVENUE
17.39,333,Staten Island,SIE W FINGERBOARD ROAD - CLOVE ROAD
47.22,146,Manhattan,FDR N 25th - 63rd St
44.73,103,Brooklyn,VNB E SI GANTRY UPPER LEVEL - BROOKLYN GANTRY UPPER LEVEL
46.6,160,Queens,TBB S MANHATTAN LIFT SPAN - QUEENS ANCHORAGE
44.11,444,Manhattan,Westside Hwy S GWB - 57th St
13.04,396,Queens,VWE N MP8.64 (Exit 13 Northern Blvd) - Whitestone Expwy Exit 14 (Linden Pl)
42.25,55,Staten Island,SIE E VNB E FINGERBOARD ROAD - SI GANTRY UPPER LEVEL
0.0,0,Staten Island,SIE W - MLK N WOOLEY AVENUE - WLAKER STREET
0.0,0,Staten Island,SIE W - MLK N WOOLEY AVENUE - WLAKER STREET
54.05,108,Staten Island,SIE W FINGERBOARD ROAD - CLOVE ROAD
52.19,122,Queens,BWB S Queens Anchorage - WSE S Exit 14 (Linden Pl)
32.31,143,Bronx,BE N STRATFORD AVENUE - CASTLE HILL AVE
30.44,268,Bronx,I-87 NYST S Exit 1 - MDE S Van Cortlandt Park
0.0,0,Staten Island,MLK S - SIE W WALKER STREET - RICHMOND AVENUE
40.38,106,Bronx,CBE AMSTERDAM AVE (L/LVL) - MORRIS AVE
27.96,78,Queens,CIP N ramp to TNB - TNB Queens Anchorage
54.05,73,Staten Island,SIE E RICHMOND AVENUE - WOOLEY AVENUE
44.73,47,Brooklyn,VNB E-GOWANUS N BROOKLYN GANTRY LOWER LEVEL - 92ND STREET
34.79,125,Bronx,MDE S HARLEM RIVER PARK - GWB W AMSTERDAM AVENUE UPPER LEVEL
54.05,85,Bronx,BE N STRATFORD AVENUE - CASTLE HILL AVE
45.98,46,Brooklyn,VNB E-GOWANUS N BROOKLYN GANTRY UPPER LEVEL - 92ND STREET
57.16,134,Staten Island,WSE S TYRELLAN AVENUE - 440 S FRANCIS STREET
33.55,191,Queens,BWB S Queens Anchorage - WSE S Exit 14 (Linden Pl)
8.69,1389,Queens,Belt Pkwy W JFK Expressway - VWE N Jamaica Ave
59.65,78,Bronx,BE N STRATFORD AVENUE - CASTLE HILL AVE
38.52,55,Staten island,VNB W-SIE W SI GANTRY UPPER LEVEL - FINGERBOARD ROAD
51.57,142,Manhattan,GWB E LOWER LEVEL PLAZA - CBE E LOWER LEVEL AMSTERDAM AVE
49.7,154,Staten Island,440 N FRANCIS STREET - WSE N TYRELLAN AVE
43.49,146,Queens,Whitestone Expwy N Exit 14 (Linden Pl) - BWB N Queens Anchorage
43.49,165,Queens,TBB N QUEENS ANCHORAGE - BE N
55.3,51,Staten Island,SIE W RICHMOND AVENUE - SOUTH AVENUE
9.94,595,Staten Island,SIE W FINGERBOARD ROAD - CLOVE ROAD
56.54,162,Queens,Laurelton Pkwy S @ SSP - Belt Pkwy W 182nd St
60.89,129,Staten Island,WSE S VICTORY BOULEVARD - ARDEN AVENUE
64.0,61,Staten Island,SIE W WOOLEY AVENUE - RICHMOND AVENUE
6.21,794,Manhattan,11th ave n ganservoort - 12th ave @ 40th st
47.22,97,Brooklyn,VNB W BROOKLYN GANTRY LOWER LEVEL - SI GANTRY LOWER LEVEL
45.98,46,Staten Island,VNB W-SIE W SI GANTRY LOWER LEVEL - FINGERBOARD ROAD
50.33,128,Queens,BWB S Queens Anchorage - WSE S Exit 14 (Linden Pl)
0.0,0,Queens,BE S TBB EXIT RAMP - QUEENS ANCHORAGE
41.01,192,Queens,Laurelton Pkwy N @ SSP - CIP N Hempstead Tpk
54.05,79,Brooklyn,GOW N 92ND STREET - 7TH AVENUE
42.87,103,Bronx,BE S CASTLE HILL AVENUE - STRATFORD AVENUE
47.84,158,Queens,CIP S Hempstead Tpk - Laurelton Pkwy @ SSP
47.22,173,Bronx,I-87 NYST S Exit 1 - MDE S Van Cortlandt Park
43.49,113,Queens,LIE W 108TH ST - 84TH ST
55.3,137,Queens,CIP S Hempstead Tpk - Laurelton Pkwy @ SSP
2.48,893,Manhattan,12th Ave S 57th St - 45th St
39.76,62,Bronx,HRP S Lafayette Ave - BWB S Toll Plaza
44.11,48,Brooklyn,GOW S VNB W 92ND STREET - BKLYN GANTRY UPPER LEVEL
21.12,128,Queens,TNB S Qns Anchorage - CIP S @ TNB
31.06,159,Manhattan,LINCOLN TUNNEL W NORTH TUBE NY - NJ
13.67,529,Queens,TBB N QUEENS ANCHORAGE - BE N
0.0,0,Manhattan,LINCOLN TUNNEL E CENTER TUBE NJ - NY
55.3,71,Staten Island,SIE E RICHMOND AVENUE - WOOLEY AVENUE
49.08,169,Bronx,CBE E CASTLE HILL AVE - BE N WATERBURY AVE
21.12,175,Queens,Belt Pkwy W 182nd St - JFK Expressway
55.92,48,Queens,TNB S Qns Anchorage - CIP S @ TNB
44.73,166,Queens,TBB S MANHATTAN LIFT SPAN - QUEENS ANCHORAGE
11.8,1013,Queens,Belt Pkwy W JFK Expressway - VWE N Jamaica Ave
47.84,97,Brooklyn,VNB W BROOKLYN GANTRY LOWER LEVEL - SI GANTRY LOWER LEVEL
24.23,175,Bronx,CBE W MORRIS AVE - GWB W AMSTERDAM AVE (L/LVL)
57.16,46,Staten Island,SIE E SOUTH AVENUE - RICHMOND AVENUE
43.49,106,Brooklyn,VNB E SI GANTRY UPPER LEVEL - BROOKLYN GANTRY UPPER LEVEL
46.6,164,Staten Island,440 N FRANCIS STREET - WSE N TYRELLAN AVE
24.23,483,Queens,CIP N LIE ramp - TNB
16.15,338,Bronx,BRP N WATSON AVENUE - FORDHAM ROAD
34.79,461,Queens,CIP NB GCP - TNB
6.83,623,Bronx,CBE E AMSTERDAM AVE(U/LVL) - MORRIS AVE
24.85,198,Manhattan,LINCOLN TUNNEL W NORTH TUBE NY - NJ
0.0,0,Manhattan,BQE N Atlantic Ave - MAN Bridge Manhattan Side
3.1,717,Manhattan,12th Ave S 57th St - 45th St
11.18,496,Manhattan,West St S Spring St - BBT Manhattan Portal outbound
16.15,307,Queens,LIE W 108TH ST - 84TH ST
0.0,0,Staten Island,MLK S - SIE W WALKER STREET - RICHMOND AVENUE
46.6,159,Manhattan,GWB E LOWER LEVEL PLAZA - CBE E LOWER LEVEL AMSTERDAM AVE
0.0,0,Staten Island,MLK S - SIE E WALKER STREET - WOOLEY AVENUE
17.39,365,Manhattan,BBT E Manhattan Portal - Toll Plaza
38.52,61,Manhattan,FDR N - TBB E 116TH STREET - MANHATTAN TRUSS
51.57,86,Bronx,BE S CASTLE HILL AVENUE - STRATFORD AVENUE
52.81,105,Queens,Whitestone Expwy S Exit 14 (Linden Pl) - VWE S MP8.65 (Exit 13 Northern Blvd)
44.11,59,Manhattan,BKN Bridge Manhattan Side - FDR N Catherine Slip
52.81,142,Staten Island,WSE N TYRELLAN AVENUE - BLOOMINGDALE ROAD
50.33,142,Queens,MDE S TBB EXIT RAMP - QUEENS ANCHORAGE
36.03,217,Queens,Laurelton Pkwy N @ SSP - CIP N Hempstead Tpk
42.87,49,Brooklyn,VNB E-GOWANUS N BROOKLYN GANTRY UPPER LEVEL - 92ND STREET
47.22,97,Brooklyn,VNB W BROOKLYN GANTRY UPPER LEVEL - SI GANTRY UPPER LEVEL
0.0,0,Bronx,CBE W L/LE V AMSTERDAM AVE - I 95 S LOC LNS
18.64,115,Staten Island,VNB W-SIE W SI GANTRY LOWER LEVEL - FINGERBOARD ROAD
41.63,94,Staten Island,SIE W WOOLEY AVENUE - RICHMOND AVENUE
0.0,0,Staten Island,SIE E-MLK N RICHMOND AVENUE - WALKER STREET
47.22,202,Queens,LIE WB LITTLE NECK PKWY - NB CVE
23.61,428,Manhattan,FDR N Catherine Slip - 25th St
0.0,0,Brooklyn,GOW S 9TH STREET - 7TH AVENUE
53.43,73,Staten Island,SIE E RICHMOND AVENUE - WOOLEY AVENUE
34.79,122,Bronx,CBE W MORRIS AVE - GWB W AMSTERDAM AVE (U/LVL)
32.93,69,Staten Island,SIE E VNB E FINGERBOARD ROAD - SI GANTRY UPPER LEVEL
52.81,222,Queens,CIP N LIE ramp - TNB
59.65,153,Queens,Belt Pkwy E 182nd St - Laurelton Pkwy N @ SSP
37.9,146,Manhattan,LINCOLN TUNNEL W CENTER TUBE NY - NJ
46.6,49,Staten Island,SIE E VNB E FINGERBOARD ROAD - SI GANTRY UPPER LEVEL
0.0,0,Brooklyn,BQE S - GOW S ALTANTIC AVENUE - 9TH STREET
56.54,146,Bronx,CBE E CASTLE HILL AVE - BE N WATERBURY AVE
4.34,1239,Manhattan,LINCOLN TUNNEL W CENTER TUBE NY - NJ
19.88,290,Staten Island,SIE W FINGERBOARD ROAD - CLOVE ROAD
39.14,54,Brooklyn,VNB E-GOWANUS N BROOKLYN GANTRY LOWER LEVEL - 92ND STREET
23.61,111,Manhattan,FDR S Catherine Slip - BKN Bridge Manhattan Side
13.04,327,Brooklyn,GOW N 92ND STREET - 7TH AVENUE
24.23,182,Bronx,MDE S HARLEM RIVER PARK - GWB W AMSTERDAM AVENUE LOWER LEVEL
0.0,0,Staten Island,MLK N WALKER STREET - NJ ROUTE 169
45.98,255,Queens,CIP N LIE ramp - TNB
51.57,86,Bronx,BE S CASTLE HILL AVENUE - STRATFORD AVENUE
5.59,1271,Queens,TBB N QUEENS ANCHORAGE - BE N
51.57,90,Brooklyn,VNB W BROOKLYN GANTRY UPPER LEVEL - SI GANTRY UPPER LEVEL
0.0,0,Staten Island,MLK S - SIE W WALKER STREET - RICHMOND AVENUE
53.43,205,Queens,CIP S LIE - Hempstead Tpk
42.87,33,Staten Island,SIE W BRADLEY AVENUE - WOOLEY AVENUE
60.27,100,Staten Island,WSE N-SIE E SOUTH AVENUE - SOUTH AVENUE
52.19,30,Staten Island,SIE E WOOLEY AVENUE - BRADLEY AVENUE
24.23,303,Manhattan,GWB E LOWER LEVEL PLAZA - CBE E LOWER LEVEL AMSTERDAM AVE
54.68,108,Staten Island,SIE W FINGERBOARD ROAD - CLOVE ROAD
6.21,688,Bronx,CBE W MORRIS AVE - GWB W AMSTERDAM AVE (U/LVL)
39.14,195,Staten Island,WSE S TYRELLAN AVENUE - 440 S FRANCIS STREET
54.68,101,Staten Island,SIE E CLOVE ROAD - FINGERBOARD ROAD
0.0,0,Queens,Whitestone Expwy S Exit 14 (Linden Pl) - VWE S MP8.65 (Exit 13 Northern Blvd)
51.57,90,Queens,BWB N Queens Anchorage - Toll Plaza
57.78,130,Staten Island,WSE N TYRELLAN AVENUE - BLOOMINGDALE ROAD
0.0,0,Brooklyn,BQE S - GOW S ALTANTIC AVENUE - 9TH STREET
48.46,133,Queens,BWB S Queens Anchorage - WSE S Exit 14 (Linden Pl)
8.07,509,Bronx,CBE W MORRIS AVE - GWB W AMSTERDAM AVE (L/LVL)
55.3,297,Queens,CVE NB GCP - WILLETS PT BLVD
0.0,0,Manhattan,BQE N Atlantic Ave - MAN Bridge Manhattan Side
21.12,297,Manhattan,12th ave @ 45th - 11 ave ganservoort st
54.05,49,Staten Island,SIE E SOUTH AVENUE - RICHMOND AVENUE
0.0,0,Brooklyn,GOW N 9TH STREET - ATLANTIC AVENUE
55.3,166,Queens,Belt Pkwy E 182nd St - Laurelton Pkwy N @ SSP
54.68,52,Staten Island,WSE S SOUTH AVENUE - VICTORY BOULEVARD
16.15,616,Manhattan,FDR S 25th St - Catherine Slip
54.68,97,Queens,VWE S MP8.65 (Exit 13 Northern Blvd) - MP6.39 (Exit 11 Jewel Ave)
52.81,87,Queens,BWB N Queens Anchorage - Toll Plaza
54.05,109,Staten Island,SIE W FINGERBOARD ROAD - CLOVE ROAD
43.49,58,Bronx,BWB N Toll Plaza - HRP N Lafayatte Ave
10.56,528,Manhattan,West St S Spring St - BBT Manhattan Portal outbound
57.16,44,Bronx,CBE E TAYLOR AVENUE - CASTLE HILL AVENUE
50.33,92,Brooklyn,VNB E SI GANTRY LOWER LEVEL - BROOLKYN GANTRY LOWER LEVEL
47.22,175,Bronx,CBE E CASTLE HILL AVE - BE N WATERBURY AVE
54.05,79,Brooklyn,GOW S 7TH AVENUE - 92ND STREET
50.33,53,Queens,TNB S Qns Anchorage - CIP S @ TNB
29.82,308,Queens,Laurelton Pkwy S @ SSP - Belt Pkwy W 182nd St
0.0,0,Bronx,BRP S FORDHAM ROAD - WATSON AVENUE
53.43,140,Staten Island,WSE N TYRELLAN AVENUE - BLOOMINGDALE ROAD
16.15,286,Bronx,BE N STRATFORD AVENUE - CASTLE HILL AVE
36.03,59,Brooklyn,VNB E-GOWANUS N BROOKLYN GANTRY LOWER LEVEL - 92ND STREET
14.91,155,Manhattan,FDR N - TBB E 116TH STREET - MANHATTAN TRUSS
0.0,0,Staten Island,MLK N WALKER STREET - NJ ROUTE 169
12.42,438,Manhattan,LINCOLN TUNNEL E SOUTH TUBE - NJ - NY
39.76,60,Manhattan,FDR N - TBB E 116TH STREET - MANHATTAN TRUSS
6.21,806,Manhattan,11th ave n ganservoort - 12th ave @ 40th st
6.83,736,Manhattan,11th ave n ganservoort - 12th ave @ 40th st
67.1,122,Bronx,I-87 NYST S Exit 1 - MDE S Van Cortlandt Park
0.0,0,Staten Island,SIE W - MLK N WOOLEY AVENUE - WLAKER STREET
55.3,83,Brooklyn,VNB W BROOKLYN GANTRY UPPER LEVEL - SI GANTRY UPPER LEVEL
53.43,134,Brooklyn,BQE N LEONARD STREET - 46TH STREET
20.5,208,Bronx,CBE AMSTERDAM AVE (L/LVL) - MORRIS AVE
34.17,89,Queens,BE S TBB EXIT RAMP - MANHATTAN LIFT SPAN
23.61,274,Manhattan,BBT E Manhattan Portal - Toll Plaza
21.12,509,Queens,VWE S MP2.66 (Exit 2 Rockaway Blvd) - Belt Pkwy E 182nd St
0.0,0,Manhattan,BQE N Atlantic Ave - MAN Bridge Manhattan Side
37.9,242,Queens,Belt Pkwy E 182nd St - Laurelton Pkwy N @ SSP
54.68,114,Staten Island,WSE S BLLOMINGDALE ROAD - TYRELLAN AVENUE
16.15,201,Manhattan,12th Ave N 40th - 57th St
39.76,108,Bronx,CBE W MORRIS AVE - GWB W AMSTERDAM AVE (U/LVL)
42.25,226,Queens,LIE WB LITTLE NECK PKWY - NB CVE
45.36,47,Brooklyn,GOW S VNB W 92ND STREET - BKLYN GANTRY LOWER LEVEL
48.46,44,Staten island,VNB W-SIE W SI GANTRY UPPER LEVEL - FINGERBOARD ROAD
9.32,260,Bronx,HRP S Lafayette Ave - BWB S Toll Plaza
51.57,128,Staten Island,SIE E BRADLEY AVENUE - CLOVE ROAD
52.81,173,Queens,Belt Pkwy E 182nd St - Laurelton Pkwy N @ SSP
36.66,537,Manhattan,Westside Hwy S GWB - 57th St
39.14,68,Staten Island,SIE E SOUTH AVENUE - RICHMOND AVENUE
22.36,308,Queens,VWE S MP4.63 (Exit 6 Jamaica Ave) - MP2.66 (Exit 2 Roackaway Blvd)
0.0,0,Bronx,BRP S FORDHAM ROAD - WATSON AVENUE
54.05,142,Staten Island,WSE S TYRELLAN AVENUE - 440 S FRANCIS STREET
37.28,174,Manhattan,BBT W Toll Plaza - Manhattan Portal
46.6,46,Brooklyn,VNB E-GOWANUS N BROOKLYN GANTRY LOWER LEVEL - 92ND STREET
3.1,653,Manhattan,12th Ave S 57th St - 45th St
57.16,131,Bronx,BE N Castle Hill Avenue - Griswold Ave
18.01,646,Queens,CIP N TNB - Whitestone Expwy S Exit 14 (Linden Pl)
52.19,158,Bronx,CBE W U/LEV AMSTERDAM AVE - I95 S EXP LNS
1.86,1289,Bronx,CBE W CASTLE HILL AVENUE - TAYLOR AVENUE
44.73,171,Staten Island,WSE S TYRELLAN AVENUE - 440 S FRANCIS STREET
0.0,0,Queens,Belt Pkwy E 182nd St - Laurelton Pkwy N @ SSP
59.65,276,Queens,CVE NB GCP - WILLETS PT BLVD
59.03,129,Queens,CIP S Hempstead Tpk - Laurelton Pkwy @ SSP
44.73,47,Brooklyn,GOW S VNB W 92ND STREET - BKLYN GANTRY LOWER LEVEL
38.52,417,Queens,CIP NB GCP - TNB
22.99,103,Manhattan,FDR N - TBB E 116TH STREET - MANHATTAN TRUSS
14.29,221,Manhattan,12th Ave N 40th - 57th St
37.9,60,Staten Island,SIE E VNB E FINGERBOARD ROAD - SI GANTRY LOWER LEVEL
40.38,491,Manhattan,Westside Hwy S GWB - 57th St
45.36,102,Bronx,BWB S Toll Plaza - Queens Anchorage
50.95,84,Brooklyn,GOW S 7TH AVENUE - 92ND STREET
59.65,93,Staten Island,SIE E CLOVE ROAD - FINGERBOARD ROAD
0.0,0,Queens,BE S TBB EXIT RAMP - QUEENS ANCHORAGE
37.9,190,Queens,TBB N QUEENS ANCHORAGE - BE N
44.11,163,Queens,MDE S TBB EXIT RAMP - QUEENS ANCHORAGE
14.29,482,Queens,VWE S MP4.63 (Exit 6 Jamaica Ave) - MP2.66 (Exit 2 Roackaway Blvd)
41.01,187,Staten Island,WSE S TYRELLAN AVENUE - 440 S FRANCIS STREET
52.19,156,Bronx,I-87 NYST S Exit 1 - MDE S Van Cortlandt Park
37.28,149,Queens,Whitestone Expwy S Exit 14 (Linden Pl) - VWE S MP8.65 (Exit 13 Northern Blvd)
0.62,3831,Bronx,MDE S HARLEM RIVER PARK - GWB W AMSTERDAM AVENUE UPPER LEVEL
19.88,268,Manhattan,11th ave n ganservoort - 12th ave @ 40th st
0.0,0,Brooklyn,GOW N 9TH STREET - ATLANTIC AVENUE
57.16,44,Bronx,CBE E TAYLOR AVENUE - CASTLE HILL AVENUE
64.0,180,Queens,CIP N TNB - Whitestone Expwy S Exit 14 (Linden Pl)
40.38,111,Bronx,BE S CASTLE HILL AVENUE - STRATFORD AVENUE
34.79,567,Manhattan,Westside Hwy N 57th St - GWB
59.65,194,Queens,CIP N TNB - Whitestone Expwy S Exit 14 (Linden Pl)
20.5,126,Manhattan,BKN Bridge Manhattan Side - FDR N Catherine Slip
53.43,141,Queens,CIP S Hempstead Tpk - Laurelton Pkwy @ SSP
45.98,47,Queens,CIP N ramp to TNB - TNB Queens Anchorage
30.44,267,Bronx,I-87 NYST S Exit 1 - MDE S Van Cortlandt Park
9.32,1268,Queens,Belt Pkwy W JFK Expressway - VWE N Jamaica Ave
0.0,0,Queens,TNB S Qns Anchorage - CIP S @ TNB
54.05,139,Staten Island,WSE N TYRELLAN AVENUE - BLOOMINGDALE ROAD
18.01,429,Queens,Laurelton Pkwy N @ SSP - CIP N Hempstead Tpk
55.92,296,Queens,CVE NB GCP - WILLETS PT BLVD
14.91,325,Manhattan,LINCOLN TUNNEL W NORTH TUBE NY - NJ
37.28,57,Staten Island,VNB W-SIE W SI GANTRY LOWER LEVEL - FINGERBOARD ROAD
54.68,143,Staten Island,WSE S VICTORY BOULEVARD - ARDEN AVENUE
25.47,207,Queens,VWE S MP8.65 (Exit 13 Northern Blvd) - MP6.39 (Exit 11 Jewel Ave)
45.36,145,Staten Island,SIE E BRADLEY AVENUE - CLOVE ROAD
47.22,145,Queens,TNB S Toll Plaza - Queens Anchorage
27.34,247,Manhattan,FDR S 63rd - 25th St
0.0,0,Staten Island,MLK N WALKER STREET - NJ ROUTE 169
39.76,172,Manhattan,FDR S 63rd - 25th St
58.4,48,Staten Island,SIE W RICHMOND AVENUE - SOUTH AVENUE
29.2,92,Queens,TNB S Qns Anchorage - CIP S @ TNB
62.13,83,Staten Island,WSE S ARDEN AVENUE - BLOOMINGDALE ROAD
56.54,121,Queens,TNB N Queens Anchorage - Toll Plaza
5.59,1445,Bronx,CBE W L/LE V AMSTERDAM AVE - I 95 S LOC LNS
49.7,43,Staten island,VNB W-SIE W SI GANTRY UPPER LEVEL - FINGERBOARD ROAD
0.0,0,Queens,BE S TBB EXIT RAMP - QUEENS ANCHORAGE
54.68,168,Queens,Laurelton Pkwy S @ SSP - Belt Pkwy W 182nd St
14.29,227,Manhattan,12th Ave N 40th - 57th St
0.0,0,Staten Island,SIE W - MLK N WOOLEY AVENUE - WLAKER STREET
54.05,116,Staten Island,WSE S BLLOMINGDALE ROAD - TYRELLAN AVENUE
42.87,108,Brooklyn,VNB W BROOKLYN GANTRY LOWER LEVEL - SI GANTRY LOWER LEVEL
53.43,153,Bronx,I-87 NYST S Exit 1 - MDE S Van Cortlandt Park
30.44,642,Manhattan,Westside Hwy S GWB - 57th St
37.9,132,Manhattan,LINCOLN TUNNEL W NORTH TUBE NY - NJ
0.0,0,Bronx,BRP S FORDHAM ROAD - WATSON AVENUE
22.99,281,Manhattan,BBT E Manhattan Portal - Toll Plaza
56.54,78,Bronx,HRP N LAFAYETTE AVENUE - E TREMONT AVENUE
26.09,163,Brooklyn,GOW S 7TH AVENUE - 92ND STREET
55.92,83,Brooklyn,VNB W BROOKLYN GANTRY LOWER LEVEL - SI GANTRY LOWER LEVEL
52.19,82,Brooklyn,GOW S 7TH AVENUE - 92ND STREET
26.71,97,Manhattan,BKN Bridge Manhattan Side - FDR N Catherine Slip
20.5,379,Queens,Laurelton Pkwy N @ SSP - CIP N Hempstead Tpk
62.13,83,Staten Island,WSE S ARDEN AVENUE - BLOOMINGDALE ROAD
45.36,210,Queens,LIE WB LITTLE NECK PKWY - NB CVE
30.44,87,Manhattan,FDR S Catherine Slip - BKN Bridge Manhattan Side
36.03,64,Staten Island,SIE E VNB E FINGERBOARD ROAD - SI GANTRY LOWER LEVEL
56.54,45,Bronx,CBE E TAYLOR AVENUE - CASTLE HILL AVENUE
60.27,85,Staten Island,WSE S ARDEN AVENUE - BLOOMINGDALE ROAD
0.0,0,Brooklyn,GOW N 9TH STREET - ATLANTIC AVENUE
47.22,45,Brooklyn,VNB E-GOWANUS N BROOKLYN GANTRY UPPER LEVEL - 92ND STREET
52.19,89,Brooklyn,VNB E SI GANTRY LOWER LEVEL - BROOLKYN GANTRY LOWER LEVEL
22.36,311,Staten Island,SIE W - WSE S SOUTH AVENUE - SOUTH AVENUE
29.82,101,Queens,BE S TBB EXIT RAMP - MANHATTAN LIFT SPAN
45.98,50,Staten Island,SIE E VNB E FINGERBOARD ROAD - SI GANTRY UPPER LEVEL
36.03,178,Queens,Whitestone Expwy N Exit 14 (Linden Pl) - BWB N Queens Anchorage
53.43,147,Staten Island,WSE S VICTORY BOULEVARD - ARDEN AVENUE
8.07,652,Queens,QMT W Toll Plaza - Manhattan Side
54.68,134,Manhattan,GWB E LOWER LEVEL PLAZA - CBE E LOWER LEVEL AMSTERDAM AVE
51.57,108,Staten Island,SIE E CLOVE ROAD - FINGERBOARD ROAD
54.05,39,Brooklyn,VNB E-GOWANUS N BROOKLYN GANTRY UPPER LEVEL - 92ND STREET
19.88,344,Manhattan,FDR N 25th - 63rd St
50.33,53,Staten Island,SIE E SOUTH AVENUE - RICHMOND AVENUE
57.16,87,Queens,LIE W 108TH ST - 84TH ST
56.54,50,Staten Island,SIE W RICHMOND AVENUE - SOUTH AVENUE
32.93,601,Manhattan,Westside Hwy N 57th St - GWB
53.43,142,Queens,CIP S Hempstead Tpk - Laurelton Pkwy @ SSP
7.45,287,Manhattan,12th Ave S 57th St - 45th St
52.19,75,Queens,LIE WB LITTLE NECK PKWY - NB CIP
54.68,144,Staten Island,WSE S VICTORY BOULEVARD - ARDEN AVENUE
57.78,159,Queens,Laurelton Pkwy S @ SSP - Belt Pkwy W 182nd St
45.98,144,Staten Island,SIE E BRADLEY AVENUE - CLOVE ROAD
0.0,0,Brooklyn,GOW N 9TH STREET - ATLANTIC AVENUE
0.0,0,Staten Island,MLK S - SIE W WALKER STREET - RICHMOND AVENUE
40.38,485,Manhattan,Westside Hwy S GWB - 57th St
6.21,1333,Bronx,CBE W L/LE V AMSTERDAM AVE - I 95 S LOC LNS
54.68,84,Bronx,BWB S Toll Plaza - Queens Anchorage
52.19,89,Brooklyn,VNB W BROOKLYN GANTRY UPPER LEVEL - SI GANTRY UPPER LEVEL
20.5,260,Manhattan,QMT E Manhattan Side - Toll Plaza
36.66,127,Brooklyn,VNB E SI GANTRY UPPER LEVEL - BROOKLYN GANTRY UPPER LEVEL
49.08,32,Staten Island,SIE E WOOLEY AVENUE - BRADLEY AVENUE
36.03,149,Queens,QMT W Toll Plaza - Manhattan Side
32.31,275,Queens,VWE S MP6.39 (Exit 11 Jewel Ave) - MP4.63 (Exit 6 Jamaica Ave)
53.43,47,Bronx,CBE E TAYLOR AVENUE - CASTLE HILL AVENUE
42.87,104,Bronx,BE S CASTLE HILL AVENUE - STRATFORD AVENUE
24.85,408,Manhattan,FDR N Catherine Slip - 25th St
0.0,0,Manhattan,BQE N Atlantic Ave - MAN Bridge Manhattan Side
26.09,282,Bronx,BE S Griswold - Castle Hill Avenue
51.57,86,Bronx,HRP N LAFAYETTE AVENUE - E TREMONT AVENUE
4.97,1345,Manhattan,FDR N 25th - 63rd St
45.98,101,Bronx,BWB S Toll Plaza - Queens Anchorage
0.0,0,Staten Island,MLK S - SIE E WALKER STREET - WOOLEY AVENUE
39.14,302,Queens,CIP N LIE ramp - TNB
55.92,138,Staten Island,440 N FRANCIS STREET - WSE N TYRELLAN AVE
50.33,155,Queens,Laurelton Pkwy N @ SSP - CIP N Hempstead Tpk
55.92,98,Staten Island,SIE E CLOVE ROAD - FINGERBOARD ROAD
50.33,131,Staten Island,SIE E BRADLEY AVENUE - CLOVE ROAD
44.11,262,Queens,CIP N TNB - Whitestone Expwy S Exit 14 (Linden Pl)
47.22,145,Manhattan,FDR S 63rd - 25th St
3.72,2226,Bronx,CBE W L/LE V AMSTERDAM AVE - I 95 S LOC LNS
8.07,759,Queens,Whitestone Expwy N Exit 14 (Linden Pl) - BWB N Queens Anchorage
28.58,226,Queens,Whitestone Expwy N Exit 14 (Linden Pl) - BWB N Queens Anchorage
27.96,435,Queens,Belt Pkwy W JFK Expressway - VWE N Jamaica Ave
0.0,0,Brooklyn,BQE S - GOW S ALTANTIC AVENUE - 9TH STREET
20.5,127,Manhattan,BKN Bridge Manhattan Side - FDR N Catherine Slip
0.0,0,Staten Island,ROUTE 169 S - MLK WALKER STREET
48.46,88,Brooklyn,GOW N 92ND STREET - 7TH AVENUE
22.99,361,Bronx,CBE W U/LEV AMSTERDAM AVE - I95 S EXP LNS
45.36,55,Bronx,BWB N Toll Plaza - HRP N Lafayatte Ave
42.25,217,Queens,Laurelton Pkwy S @ SSP - Belt Pkwy W 182nd St
0.0,0,Staten Island,ROUTE 169 S - MLK WALKER STREET
0.0,0,Queens,VWE S MP2.66 (Exit 2 Rockaway Blvd) - Belt Pkwy E 182nd St
51.57,41,Brooklyn,VNB E-GOWANUS N BROOKLYN GANTRY LOWER LEVEL - 92ND STREET
29.2,257,Queens,CIP S Hempstead Tpk - Laurelton Pkwy @ SSP
47.84,44,Brooklyn,VNB E-GOWANUS N BROOKLYN GANTRY UPPER LEVEL - 92ND STREET
8.69,1262,Queens,CIP N Hempstead Tpk - LIE
33.55,65,Queens,CIP N ramp to TNB - TNB Queens Anchorage
52.81,50,Queens,TNB S Qns Anchorage - CIP S @ TNB
64.0,50,Staten Island,WSE N VICTORY BLVD - SOUTH AVENUE
42.25,55,Staten Island,SIE E VNB E FINGERBOARD ROAD - SI GANTRY LOWER LEVEL
49.08,131,Queens,Whitestone Expwy N Exit 14 (Linden Pl) - BWB N Queens Anchorage
49.7,93,Queens,BWB N Queens Anchorage - Toll Plaza
13.67,184,Bronx,HRP S Lafayette Ave - BWB S Toll Plaza
0.0,0,Staten Island,SIE E-MLK N RICHMOND AVENUE - WALKER STREET
44.11,185,Bronx,I-87 NYST S Exit 1 - MDE S Van Cortlandt Park
34.17,202,Queens,VWE S MP4.63 (Exit 6 Jamaica Ave) - MP2.66 (Exit 2 Roackaway Blvd)
59.03,75,Bronx,BE S CASTLE HILL AVENUE - STRATFORD AVENUE
0.0,0,Staten Island,MLK N WALKER STREET - NJ ROUTE 169
70.21,73,Staten Island,WSE S ARDEN AVENUE - BLOOMINGDALE ROAD
45.98,93,Brooklyn,GOW S 7TH AVENUE - 92ND STREET
60.27,130,Staten Island,WSE S VICTORY BOULEVARD - ARDEN AVENUE
48.46,80,Staten Island,SIE E RICHMOND AVENUE - WOOLEY AVENUE
21.12,252,Queens,VWE N MP6.39 (Exit 11 Jewel Ave) - MP8.65 (Exit 13 Northern Blvd)
0.0,0,Staten Island,ROUTE 169 S - MLK WALKER STREET
51.57,133,Queens,TNB N Queens Anchorage - Toll Plaza
4.34,568,Bronx,HRP S Lafayette Ave - BWB S Toll Plaza
37.9,190,Queens,MDE S TBB EXIT RAMP - QUEENS ANCHORAGE
36.66,149,Manhattan,LINCOLN TUNNEL E CENTER TUBE NJ - NY
0.0,0,Staten Island,SIE W - MLK N WOOLEY AVENUE - WLAKER STREET
57.16,66,Queens,Belt Pkwy W 182nd St - JFK Expressway
0.0,0,Staten Island,ROUTE 169 S - MLK WALKER STREET
13.67,390,Queens,VWE N MP6.39 (Exit 11 Jewel Ave) - MP8.65 (Exit 13 Northern Blvd)
55.92,98,Staten Island,SIE E CLOVE ROAD - FINGERBOARD ROAD
0.0,0,Staten Island,ROUTE 169 S - MLK WALKER STREET
43.49,90,Staten Island,SIE E RICHMOND AVENUE - WOOLEY AVENUE
24.23,285,Queens,VWE S MP4.63 (Exit 6 Jamaica Ave) - MP2.66 (Exit 2 Roackaway Blvd)
39.76,98,Staten Island,SIE W WOOLEY AVENUE - RICHMOND AVENUE
8.69,658,Staten Island,SIE W FINGERBOARD ROAD - CLOVE ROAD
0.0,0,Bronx,BRP S FORDHAM ROAD - WATSON AVENUE
41.63,180,Bronx,BE S Griswold - Castle Hill Avenue
0.0,0,Staten Island,SIE E-MLK N RICHMOND AVENUE - WALKER STREET
37.28,172,Manhattan,BBT W Toll Plaza - Manhattan Portal
18.01,119,Staten island,VNB W-SIE W SI GANTRY UPPER LEVEL - FINGERBOARD ROAD
14.91,738,Queens,CIP N Hempstead Tpk - LIE
35.41,152,Manhattan,QMT E Manhattan Side - Toll Plaza
3.1,1061,Manhattan,11th ave s ganservoort - west st @ spring st
28.58,107,Queens,BE S TBB EXIT RAMP - MANHATTAN LIFT SPAN
34.79,154,Queens,QMT W Toll Plaza - Manhattan Side
11.8,348,Bronx,CBE W MORRIS AVE - GWB W AMSTERDAM AVE (U/LVL)
39.76,190,Queens,CIP S Hempstead Tpk - Laurelton Pkwy @ SSP
57.16,137,Staten Island,WSE N ARDEN AVENUE - VICTORY BLVD
32.31,213,Staten Island,SIE W - WSE S SOUTH AVENUE - SOUTH AVENUE
45.98,430,Manhattan,Westside Hwy N 57th St - GWB
34.17,200,Manhattan,FDR S 63rd - 25th St
21.12,576,Queens,Belt Pkwy W JFK Expressway - VWE N Jamaica Ave
13.67,164,Manhattan,12th Ave S 57th St - 45th St
37.28,63,Manhattan,FDR N - TBB E 116TH STREET - MANHATTAN TRUSS
7.45,420,Manhattan,11th ave s ganservoort - west st @ spring st
56.54,111,Staten Island,WSE S BLLOMINGDALE ROAD - TYRELLAN AVENUE
53.43,100,Queens,VWE N MP6.39 (Exit 11 Jewel Ave) - MP8.65 (Exit 13 Northern Blvd)
20.5,137,Staten Island,WSE S SOUTH AVENUE - VICTORY BOULEVARD
21.12,385,Bronx,CBE E CASTLE HILL AVE - BE N WATERBURY AVE
17.39,683,Queens,Belt Pkwy W JFK Expressway - VWE N Jamaica Ave
50.95,105,Queens,VWE N MP8.64 (Exit 13 Northern Blvd) - Whitestone Expwy Exit 14 (Linden Pl)
56.54,116,Staten Island,SIE E BRADLEY AVENUE - CLOVE ROAD
54.68,84,Brooklyn,VNB W BROOKLYN GANTRY LOWER LEVEL - SI GANTRY LOWER LEVEL
39.76,498,Manhattan,Westside Hwy N 57th St - GWB
52.81,142,Staten Island,WSE N TYRELLAN AVENUE - BLOOMINGDALE ROAD
36.03,124,Bronx,MDE S HARLEM RIVER PARK - GWB W AMSTERDAM AVENUE LOWER LEVEL
21.74,252,Bronx,BRP N WATSON AVENUE - FORDHAM ROAD
36.03,152,Manhattan,LINCOLN TUNNEL E CENTER TUBE NJ - NY
50.33,110,Queens,Whitestone Expwy S Exit 14 (Linden Pl) - VWE S MP8.65 (Exit 13 Northern Blvd)
53.43,179,Queens,LIE WB LITTLE NECK PKWY - NB CVE
59.03,84,Queens,LIE E 84TH ST - 108TH ST
45.36,158,Brooklyn,BQE S 46TH STREET - LEONARD STREET
36.03,63,Staten Island,SIE E VNB E FINGERBOARD ROAD - SI GANTRY LOWER LEVEL
0.0,0,Queens,Laurelton Pkwy N @ SSP - CIP N Hempstead Tpk
0.0,0,Manhattan,BQE N Atlantic Ave - BKN Bridge Manhattan Side
27.96,421,Queens,CIP N LIE ramp - TNB
0.0,0,Brooklyn,GOW N 9TH STREET - ATLANTIC AVENUE
47.84,89,Brooklyn,GOW N 92ND STREET - 7TH AVENUE
42.25,162,Manhattan,FDR N 25th - 63rd St
19.88,129,Manhattan,BKN Bridge Manhattan Side - FDR N Catherine Slip
58.4,103,Staten Island,WSE N-SIE E SOUTH AVENUE - SOUTH AVENUE
6.21,1318,Bronx,CBE W L/LE V AMSTERDAM AVE - I 95 S LOC LNS
0.0,0,Bronx,BRP S FORDHAM ROAD - WATSON AVENUE
32.93,195,Queens,Whitestone Expwy N Exit 14 (Linden Pl) - BWB N Queens Anchorage
16.15,161,Staten Island,SIE E SOUTH AVENUE - RICHMOND AVENUE
27.34,260,Brooklyn,BQE N LEONARD STREET - 46TH STREET
60.27,275,Queens,CVE NB GCP - WILLETS PT BLVD
59.03,84,Staten Island,WSE N BLOOMUINGDALE ROAD - ARDEN AVENUE
24.85,331,Bronx,CBE W U/LEV AMSTERDAM AVE - I95 S EXP LNS
26.71,407,Queens,VWE S MP2.66 (Exit 2 Rockaway Blvd) - Belt Pkwy E 182nd St
55.92,141,Staten Island,WSE N ARDEN AVENUE - VICTORY BLVD
0.0,0,Bronx,BRP S FORDHAM ROAD - WATSON AVENUE
42.87,255,Queens,CIP S LIE - Hempstead Tpk
53.43,53,Staten Island,WSE S SOUTH AVENUE - VICTORY BOULEVARD
0.0,0,Queens,VWE S MP8.65 (Exit 13 Northern Blvd) - MP6.39 (Exit 11 Jewel Ave)
44.11,104,Brooklyn,VNB E SI GANTRY UPPER LEVEL - BROOKLYN GANTRY UPPER LEVEL
0.0,0,Staten Island,ROUTE 169 S - MLK WALKER STREET
15.53,169,Manhattan,FDR S Catherine Slip - BKN Bridge Manhattan Side
19.88,215,Bronx,MDE S HARLEM RIVER PARK - GWB W AMSTERDAM AVENUE UPPER LEVEL
52.19,177,Queens,Laurelton Pkwy S @ SSP - Belt Pkwy W 182nd St
10.56,133,Staten Island,SIE W BRADLEY AVENUE - WOOLEY AVENUE
10.56,689,Manhattan,GWB E LOWER LEVEL PLAZA - CBE E LOWER LEVEL AMSTERDAM AVE
39.76,126,Queens,LIE W 108TH ST - 84TH ST
24.23,189,Bronx,BE N STRATFORD AVENUE - CASTLE HILL AVE
57.78,159,Queens,Belt Pkwy E 182nd St - Laurelton Pkwy N @ SSP
0.0,0,Brooklyn,GOW N 7TH AVENUE - 9TH STREET
0.0,0,Staten Island,VNB W-SIE W SI GANTRY LOWER LEVEL - FINGERBOARD ROAD
54.68,101,Staten Island,SIE E CLOVE ROAD - FINGERBOARD ROAD
19.88,134,Manhattan,FDR S Catherine Slip - BKN Bridge Manhattan Side
0.0,0,Queens,Laurelton Pkwy S @ SSP - Belt Pkwy W 182nd St
31.06,148,Brooklyn,VNB W BROOKLYN GANTRY UPPER LEVEL - SI GANTRY UPPER LEVEL
49.08,235,Queens,CIP N TNB - Whitestone Expwy S Exit 14 (Linden Pl)
50.95,129,Staten Island,SIE E BRADLEY AVENUE - CLOVE ROAD
26.71,114,Queens,BE S TBB EXIT RAMP - MANHATTAN LIFT SPAN
0.0,0,Staten Island,SIE E-MLK N RICHMOND AVENUE - WALKER STREET
31.06,148,Bronx,BE N STRATFORD AVENUE - CASTLE HILL AVE
58.4,77,Bronx,HRP N LAFAYETTE AVENUE - E TREMONT AVENUE
7.45,1628,Queens,Belt Pkwy W JFK Expressway - VWE N Jamaica Ave
53.43,103,Staten Island,SIE E CLOVE ROAD - FINGERBOARD ROAD
13.67,193,Staten Island,SIE E SOUTH AVENUE - RICHMOND AVENUE
17.39,153,Queens,TNB S Qns Anchorage - CIP S @ TNB
47.84,96,Brooklyn,VNB W BROOKLYN GANTRY UPPER LEVEL - SI GANTRY UPPER LEVEL
51.57,52,Queens,TNB S Qns Anchorage - CIP S @ TNB
47.84,44,Brooklyn,GOW S VNB W 92ND STREET - BKLYN GANTRY UPPER LEVEL
49.08,51,Bronx,BWB N Toll Plaza - HRP N Lafayatte Ave
57.78,77,Bronx,BE S CASTLE HILL AVENUE - STRATFORD AVENUE
34.17,188,Queens,Whitestone Expwy N Exit 14 (Linden Pl) - BWB N Queens Anchorage
0.0,0,Queens,CIP S Hempstead Tpk - Laurelton Pkwy @ SSP
33.55,158,Queens,QMT W Toll Plaza - Manhattan Side
50.33,109,Queens,Whitestone Expwy S Exit 14 (Linden Pl) - VWE S MP8.65 (Exit 13 Northern Blvd)
33.55,263,Queens,VWE N MP4.63 (Exit 6 - Jamaica Ave) - MP6.39 (Exit 11 Jewel Ave)
31.06,97,Queens,BE S TBB EXIT RAMP - MANHATTAN LIFT SPAN
0.0,0,Staten Island,WSE S TYRELLAN AVENUE - 440 S FRANCIS STREET
30.44,70,Staten Island,VNB W-SIE W SI GANTRY LOWER LEVEL - FINGERBOARD ROAD
41.63,213,Queens,VWE N MP4.63 (Exit 6 - Jamaica Ave) - MP6.39 (Exit 11 Jewel Ave)
31.06,236,Manhattan,GWB E LOWER LEVEL PLAZA - CBE E LOWER LEVEL AMSTERDAM AVE
21.12,297,Manhattan,12th ave @ 45th - 11 ave ganservoort st
37.9,179,Manhattan,FDR S 63rd - 25th St
56.54,95,Queens,VWE N MP6.39 (Exit 11 Jewel Ave) - MP8.65 (Exit 13 Northern Blvd)
52.81,207,Queens,CVE NB LIE - WILLETS PT BLVD
44.73,206,Queens,Belt Pkwy E 182nd St - Laurelton Pkwy N @ SSP
49.08,47,Staten Island,SIE E VNB E FINGERBOARD ROAD - SI GANTRY LOWER LEVEL
0.0,0,Staten Island,MLK S - SIE W WALKER STREET - RICHMOND AVENUE
49.7,155,Staten Island,WSE S TYRELLAN AVENUE - 440 S FRANCIS STREET
0.0,0,Queens,Laurelton Pkwy N @ SSP - CIP N Hempstead Tpk
28.58,291,Bronx,CBE W U/LEV AMSTERDAM AVE - I95 S EXP LNS
0.0,0,Staten Island,ROUTE 169 S - MLK WALKER STREET
57.78,77,Bronx,HRP N LAFAYETTE AVENUE - E TREMONT AVENUE
45.98,61,Staten Island,WSE S SOUTH AVENUE - VICTORY BOULEVARD
11.18,570,Manhattan,12th ave @ 45th - 11 ave ganservoort st
56.54,82,Brooklyn,VNB E SI GANTRY LOWER LEVEL - BROOLKYN GANTRY LOWER LEVEL
44.11,248,Queens,CVE NB LIE - WILLETS PT BLVD
0.0,0,Staten Island,MLK N WALKER STREET - NJ ROUTE 169
48.46,95,Brooklyn,VNB E SI GANTRY LOWER LEVEL - BROOLKYN GANTRY LOWER LEVEL
55.92,96,Queens,VWE N MP6.39 (Exit 11 Jewel Ave) - MP8.65 (Exit 13 Northern Blvd)
0.0,0,Manhattan,BQE N Atlantic Ave - MAN Bridge Manhattan Side
52.81,101,Queens,VWE N MP6.39 (Exit 11 Jewel Ave) - MP8.65 (Exit 13 Northern Blvd)
42.87,128,Staten Island,SIE E CLOVE ROAD - FINGERBOARD ROAD
0.0,0,Staten Island,MLK S - SIE E WALKER STREET - WOOLEY AVENUE
36.66,315,Queens,CIP N TNB - Whitestone Expwy S Exit 14 (Linden Pl)
60.27,273,Queens,CVE NB GCP - WILLETS PT BLVD
20.5,258,Queens,QMT W Toll Plaza - Manhattan Side
58.4,86,Staten Island,WSE N BLOOMUINGDALE ROAD - ARDEN AVENUE
0.0,0,Staten Island,SIE E-MLK N RICHMOND AVENUE - WALKER STREET
57.16,103,Staten Island,SIE W FINGERBOARD ROAD - CLOVE ROAD
45.36,94,Bronx,CBE W MORRIS AVE - GWB W AMSTERDAM AVE (L/LVL)
46.6,138,Queens,BWB S Queens Anchorage - WSE S Exit 14 (Linden Pl)
55.92,122,Queens,TNB N Queens Anchorage - Toll Plaza
53.43,302,Queens,CIP NB GCP - TNB
9.32,744,Queens,TBB N QUEENS ANCHORAGE - BE N
45.98,46,Brooklyn,VNB E-GOWANUS N BROOKLYN GANTRY UPPER LEVEL - 92ND STREET
34.17,125,Bronx,CBE AMSTERDAM AVE (L/LVL) - MORRIS AVE
50.33,45,Staten Island,SIE E VNB E FINGERBOARD ROAD - SI GANTRY LOWER LEVEL
12.42,793,Manhattan,FDR S 25th St - Catherine Slip
19.88,213,Bronx,CBE E AMSTERDAM AVE(U/LVL) - MORRIS AVE
51.57,133,Queens,TNB N Queens Anchorage - Toll Plaza
0.0,0,Staten Island,ROUTE 169 S - MLK WALKER STREET
45.98,46,Brooklyn,VNB E-GOWANUS N BROOKLYN GANTRY LOWER LEVEL - 92ND STREET
48.46,44,Staten island,VNB W-SIE W SI GANTRY UPPER LEVEL - FINGERBOARD ROAD
37.28,63,Manhattan,FDR N - TBB E 116TH STREET - MANHATTAN TRUSS
53.43,47,Bronx,CBE E TAYLOR AVENUE - CASTLE HILL AVENUE
50.95,42,Staten island,VNB W-SIE W SI GANTRY UPPER LEVEL - FINGERBOARD ROAD
18.01,894,Queens,CIP NB GCP - TNB
19.88,616,Queens,Belt Pkwy W JFK Expressway - VWE N Jamaica Ave
22.36,118,Manhattan,FDR S Catherine Slip - BKN Bridge Manhattan Side
24.23,367,Queens,VWE S MP6.39 (Exit 11 Jewel Ave) - MP4.63 (Exit 6 Jamaica Ave)
29.82,270,Bronx,I-87 NYST S Exit 1 - MDE S Van Cortlandt Park
42.25,192,Queens,TBB N QUEENS ANCHORAGE - MANHATTAN LIFT SPAN
33.55,215,Queens,TBB N QUEENS ANCHORAGE - BE N
42.25,177,Bronx,BE N Castle Hill Avenue - Griswold Ave
0.0,0,Brooklyn,GOW S 9TH STREET - 7TH AVENUE
47.22,98,Bronx,BWB S Toll Plaza - Queens Anchorage
29.82,102,Queens,BE S TBB EXIT RAMP - MANHATTAN LIFT SPAN
42.87,253,Queens,VWE S MP2.66 (Exit 2 Rockaway Blvd) - Belt Pkwy E 182nd St
0.0,0,Staten Island,SIE E-MLK N RICHMOND AVENUE - WALKER STREET
41.01,113,Queens,BWB N Queens Anchorage - Toll Plaza
3.72,3001,Queens,Belt Pkwy W JFK Expressway - VWE N Jamaica Ave
11.18,291,Manhattan,11th ave s ganservoort - west st @ spring st
21.74,120,Manhattan,FDR S Catherine Slip - BKN Bridge Manhattan Side
50.33,124,Staten Island,WSE S BLLOMINGDALE ROAD - TYRELLAN AVENUE
20.5,129,Queens,TNB S Qns Anchorage - CIP S @ TNB
36.66,145,Manhattan,QMT E Manhattan Side - Toll Plaza
32.93,169,Manhattan,LINCOLN TUNNEL E CENTER TUBE NJ - NY
54.05,102,Queens,Whitestone Expwy S Exit 14 (Linden Pl) - VWE S MP8.65 (Exit 13 Northern Blvd)
16.77,429,Queens,TBB N QUEENS ANCHORAGE - BE N
35.41,332,Queens,CIP N LIE ramp - TNB
0.0,0,Staten Island,MLK N WALKER STREET - NJ ROUTE 169
49.08,51,Bronx,BWB N Toll Plaza - HRP N Lafayatte Ave
17.39,307,Manhattan,QMT E Manhattan Side - Toll Plaza
6.83,1188,Bronx,CBE W L/LE V AMSTERDAM AVE - I 95 S LOC LNS
59.65,42,Bronx,CBE W CASTLE HILL AVENUE - TAYLOR AVENUE
45.98,46,Brooklyn,GOW S VNB W 92ND STREET - BKLYN GANTRY LOWER LEVEL
59.03,54,Staten Island,WSE N VICTORY BLVD - SOUTH AVENUE
32.31,133,Bronx,CBE AMSTERDAM AVE (L/LVL) - MORRIS AVE
0.0,0,Bronx,BRP S FORDHAM ROAD - WATSON AVENUE
49.7,93,Brooklyn,VNB W BROOKLYN GANTRY LOWER LEVEL - SI GANTRY LOWER LEVEL
59.65,276,Queens,CVE NB GCP - WILLETS PT BLVD
32.93,271,Queens,VWE N MP4.63 (Exit 6 - Jamaica Ave) - MP6.39 (Exit 11 Jewel Ave)
30.44,179,Manhattan,LINCOLN TUNNEL E SOUTH TUBE - NJ - NY
49.7,186,Queens,Laurelton Pkwy S @ SSP - Belt Pkwy W 182nd St
4.34,888,Bronx,CBE W MORRIS AVE - GWB W AMSTERDAM AVE (U/LVL)
25.47,421,Queens,CVE NB LIE - WILLETS PT BLVD
45.98,81,Queens,Belt Pkwy W 182nd St - JFK Expressway
18.01,522,Queens,LIE WB LITTLE NECK PKWY - NB CVE
36.66,117,Bronx,CBE W MORRIS AVE - GWB W AMSTERDAM AVE (L/LVL)
50.33,56,Staten Island,SIE W RICHMOND AVENUE - SOUTH AVENUE
58.4,85,Staten Island,WSE N BLOOMUINGDALE ROAD - ARDEN AVENUE
0.0,0,Brooklyn,GOW N 7TH AVENUE - 9TH STREET
44.11,32,Staten Island,SIE W BRADLEY AVENUE - WOOLEY AVENUE
67.72,47,Staten Island,WSE N VICTORY BLVD - SOUTH AVENUE
25.47,208,Manhattan,QMT E Manhattan Side - Toll Plaza
0.0,0,Manhattan,BQE N Atlantic Ave - MAN Bridge Manhattan Side
52.19,143,Bronx,BE N Castle Hill Avenue - Griswold Ave
17.39,123,Queens,CIP N ramp to TNB - TNB Queens Anchorage
13.67,396,Manhattan,LINCOLN TUNNEL E SOUTH TUBE - NJ - NY
10.56,611,Manhattan,BBT W Toll Plaza - Manhattan Portal
36.03,154,Manhattan,LINCOLN TUNNEL E CENTER TUBE NJ - NY
26.71,258,Queens,VWE S MP4.63 (Exit 6 Jamaica Ave) - MP2.66 (Exit 2 Roackaway Blvd)
55.3,297,Queens,CVE NB GCP - WILLETS PT BLVD
27.34,392,Queens,VWE S MP2.66 (Exit 2 Rockaway Blvd) - Belt Pkwy E 182nd St
0.0,0,Staten Island,440 N FRANCIS STREET - WSE N TYRELLAN AVE
29.2,282,Bronx,CBE W U/LEV AMSTERDAM AVE - I95 S EXP LNS
48.46,88,Brooklyn,GOW S 7TH AVENUE - 92ND STREET
5.59,408,Manhattan,12th Ave S 57th St - 45th St
0.0,0,Staten Island,MLK S - SIE W WALKER STREET - RICHMOND AVENUE
6.21,821,Manhattan,11th ave n ganservoort - 12th ave @ 40th st
55.92,51,Staten Island,SIE W RICHMOND AVENUE - SOUTH AVENUE
44.73,103,Brooklyn,VNB W BROOKLYN GANTRY UPPER LEVEL - SI GANTRY UPPER LEVEL
55.3,119,Staten Island,SIE E BRADLEY AVENUE - CLOVE ROAD
55.3,150,Bronx,CBE E CASTLE HILL AVE - BE N WATERBURY AVE
0.0,0,Manhattan,BQE N Atlantic Ave - BKN Bridge Manhattan Side
16.15,621,Manhattan,FDR N Catherine Slip - 25th St
41.01,288,Queens,CIP N LIE ramp - TNB
48.46,88,Bronx,CBE W MORRIS AVE - GWB W AMSTERDAM AVE (U/LVL)
51.57,145,Staten Island,WSE N TYRELLAN AVENUE - BLOOMINGDALE ROAD
58.4,134,Queens,Laurelton Pkwy N @ SSP - CIP N Hempstead Tpk
0.0,0,Brooklyn,GOW N 9TH STREET - ATLANTIC AVENUE
5.59,722,Bronx,CBE W MORRIS AVE - GWB W AMSTERDAM AVE (U/LVL)
52.81,145,Staten Island,WSE S TYRELLAN AVENUE - 440 S FRANCIS STREET
0.0,0,Staten island,VNB W-SIE W SI GANTRY UPPER LEVEL - FINGERBOARD ROAD
0.0,0,Bronx,BRP S FORDHAM ROAD - WATSON AVENUE
54.68,138,Queens,CIP S Hempstead Tpk - Laurelton Pkwy @ SSP
45.98,55,Bronx,HRP S Lafayette Ave - BWB S Toll Plaza
14.91,428,Queens,Whitestone Expwy N Exit 14 (Linden Pl) - BWB N Queens Anchorage
55.3,139,Staten Island,WSE S TYRELLAN AVENUE - 440 S FRANCIS STREET
54.05,178,Queens,LIE WB LITTLE NECK PKWY - NB CVE
45.36,51,Staten Island,SIE E VNB E FINGERBOARD ROAD - SI GANTRY UPPER LEVEL
40.38,183,Bronx,BE N Castle Hill Avenue - Griswold Ave
57.16,106,Staten Island,WSE N-SIE E SOUTH AVENUE - SOUTH AVENUE
8.69,487,Bronx,MDE S HARLEM RIVER PARK - GWB W AMSTERDAM AVENUE UPPER LEVEL
33.55,126,Bronx,CBE E AMSTERDAM AVE(U/LVL) - MORRIS AVE
52.19,150,Staten Island,WSE N ARDEN AVENUE - VICTORY BLVD
20.5,396,Bronx,CBE W L/LE V AMSTERDAM AVE - I 95 S LOC LNS
6.83,1220,Queens,VWE S MP6.39 (Exit 11 Jewel Ave) - MP4.63 (Exit 6 Jamaica Ave)
50.95,153,Queens,Laurelton Pkwy N @ SSP - CIP N Hempstead Tpk
27.34,588,Queens,CIP NB GCP - TNB
21.12,587,Brooklyn,GOW S 9TH STREET - 7TH AVENUE
45.98,161,Bronx,BE S Griswold - Castle Hill Avenue
58.4,55,Staten Island,WSE N VICTORY BLVD - SOUTH AVENUE
11.8,583,Manhattan,FDR N 25th - 63rd St
6.21,3034,Manhattan,Westside Hwy N 57th St - GWB
0.0,0,Staten Island,SIE W - MLK N WOOLEY AVENUE - WLAKER STREET
49.08,43,Staten island,VNB W-SIE W SI GANTRY UPPER LEVEL - FINGERBOARD ROAD
50.33,106,Queens,VWE S MP8.65 (Exit 13 Northern Blvd) - MP6.39 (Exit 11 Jewel Ave)
43.49,172,Queens,TBB S MANHATTAN LIFT SPAN - QUEENS ANCHORAGE
22.36,240,Manhattan,QMT E Manhattan Side - Toll Plaza
16.77,385,Manhattan,BBT W Toll Plaza - Manhattan Portal
11.8,265,Manhattan,12th Ave N 40th - 57th St
14.29,177,Manhattan,BKN Bridge Manhattan Side - FDR N Catherine Slip
47.22,91,Bronx,CBE E AMSTERDAM AVE(U/LVL) - MORRIS AVE
45.98,119,Queens,Whitestone Expwy S Exit 14 (Linden Pl) - VWE S MP8.65 (Exit 13 Northern Blvd)
55.92,45,Bronx,CBE E TAYLOR AVENUE - CASTLE HILL AVENUE
0.0,0,Queens,MDE S TBB EXIT RAMP - QUEENS ANCHORAGE
52.81,218,Queens,CIP N TNB - Whitestone Expwy S Exit 14 (Linden Pl)
54.05,86,Bronx,BE N STRATFORD AVENUE - CASTLE HILL AVE
57.16,137,Staten Island,WSE S VICTORY BOULEVARD - ARDEN AVENUE
42.87,173,Queens,TBB S MANHATTAN LIFT SPAN - QUEENS ANCHORAGE
62.13,83,Staten Island,WSE S ARDEN AVENUE - BLOOMINGDALE ROAD
46.6,107,Queens,LIE E 84TH ST - 108TH ST
47.84,164,Staten Island,WSE N ARDEN AVENUE - VICTORY BLVD
52.81,143,Queens,CIP S Hempstead Tpk - Laurelton Pkwy @ SSP
56.54,138,Staten Island,WSE N ARDEN AVENUE - VICTORY BLVD
50.33,110,Queens,Whitestone Expwy S Exit 14 (Linden Pl) - VWE S MP8.65 (Exit 13 Northern Blvd)
25.47,394,Manhattan,FDR N Catherine Slip - 25th St
51.57,148,Staten Island,WSE S TYRELLAN AVENUE - 440 S FRANCIS STREET
49.7,51,Bronx,CBE W CASTLE HILL AVENUE - TAYLOR AVENUE
3.1,2060,Manhattan,BBT W Toll Plaza - Manhattan Portal
39.14,162,Queens,Whitestone Expwy N Exit 14 (Linden Pl) - BWB N Queens Anchorage
64.0,78,Staten Island,WSE N BLOOMUINGDALE ROAD - ARDEN AVENUE
0.0,0,Brooklyn,GOW N 9TH STREET - ATLANTIC AVENUE
21.12,334,Brooklyn,BQE N LEONARD STREET - 46TH STREET
30.44,359,Queens,CIP S LIE - Hempstead Tpk
12.42,257,Manhattan,11th ave s ganservoort - west st @ spring st
14.91,513,Queens,Laurelton Pkwy N @ SSP - CIP N Hempstead Tpk
16.77,155,Staten Island,SIE E SOUTH AVENUE - RICHMOND AVENUE
51.57,55,Staten Island,WSE S SOUTH AVENUE - VICTORY BOULEVARD
13.67,309,Bronx,CBE W MORRIS AVE - GWB W AMSTERDAM AVE (U/LVL)
51.57,90,Bronx,BWB S Toll Plaza - Queens Anchorage
0.0,0,Brooklyn,BQE S - GOW S ALTANTIC AVENUE - 9TH STREET
19.26,518,Manhattan,FDR S 25th St - Catherine Slip
11.8,470,Manhattan,LINCOLN TUNNEL W CENTER TUBE NY - NJ
29.82,243,Queens,MDE S TBB EXIT RAMP - QUEENS ANCHORAGE
0.0,0,Bronx,CBE W L/LE V AMSTERDAM AVE - I 95 S LOC LNS
54.05,46,Bronx,CBE E TAYLOR AVENUE - CASTLE HILL AVENUE
0.0,0,Staten Island,MLK S - SIE W WALKER STREET - RICHMOND AVENUE
53.43,103,Queens,Whitestone Expwy S Exit 14 (Linden Pl) - VWE S MP8.65 (Exit 13 Northern Blvd)
49.7,32,Staten Island,SIE E WOOLEY AVENUE - BRADLEY AVENUE
39.76,230,Queens,Belt Pkwy E 182nd St - Laurelton Pkwy N @ SSP
1.86,1399,Manhattan,11th ave s ganservoort - west st @ spring st
14.91,172,Manhattan,BKN Bridge Manhattan Side - FDR N Catherine Slip
14.29,325,Bronx,BWB S Toll Plaza - Queens Anchorage
37.28,237,Queens,VWE N MP4.63 (Exit 6 - Jamaica Ave) - MP6.39 (Exit 11 Jewel Ave)
22.36,411,Queens,Belt Pkwy E 182nd St - Laurelton Pkwy N @ SSP
49.7,151,Staten Island,WSE N TYRELLAN AVENUE - BLOOMINGDALE ROAD
46.6,47,Queens,CIP N ramp to TNB - TNB Queens Anchorage
41.63,182,Queens,CIP S Hempstead Tpk - Laurelton Pkwy @ SSP
32.93,196,Manhattan,BBT W Toll Plaza - Manhattan Portal
42.87,206,Queens,VWE S MP6.39 (Exit 11 Jewel Ave) - MP4.63 (Exit 6 Jamaica Ave)
42.25,179,Queens,CIP S Hempstead Tpk - Laurelton Pkwy @ SSP
10.56,394,Bronx,CBE AMSTERDAM AVE (L/LVL) - MORRIS AVE
49.7,108,Queens,VWE S MP8.65 (Exit 13 Northern Blvd) - MP6.39 (Exit 11 Jewel Ave)
54.05,127,Queens,TNB S Toll Plaza - Queens Anchorage
41.01,52,Staten island,VNB W-SIE W SI GANTRY UPPER LEVEL - FINGERBOARD ROAD
40.38,54,Queens,CIP N ramp to TNB - TNB Queens Anchorage
53.43,140,Staten Island,WSE N TYRELLAN AVENUE - BLOOMINGDALE ROAD
0.0,0,Staten Island,MLK S - SIE E WALKER STREET - WOOLEY AVENUE
11.18,569,Manhattan,12th ave @ 45th - 11 ave ganservoort st
0.0,0,Staten Island,SIE E-MLK N RICHMOND AVENUE - WALKER STREET
50.33,164,Bronx,CBE E CASTLE HILL AVE - BE N WATERBURY AVE
60.27,47,Staten Island,SIE W RICHMOND AVENUE - SOUTH AVENUE
0.0,0,Bronx,CBE W L/LE V AMSTERDAM AVE - I 95 S LOC LNS
50.33,109,Queens,Whitestone Expwy S Exit 14 (Linden Pl) - VWE S MP8.65 (Exit 13 Northern Blvd)
0.0,0,Bronx,BRP S FORDHAM ROAD - WATSON AVENUE
52.81,145,Staten Island,WSE S TYRELLAN AVENUE - 440 S FRANCIS STREET
59.03,100,Staten Island,SIE W FINGERBOARD ROAD - CLOVE ROAD
49.7,79,Staten Island,SIE E RICHMOND AVENUE - WOOLEY AVENUE
52.81,101,Queens,VWE N MP8.64 (Exit 13 Northern Blvd) - Whitestone Expwy Exit 14 (Linden Pl)
0.0,0,Staten Island,SIE E-MLK N RICHMOND AVENUE - WALKER STREET
41.63,55,Staten Island,SIE E VNB E FINGERBOARD ROAD - SI GANTRY LOWER LEVEL
55.92,111,Staten Island,WSE S BLLOMINGDALE ROAD - TYRELLAN AVENUE
33.55,116,Queens,LIE WB LITTLE NECK PKWY - NB CIP
53.43,93,Staten Island,WSE N BLOOMUINGDALE ROAD - ARDEN AVENUE
54.68,152,Bronx,CBE E CASTLE HILL AVE - BE N WATERBURY AVE
21.12,110,Manhattan,FDR N - TBB E 116TH STREET - MANHATTAN TRUSS
44.73,58,Manhattan,BKN Bridge Manhattan Side - FDR N Catherine Slip
37.9,56,Brooklyn,VNB E-GOWANUS N BROOKLYN GANTRY UPPER LEVEL - 92ND STREET
14.29,435,Manhattan,12th ave @ 45th - 11 ave ganservoort st
42.25,88,Queens,Belt Pkwy W 182nd St - JFK Expressway
52.81,104,Queens,Whitestone Expwy S Exit 14 (Linden Pl) - VWE S MP8.65 (Exit 13 Northern Blvd)
42.25,162,Manhattan,FDR N 25th - 63rd St
55.92,98,Staten Island,SIE E CLOVE ROAD - FINGERBOARD ROAD
3.72,1437,Manhattan,LINCOLN TUNNEL W CENTER TUBE NY - NJ
26.09,245,Manhattan,BBT E Manhattan Portal - Toll Plaza
42.25,380,Queens,CIP NB GCP - TNB
10.56,600,Manhattan,BBT W Toll Plaza - Manhattan Portal
54.05,52,Staten Island,WSE S SOUTH AVENUE - VICTORY BOULEVARD
49.08,196,Queens,LIE WB LITTLE NECK PKWY - NB CVE
43.49,127,Bronx,BRP N WATSON AVENUE - FORDHAM ROAD
46.6,249,Queens,CIP N TNB - Whitestone Expwy S Exit 14 (Linden Pl)
35.41,203,Queens,MDE S TBB EXIT RAMP - QUEENS ANCHORAGE
17.39,187,Manhattan,12th Ave N 40th - 57th St
0.0,0,Brooklyn,GOW N 7TH AVENUE - 9TH STREET
43.49,181,Queens,Laurelton Pkwy N @ SSP - CIP N Hempstead Tpk
49.08,108,Queens,VWE N MP6.39 (Exit 11 Jewel Ave) - MP8.65 (Exit 13 Northern Blvd)
51.57,139,Queens,MDE S TBB EXIT RAMP - QUEENS ANCHORAGE
56.54,82,Brooklyn,VNB E SI GANTRY LOWER LEVEL - BROOLKYN GANTRY LOWER LEVEL
23.61,210,Manhattan,LINCOLN TUNNEL W NORTH TUBE NY - NJ
45.36,279,Brooklyn,GOW S 9TH STREET - 7TH AVENUE
29.2,183,Queens,QMT W Toll Plaza - Manhattan Side
42.25,54,Staten Island,SIE E VNB E FINGERBOARD ROAD - SI GANTRY LOWER LEVEL
57.16,120,Queens,TNB S Toll Plaza - Queens Anchorage
44.73,136,Staten Island,WSE N-SIE E SOUTH AVENUE - SOUTH AVENUE
0.0,0,Staten Island,SIE E-MLK N RICHMOND AVENUE - WALKER STREET
0.0,0,Staten Island,SIE E-MLK N RICHMOND AVENUE - WALKER STREET
46.6,179,Bronx,CBE W U/LEV AMSTERDAM AVE - I95 S EXP LNS
0.0,0,Staten Island,MLK S - SIE E WALKER STREET - WOOLEY AVENUE
0.0,0,Staten Island,MLK N WALKER STREET - NJ ROUTE 169
51.57,83,Brooklyn,GOW S 7TH AVENUE - 92ND STREET
54.68,101,Queens,Whitestone Expwy S Exit 14 (Linden Pl) - VWE S MP8.65 (Exit 13 Northern Blvd)
32.93,73,Manhattan,TBB W - FDR S MANHATTAN TRUSS - E116TH STREET
34.17,209,Queens,MDE S TBB EXIT RAMP - QUEENS ANCHORAGE
62.13,127,Staten Island,WSE S VICTORY BOULEVARD - ARDEN AVENUE
47.22,90,Bronx,CBE E AMSTERDAM AVE(U/LVL) - MORRIS AVE
47.84,156,Bronx,BE N Castle Hill Avenue - Griswold Ave
11.8,533,Manhattan,BBT W Toll Plaza - Manhattan Portal
47.22,45,Brooklyn,GOW S VNB W 92ND STREET - BKLYN GANTRY LOWER LEVEL
12.42,514,Manhattan,12th ave @ 45th - 11 ave ganservoort st
64.0,81,Staten Island,WSE S ARDEN AVENUE - BLOOMINGDALE ROAD
58.4,54,Staten Island,WSE N VICTORY BLVD - SOUTH AVENUE
27.96,79,Queens,CIP N ramp to TNB - TNB Queens Anchorage
21.74,324,Brooklyn,BQE N LEONARD STREET - 46TH STREET
41.01,52,Brooklyn,GOW S VNB W 92ND STREET - BKLYN GANTRY UPPER LEVEL
60.27,116,Staten Island,SIE W - WSE S SOUTH AVENUE - SOUTH AVENUE
47.22,151,Brooklyn,BQE S 46TH STREET - LEONARD STREET
44.73,47,Brooklyn,GOW S VNB W 92ND STREET - BKLYN GANTRY LOWER LEVEL
49.08,80,Staten Island,SIE E RICHMOND AVENUE - WOOLEY AVENUE
22.36,347,Queens,Laurelton Pkwy N @ SSP - CIP N Hempstead Tpk
0.0,0,Brooklyn,GOW N 7TH AVENUE - 9TH STREET
48.46,96,Bronx,BWB S Toll Plaza - Queens Anchorage
51.57,51,Staten Island,SIE E SOUTH AVENUE - RICHMOND AVENUE
64.0,50,Staten Island,WSE N VICTORY BLVD - SOUTH AVENUE
49.7,86,Bronx,CBE W MORRIS AVE - GWB W AMSTERDAM AVE (L/LVL)
46.6,138,Queens,BWB S Queens Anchorage - WSE S Exit 14 (Linden Pl)
49.7,155,Staten Island,WSE S TYRELLAN AVENUE - 440 S FRANCIS STREET
34.79,61,Brooklyn,GOW S VNB W 92ND STREET - BKLYN GANTRY LOWER LEVEL
51.57,42,Queens,CIP N ramp to TNB - TNB Queens Anchorage
49.7,89,Bronx,BE S CASTLE HILL AVENUE - STRATFORD AVENUE
49.08,32,Staten Island,SIE E WOOLEY AVENUE - BRADLEY AVENUE
21.12,481,Manhattan,FDR N Catherine Slip - 25th St
45.36,55,Bronx,HRP S Lafayette Ave - BWB S Toll Plaza
0.0,0,Bronx,BRP S FORDHAM ROAD - WATSON AVENUE
6.83,607,Bronx,CBE W MORRIS AVE - GWB W AMSTERDAM AVE (U/LVL)
41.01,52,Brooklyn,VNB E-GOWANUS N BROOKLYN GANTRY UPPER LEVEL - 92ND STREET
53.43,141,Queens,CIP S Hempstead Tpk - Laurelton Pkwy @ SSP
47.84,115,Staten Island,SIE E CLOVE ROAD - FINGERBOARD ROAD
62.13,131,Bronx,I-87 NYST S Exit 1 - MDE S Van Cortlandt Park
15.53,643,Manhattan,FDR S 25th St - Catherine Slip
0.0,0,Manhattan,BQE N Atlantic Ave - BKN Bridge Manhattan Side
25.47,172,Bronx,MDE S HARLEM RIVER PARK - GWB W AMSTERDAM AVENUE LOWER LEVEL
54.05,214,Queens,CIP N TNB - Whitestone Expwy S Exit 14 (Linden Pl)
42.25,131,Bronx,BRP N WATSON AVENUE - FORDHAM ROAD
57.16,102,Staten Island,SIE W FINGERBOARD ROAD - CLOVE ROAD
30.44,165,Manhattan,LINCOLN TUNNEL W NORTH TUBE NY - NJ
36.66,121,Bronx,BE S CASTLE HILL AVENUE - STRATFORD AVENUE
39.14,229,Queens,VWE S MP6.39 (Exit 11 Jewel Ave) - MP4.63 (Exit 6 Jamaica Ave)
49.08,195,Queens,LIE WB LITTLE NECK PKWY - NB CVE
0.0,0,Bronx,CBE W L/LE V AMSTERDAM AVE - I 95 S LOC LNS
9.32,871,Bronx,CBE W U/LEV AMSTERDAM AVE - I95 S EXP LNS
50.33,84,Brooklyn,GOW N 92ND STREET - 7TH AVENUE
57.78,201,Queens,CIP N TNB - Whitestone Expwy S Exit 14 (Linden Pl)
45.36,173,Staten Island,WSE S VICTORY BOULEVARD - ARDEN AVENUE
32.93,168,Bronx,BRP N WATSON AVENUE - FORDHAM ROAD
54.05,69,Queens,Belt Pkwy W 182nd St - JFK Expressway
52.81,114,Staten Island,WSE N-SIE E SOUTH AVENUE - SOUTH AVENUE
48.46,95,Brooklyn,VNB W BROOKLYN GANTRY UPPER LEVEL - SI GANTRY UPPER LEVEL
0.0,0,Bronx,CBE W L/LE V AMSTERDAM AVE - I 95 S LOC LNS
53.43,173,Queens,Belt Pkwy E 182nd St - Laurelton Pkwy N @ SSP
0.0,0,Bronx,BRP S FORDHAM ROAD - WATSON AVENUE
12.42,1004,Brooklyn,GOW N 7TH AVENUE - 9TH STREET
49.08,140,Queens,TNB N Queens Anchorage - Toll Plaza
55.92,141,Staten Island,WSE S VICTORY BOULEVARD - ARDEN AVENUE
0.0,0,Brooklyn,GOW S 9TH STREET - 7TH AVENUE
35.41,75,Manhattan,FDR S Catherine Slip - BKN Bridge Manhattan Side
22.36,287,Manhattan,12th ave @ 45th - 11 ave ganservoort st
18.01,293,Queens,QMT W Toll Plaza - Manhattan Side
49.08,147,Queens,MDE S TBB EXIT RAMP - QUEENS ANCHORAGE
37.28,272,Manhattan,FDR N Catherine Slip - 25th St
47.84,82,Queens,LIE WB LITTLE NECK PKWY - NB CIP
34.17,236,Queens,TBB N QUEENS ANCHORAGE - MANHATTAN LIFT SPAN
8.69,281,Bronx,HRP S Lafayette Ave - BWB S Toll Plaza
47.84,59,Staten Island,WSE S SOUTH AVENUE - VICTORY BOULEVARD
22.99,191,Bronx,MDE S HARLEM RIVER PARK - GWB W AMSTERDAM AVENUE LOWER LEVEL
0.0,0,Brooklyn,GOW N 7TH AVENUE - 9TH STREET
24.23,416,Manhattan,FDR N Catherine Slip - 25th St
16.77,293,Queens,LIE W 108TH ST - 84TH ST
34.79,112,Queens,LIE WB LITTLE NECK PKWY - NB CIP
52.81,27,Staten Island,SIE W BRADLEY AVENUE - WOOLEY AVENUE
33.55,328,Queens,CIP S LIE - Hempstead Tpk
42.87,159,Queens,TNB S Toll Plaza - Queens Anchorage
52.19,51,Staten Island,SIE E SOUTH AVENUE - RICHMOND AVENUE
48.46,142,Queens,TNB N Queens Anchorage - Toll Plaza
41.63,473,Manhattan,Westside Hwy N 57th St - GWB
45.98,116,Queens,VWE N MP6.39 (Exit 11 Jewel Ave) - MP8.65 (Exit 13 Northern Blvd)
55.3,51,Staten Island,WSE S SOUTH AVENUE - VICTORY BOULEVARD
41.01,268,Queens,CIP S LIE - Hempstead Tpk
0.0,0,Queens,BE S TBB EXIT RAMP - QUEENS ANCHORAGE
18.01,130,Manhattan,FDR N - TBB E 116TH STREET - MANHATTAN TRUSS
36.03,169,Staten Island,WSE N-SIE E SOUTH AVENUE - SOUTH AVENUE
51.57,132,Queens,TNB S Toll Plaza - Queens Anchorage
21.12,477,Manhattan,FDR S 25th St - Catherine Slip
62.13,83,Staten Island,WSE S ARDEN AVENUE - BLOOMINGDALE ROAD
55.92,105,Staten Island,SIE W FINGERBOARD ROAD - CLOVE ROAD
42.87,184,Staten Island,WSE S VICTORY BOULEVARD - ARDEN AVENUE
0.0,0,Bronx,BRP S FORDHAM ROAD - WATSON AVENUE
22.36,452,Manhattan,FDR N Catherine Slip - 25th St
50.33,165,Bronx,CBE E CASTLE HILL AVE - BE N WATERBURY AVE
0.0,0,Queens,CIP N Hempstead Tpk - LIE
48.46,33,Staten Island,SIE E WOOLEY AVENUE - BRADLEY AVENUE
57.78,86,Staten Island,WSE N BLOOMUINGDALE ROAD - ARDEN AVENUE
46.6,84,Queens,LIE WB LITTLE NECK PKWY - NB CIP
27.34,248,Manhattan,FDR N 25th - 63rd St
41.01,51,Brooklyn,GOW S VNB W 92ND STREET - BKLYN GANTRY LOWER LEVEL
50.95,134,Queens,TNB S Toll Plaza - Queens Anchorage
39.76,188,Queens,TBB S MANHATTAN LIFT SPAN - QUEENS ANCHORAGE
37.9,68,Manhattan,BKN Bridge Manhattan Side - FDR N Catherine Slip
42.87,50,Brooklyn,GOW S VNB W 92ND STREET - BKLYN GANTRY UPPER LEVEL
0.0,0,Queens,CIP N LIE ramp - TNB
7.45,573,Bronx,MDE S HARLEM RIVER PARK - GWB W AMSTERDAM AVENUE LOWER LEVEL
49.08,94,Bronx,BE N STRATFORD AVENUE - CASTLE HILL AVE
0.0,0,Staten Island,MLK N WALKER STREET - NJ ROUTE 169
45.36,47,Brooklyn,GOW S VNB W 92ND STREET - BKLYN GANTRY LOWER LEVEL
13.67,488,Queens,VWE S MP4.63 (Exit 6 Jamaica Ave) - MP2.66 (Exit 2 Roackaway Blvd)
9.94,624,Manhattan,BBT E Manhattan Portal - Toll Plaza
58.4,46,Staten Island,SIE E SOUTH AVENUE - RICHMOND AVENUE
49.7,93,Queens,BWB N Queens Anchorage - Toll Plaza
39.14,141,Bronx,BRP N WATSON AVENUE - FORDHAM ROAD
47.84,89,Brooklyn,GOW S 7TH AVENUE - 92ND STREET
56.54,122,Queens,TNB S Toll Plaza - Queens Anchorage
36.66,65,Manhattan,FDR N - TBB E 116TH STREET - MANHATTAN TRUSS
52.81,204,Queens,VWE S MP2.66 (Exit 2 Rockaway Blvd) - Belt Pkwy E 182nd St
61.51,84,Staten Island,WSE S ARDEN AVENUE - BLOOMINGDALE ROAD
47.84,97,Queens,BWB N Queens Anchorage - Toll Plaza
32.93,168,Manhattan,LINCOLN TUNNEL E SOUTH TUBE - NJ - NY
48.46,110,Queens,VWE S MP8.65 (Exit 13 Northern Blvd) - MP6.39 (Exit 11 Jewel Ave)
36.03,44,Staten Island,SIE E WOOLEY AVENUE - BRADLEY AVENUE
24.23,219,Queens,QMT W Toll Plaza - Manhattan Side
0.0,0,Staten Island,SIE E-MLK N RICHMOND AVENUE - WALKER STREET
32.93,66,Queens,CIP N ramp to TNB - TNB Queens Anchorage
50.33,127,Queens,Whitestone Expwy N Exit 14 (Linden Pl) - BWB N Queens Anchorage
12.42,809,Manhattan,FDR S 25th St - Catherine Slip
23.61,209,Manhattan,LINCOLN TUNNEL W NORTH TUBE NY - NJ
49.08,147,Queens,MDE S TBB EXIT RAMP - QUEENS ANCHORAGE
0.0,0,Brooklyn,GOW N 9TH STREET - ATLANTIC AVENUE
36.66,126,Queens,BWB N Queens Anchorage - Toll Plaza
51.57,211,Queens,CIP N Hempstead Tpk - LIE
41.63,187,Queens,Laurelton Pkwy N @ SSP - CIP N Hempstead Tpk
62.75,51,Staten Island,WSE N VICTORY BLVD - SOUTH AVENUE
0.0,0,Brooklyn,GOW N 7TH AVENUE - 9TH STREET
51.57,52,Queens,TNB S Qns Anchorage - CIP S @ TNB
2.48,879,Manhattan,12th Ave S 57th St - 45th St
38.52,240,Queens,Laurelton Pkwy S @ SSP - Belt Pkwy W 182nd St
42.87,194,Bronx,CBE W U/LEV AMSTERDAM AVE - I95 S EXP LNS
0.0,0,Staten Island,MLK S - SIE E WALKER STREET - WOOLEY AVENUE
22.99,113,Manhattan,FDR S Catherine Slip - BKN Bridge Manhattan Side
43.49,101,Bronx,BE S CASTLE HILL AVENUE - STRATFORD AVENUE
33.55,127,Bronx,CBE E AMSTERDAM AVE(U/LVL) - MORRIS AVE
45.98,46,Brooklyn,GOW S VNB W 92ND STREET - BKLYN GANTRY LOWER LEVEL
55.3,142,Staten Island,WSE S VICTORY BOULEVARD - ARDEN AVENUE
24.23,218,Manhattan,QMT E Manhattan Side - Toll Plaza
26.09,247,Manhattan,BBT E Manhattan Portal - Toll Plaza
28.58,161,Brooklyn,VNB E SI GANTRY LOWER LEVEL - BROOLKYN GANTRY LOWER LEVEL
11.18,494,Manhattan,West St S Spring St - BBT Manhattan Portal outbound
27.96,387,Queens,VWE S MP2.66 (Exit 2 Rockaway Blvd) - Belt Pkwy E 182nd St
62.13,63,Staten Island,SIE W WOOLEY AVENUE - RICHMOND AVENUE
53.43,80,Brooklyn,GOW S 7TH AVENUE - 92ND STREET
11.8,280,Manhattan,11th ave s ganservoort - west st @ spring st
0.0,0,Staten Island,ROUTE 169 S - MLK WALKER STREET
0.0,0,Staten Island,SIE W - MLK N WOOLEY AVENUE - WLAKER STREET
30.44,128,Staten Island,SIE E RICHMOND AVENUE - WOOLEY AVENUE
52.81,114,Staten Island,WSE N-SIE E SOUTH AVENUE - SOUTH AVENUE
22.99,132,Queens,BE S TBB EXIT RAMP - MANHATTAN LIFT SPAN
24.23,183,Bronx,MDE S HARLEM RIVER PARK - GWB W AMSTERDAM AVENUE LOWER LEVEL
34.17,88,Queens,BE S TBB EXIT RAMP - MANHATTAN LIFT SPAN
32.31,169,Manhattan,LINCOLN TUNNEL E CENTER TUBE NJ - NY
51.57,117,Staten Island,WSE N-SIE E SOUTH AVENUE - SOUTH AVENUE
48.46,147,Brooklyn,BQE N LEONARD STREET - 46TH STREET
50.95,147,Staten Island,WSE N TYRELLAN AVENUE - BLOOMINGDALE ROAD
22.36,288,Manhattan,BBT W Toll Plaza - Manhattan Portal
40.38,137,Bronx,BRP N WATSON AVENUE - FORDHAM ROAD
47.84,52,Bronx,BWB N Toll Plaza - HRP N Lafayatte Ave
56.54,194,Queens,CIP S LIE - Hempstead Tpk
18.01,129,Manhattan,FDR N - TBB E 116TH STREET - MANHATTAN TRUSS
50.95,175,Queens,VWE N MP4.63 (Exit 6 - Jamaica Ave) - MP6.39 (Exit 11 Jewel Ave)
29.2,675,Manhattan,Westside Hwy N 57th St - GWB
55.92,98,Queens,Whitestone Expwy S Exit 14 (Linden Pl) - VWE S MP8.65 (Exit 13 Northern Blvd)
36.66,176,Manhattan,BBT E Manhattan Portal - Toll Plaza
57.78,131,Queens,CIP S Hempstead Tpk - Laurelton Pkwy @ SSP
13.67,393,Manhattan,LINCOLN TUNNEL W CENTER TUBE NY - NJ
49.7,138,Queens,TNB S Toll Plaza - Queens Anchorage
38.52,129,Manhattan,LINCOLN TUNNEL W NORTH TUBE NY - NJ
57.78,104,Staten Island,WSE N-SIE E SOUTH AVENUE - SOUTH AVENUE
47.22,163,Staten Island,WSE S TYRELLAN AVENUE - 440 S FRANCIS STREET
0.0,0,Brooklyn,BQE S - GOW S ALTANTIC AVENUE - 9TH STREET
10.56,592,Manhattan,12th ave @ 45th - 11 ave ganservoort st
47.22,98,Brooklyn,VNB E SI GANTRY LOWER LEVEL - BROOLKYN GANTRY LOWER LEVEL
37.9,179,Queens,TNB S Toll Plaza - Queens Anchorage
54.05,85,Brooklyn,VNB E SI GANTRY LOWER LEVEL - BROOLKYN GANTRY LOWER LEVEL
0.0,0,Brooklyn,GOW N 9TH STREET - ATLANTIC AVENUE
41.01,113,Queens,BWB N Queens Anchorage - Toll Plaza
12.42,431,Manhattan,LINCOLN TUNNEL W CENTER TUBE NY - NJ
23.61,433,Manhattan,FDR S 25th St - Catherine Slip
17.39,286,Queens,LIE W 108TH ST - 84TH ST
19.26,276,Manhattan,11th ave n ganservoort - 12th ave @ 40th st
15.53,203,Manhattan,12th Ave N 40th - 57th St
8.07,659,Manhattan,LINCOLN TUNNEL W CENTER TUBE NY - NJ
9.32,680,Manhattan,12th ave @ 45th - 11 ave ganservoort st
55.3,90,Staten Island,WSE N BLOOMUINGDALE ROAD - ARDEN AVENUE
57.16,103,Staten Island,SIE W FINGERBOARD ROAD - CLOVE ROAD
59.65,86,Staten Island,WSE S ARDEN AVENUE - BLOOMINGDALE ROAD
35.41,60,Staten Island,VNB W-SIE W SI GANTRY LOWER LEVEL - FINGERBOARD ROAD
0.0,0,Brooklyn,BQE S - GOW S ALTANTIC AVENUE - 9TH STREET
32.31,218,Brooklyn,BQE S 46TH STREET - LEONARD STREET
34.17,190,Manhattan,BBT W Toll Plaza - Manhattan Portal
62.75,111,Staten Island,SIE W - WSE S SOUTH AVENUE - SOUTH AVENUE
51.57,134,Queens,TNB N Queens Anchorage - Toll Plaza
8.07,607,Bronx,MDE N RFK Bridge - 142nd St
0.0,0,Brooklyn,GOW S 9TH STREET - 7TH AVENUE
0.0,0,Manhattan,BQE N Atlantic Ave - BKN Bridge Manhattan Side
49.7,107,Queens,VWE N MP8.64 (Exit 13 Northern Blvd) - Whitestone Expwy Exit 14 (Linden Pl)
55.92,57,Staten Island,WSE N VICTORY BLVD - SOUTH AVENUE
62.13,112,Staten Island,SIE W - WSE S SOUTH AVENUE - SOUTH AVENUE
48.46,58,Staten Island,WSE S SOUTH AVENUE - VICTORY BOULEVARD
52.19,54,Staten Island,WSE S SOUTH AVENUE - VICTORY BOULEVARD
0.0,0,Brooklyn,BQE S - GOW S ALTANTIC AVENUE - 9TH STREET
29.2,221,Manhattan,BBT E Manhattan Portal - Toll Plaza
51.57,52,Staten Island,SIE E SOUTH AVENUE - RICHMOND AVENUE
26.09,116,Queens,BE S TBB EXIT RAMP - MANHATTAN LIFT SPAN
22.36,369,Bronx,CBE W U/LEV AMSTERDAM AVE - I95 S EXP LNS
48.46,167,Queens,TBB N QUEENS ANCHORAGE - MANHATTAN LIFT SPAN
39.76,54,Brooklyn,VNB E-GOWANUS N BROOKLYN GANTRY UPPER LEVEL - 92ND STREET
40.38,185,Queens,TBB S MANHATTAN LIFT SPAN - QUEENS ANCHORAGE
0.0,0,Brooklyn,GOW N 9TH STREET - ATLANTIC AVENUE
56.54,138,Queens,Laurelton Pkwy N @ SSP - CIP N Hempstead Tpk
0.0,0,Manhattan,LINCOLN TUNNEL E CENTER TUBE NJ - NY
0.0,0,Staten Island,SIE W - MLK N WOOLEY AVENUE - WLAKER STREET
32.31,211,Queens,VWE S MP4.63 (Exit 6 Jamaica Ave) - MP2.66 (Exit 2 Roackaway Blvd)
42.25,192,Queens,TBB N QUEENS ANCHORAGE - MANHATTAN LIFT SPAN
52.81,174,Queens,Belt Pkwy E 182nd St - Laurelton Pkwy N @ SSP
54.05,153,Bronx,CBE E CASTLE HILL AVE - BE N WATERBURY AVE
0.0,0,Staten Island,SIE W - MLK N WOOLEY AVENUE - WLAKER STREET
51.57,128,Staten Island,SIE E BRADLEY AVENUE - CLOVE ROAD
50.95,151,Staten Island,440 N FRANCIS STREET - WSE N TYRELLAN AVE
42.25,170,Queens,MDE S TBB EXIT RAMP - QUEENS ANCHORAGE
22.99,306,Brooklyn,BQE N LEONARD STREET - 46TH STREET
41.01,52,Brooklyn,GOW S VNB W 92ND STREET - BKLYN GANTRY UPPER LEVEL
60.27,42,Bronx,CBE W CASTLE HILL AVENUE - TAYLOR AVENUE
37.9,121,Bronx,BE N STRATFORD AVENUE - CASTLE HILL AVE
62.13,52,Staten Island,WSE N VICTORY BLVD - SOUTH AVENUE
48.46,158,Staten Island,WSE S TYRELLAN AVENUE - 440 S FRANCIS STREET
49.08,101,Queens,LIE E 84TH ST - 108TH ST
19.88,211,Brooklyn,GOW S 7TH AVENUE - 92ND STREET
55.3,141,Staten Island,WSE S VICTORY BOULEVARD - ARDEN AVENUE
12.42,596,Manhattan,GWB E LOWER LEVEL PLAZA - CBE E LOWER LEVEL AMSTERDAM AVE
27.96,243,Queens,VWE S MP4.63 (Exit 6 Jamaica Ave) - MP2.66 (Exit 2 Roackaway Blvd)
16.77,440,Bronx,BE S Griswold - Castle Hill Avenue
21.74,335,Queens,TBB N QUEENS ANCHORAGE - BE N
6.21,672,Bronx,MDE S HARLEM RIVER PARK - GWB W AMSTERDAM AVENUE UPPER LEVEL
46.6,160,Bronx,BE N Castle Hill Avenue - Griswold Ave
49.08,51,Bronx,BWB N Toll Plaza - HRP N Lafayatte Ave
50.95,144,Manhattan,GWB E LOWER LEVEL PLAZA - CBE E LOWER LEVEL AMSTERDAM AVE
47.84,44,Staten island,VNB W-SIE W SI GANTRY UPPER LEVEL - FINGERBOARD ROAD
0.0,0,Bronx,I-87 NYST S Exit 1 - MDE S Van Cortlandt Park
65.24,79,Staten Island,WSE S ARDEN AVENUE - BLOOMINGDALE ROAD
52.81,105,Staten Island,SIE E CLOVE ROAD - FINGERBOARD ROAD
4.34,2334,Queens,CIP N Hempstead Tpk - LIE
11.18,282,Manhattan,12th Ave N 40th - 57th St
14.91,353,Queens,VWE S MP8.65 (Exit 13 Northern Blvd) - MP6.39 (Exit 11 Jewel Ave)
53.43,86,Brooklyn,VNB E SI GANTRY LOWER LEVEL - BROOLKYN GANTRY LOWER LEVEL
52.81,130,Queens,TNB S Toll Plaza - Queens Anchorage
12.42,434,Manhattan,11th ave n ganservoort - 12th ave @ 40th st
50.33,106,Queens,VWE N MP8.64 (Exit 13 Northern Blvd) - Whitestone Expwy Exit 14 (Linden Pl)
59.03,102,Staten Island,WSE N-SIE E SOUTH AVENUE - SOUTH AVENUE
18.64,648,Queens,Belt Pkwy W JFK Expressway - VWE N Jamaica Ave
24.85,92,Staten Island,SIE E VNB E FINGERBOARD ROAD - SI GANTRY UPPER LEVEL
16.15,165,Staten Island,SIE E SOUTH AVENUE - RICHMOND AVENUE
52.19,82,Brooklyn,GOW S 7TH AVENUE - 92ND STREET
19.88,509,Manhattan,FDR N Catherine Slip - 25th St
26.09,265,Staten Island,SIE W - WSE S SOUTH AVENUE - SOUTH AVENUE
42.25,118,Queens,LIE E 84TH ST - 108TH ST
41.63,55,Staten Island,SIE E VNB E FINGERBOARD ROAD - SI GANTRY LOWER LEVEL
32.93,228,Bronx,BE N Castle Hill Avenue - Griswold Ave
0.0,0,Staten Island,SIE W - MLK N WOOLEY AVENUE - WLAKER STREET
51.57,49,Bronx,CBE W CASTLE HILL AVENUE - TAYLOR AVENUE
29.82,236,Brooklyn,BQE N LEONARD STREET - 46TH STREET
0.0,0,Manhattan,FDR S 25th St - Catherine Slip
24.85,107,Queens,TNB S Qns Anchorage - CIP S @ TNB
32.31,312,Manhattan,FDR N Catherine Slip - 25th St
20.5,429,Queens,VWE N MP4.63 (Exit 6 - Jamaica Ave) - MP6.39 (Exit 11 Jewel Ave)
55.92,111,Staten Island,WSE S BLLOMINGDALE ROAD - TYRELLAN AVENUE
56.54,107,Staten Island,WSE N-SIE E SOUTH AVENUE - SOUTH AVENUE
31.06,144,Bronx,MDE S HARLEM RIVER PARK - GWB W AMSTERDAM AVENUE LOWER LEVEL
0.0,0,Manhattan,BQE N Atlantic Ave - MAN Bridge Manhattan Side
31.06,285,Queens,VWE N MP4.63 (Exit 6 - Jamaica Ave) - MP6.39 (Exit 11 Jewel Ave)
27.34,264,Queens,TBB N QUEENS ANCHORAGE - BE N
31.68,169,Manhattan,QMT E Manhattan Side - Toll Plaza
38.52,177,Queens,VWE S MP4.63 (Exit 6 Jamaica Ave) - MP2.66 (Exit 2 Roackaway Blvd)
60.27,53,Staten Island,WSE N VICTORY BLVD - SOUTH AVENUE
45.98,100,Brooklyn,VNB W BROOKLYN GANTRY LOWER LEVEL - SI GANTRY LOWER LEVEL
36.03,179,Manhattan,BBT E Manhattan Portal - Toll Plaza
21.12,255,Manhattan,11th ave n ganservoort - 12th ave @ 40th st
42.25,50,Brooklyn,GOW S VNB W 92ND STREET - BKLYN GANTRY UPPER LEVEL
47.84,115,Queens,Whitestone Expwy S Exit 14 (Linden Pl) - VWE S MP8.65 (Exit 13 Northern Blvd)
51.57,133,Queens,TNB N Queens Anchorage - Toll Plaza
0.0,0,Staten Island,SIE W - MLK N WOOLEY AVENUE - WLAKER STREET
12.42,347,Bronx,CBE W MORRIS AVE - GWB W AMSTERDAM AVE (U/LVL)
14.29,463,Manhattan,FDR N 25th - 63rd St
52.19,106,Staten Island,SIE E CLOVE ROAD - FINGERBOARD ROAD
8.07,1494,Queens,Belt Pkwy W JFK Expressway - VWE N Jamaica Ave
45.98,101,Brooklyn,VNB W BROOKLYN GANTRY UPPER LEVEL - SI GANTRY UPPER LEVEL
55.3,48,Queens,TNB S Qns Anchorage - CIP S @ TNB
32.93,182,Staten Island,WSE N-SIE E SOUTH AVENUE - SOUTH AVENUE
0.0,0,Queens,BE S TBB EXIT RAMP - QUEENS ANCHORAGE
1.86,986,Manhattan,12th Ave S 57th St - 45th St
0.0,0,Bronx,BRP S FORDHAM ROAD - WATSON AVENUE
35.41,251,Queens,VWE N MP4.63 (Exit 6 - Jamaica Ave) - MP6.39 (Exit 11 Jewel Ave)
21.74,334,Queens,TBB N QUEENS ANCHORAGE - BE N
29.2,182,Queens,VWE N MP8.64 (Exit 13 Northern Blvd) - Whitestone Expwy Exit 14 (Linden Pl)
11.8,451,Manhattan,11th ave n ganservoort - 12th ave @ 40th st
47.84,90,Bronx,CBE W MORRIS AVE - GWB W AMSTERDAM AVE (U/LVL)
33.55,193,Manhattan,BBT W Toll Plaza - Manhattan Portal
49.7,50,Bronx,BWB N Toll Plaza - HRP N Lafayatte Ave
21.74,204,Bronx,MDE S HARLEM RIVER PARK - GWB W AMSTERDAM AVENUE LOWER LEVEL
22.99,307,Brooklyn,BQE N LEONARD STREET - 46TH STREET
16.77,193,Manhattan,11th ave s ganservoort - west st @ spring st
0.0,0,Bronx,CBE W L/LE V AMSTERDAM AVE - I 95 S LOC LNS
53.43,124,Staten Island,SIE E BRADLEY AVENUE - CLOVE ROAD
34.17,160,Manhattan,LINCOLN TUNNEL E SOUTH TUBE - NJ - NY
9.94,244,Bronx,CBE E TAYLOR AVENUE - CASTLE HILL AVENUE
36.66,202,Bronx,BE S Griswold - Castle Hill Avenue
24.85,199,Queens,LIE W 108TH ST - 84TH ST
55.92,51,Staten Island,SIE W RICHMOND AVENUE - SOUTH AVENUE
15.53,204,Manhattan,12th Ave N 40th - 57th St
34.17,208,Brooklyn,BQE S 46TH STREET - LEONARD STREET
49.08,108,Queens,VWE S MP8.65 (Exit 13 Northern Blvd) - MP6.39 (Exit 11 Jewel Ave)
38.52,168,Manhattan,BBT W Toll Plaza - Manhattan Portal
62.13,46,Staten Island,SIE W RICHMOND AVENUE - SOUTH AVENUE
32.93,196,Manhattan,BBT E Manhattan Portal - Toll Plaza
54.68,26,Staten Island,SIE W BRADLEY AVENUE - WOOLEY AVENUE
46.6,155,Queens,MDE S TBB EXIT RAMP - QUEENS ANCHORAGE
48.46,44,Staten island,VNB W-SIE W SI GANTRY UPPER LEVEL - FINGERBOARD ROAD
28.58,162,Brooklyn,VNB E SI GANTRY UPPER LEVEL - BROOKLYN GANTRY UPPER LEVEL
23.61,184,Bronx,MDE S HARLEM RIVER PARK - GWB W AMSTERDAM AVENUE UPPER LEVEL
53.43,79,Bronx,CBE E AMSTERDAM AVE(U/LVL) - MORRIS AVE
44.11,450,Manhattan,Westside Hwy N 57th St - GWB
59.03,66,Staten Island,SIE E RICHMOND AVENUE - WOOLEY AVENUE
0.0,0,Bronx,BRP S FORDHAM ROAD - WATSON AVENUE
57.16,93,Queens,VWE N MP8.64 (Exit 13 Northern Blvd) - Whitestone Expwy Exit 14 (Linden Pl)
47.22,45,Brooklyn,GOW S VNB W 92ND STREET - BKLYN GANTRY LOWER LEVEL
62.13,63,Staten Island,SIE E RICHMOND AVENUE - WOOLEY AVENUE
54.68,111,Staten Island,WSE N-SIE E SOUTH AVENUE - SOUTH AVENUE
64.62,80,Staten Island,WSE S ARDEN AVENUE - BLOOMINGDALE ROAD
35.41,156,Manhattan,LINCOLN TUNNEL E CENTER TUBE NJ - NY
54.05,139,Queens,CIP S Hempstead Tpk - Laurelton Pkwy @ SSP
60.27,131,Staten Island,WSE S VICTORY BOULEVARD - ARDEN AVENUE
0.0,0,Bronx,BRP N WATSON AVENUE - FORDHAM ROAD
35.41,124,Bronx,BE S CASTLE HILL AVENUE - STRATFORD AVENUE
19.88,369,Bronx,BE N Castle Hill Avenue - Griswold Ave
57.16,112,Queens,BWB S Queens Anchorage - WSE S Exit 14 (Linden Pl)
29.82,71,Staten island,VNB W-SIE W SI GANTRY UPPER LEVEL - FINGERBOARD ROAD
39.14,163,Queens,Whitestone Expwy N Exit 14 (Linden Pl) - BWB N Queens Anchorage
41.01,52,Brooklyn,GOW S VNB W 92ND STREET - BKLYN GANTRY UPPER LEVEL
0.0,0,Brooklyn,GOW N 9TH STREET - ATLANTIC AVENUE
13.04,586,Queens,Laurelton Pkwy N @ SSP - CIP N Hempstead Tpk
48.46,406,Manhattan,Westside Hwy N 57th St - GWB
22.99,187,Bronx,CBE E AMSTERDAM AVE(U/LVL) - MORRIS AVE
0.0,0,Manhattan,FDR N Catherine Slip - 25th St
15.53,762,Queens,Belt Pkwy W JFK Expressway - VWE N Jamaica Ave
0.0,0,Brooklyn,GOW S 9TH STREET - 7TH AVENUE
20.5,341,Brooklyn,BQE S 46TH STREET - LEONARD STREET
45.36,436,Manhattan,Westside Hwy S GWB - 57th St
42.87,129,Bronx,BRP N WATSON AVENUE - FORDHAM ROAD
0.0,0,Manhattan,BQE N Atlantic Ave - MAN Bridge Manhattan Side
29.82,183,Queens,Whitestone Expwy S Exit 14 (Linden Pl) - VWE S MP8.65 (Exit 13 Northern Blvd)
52.81,373,Manhattan,Westside Hwy S GWB - 57th St
19.26,135,Manhattan,FDR S Catherine Slip - BKN Bridge Manhattan Side
44.11,188,Bronx,CBE W U/LEV AMSTERDAM AVE - I95 S EXP LNS
22.36,108,Manhattan,TBB W - FDR S MANHATTAN TRUSS - E116TH STREET
40.38,185,Queens,TBB S MANHATTAN LIFT SPAN - QUEENS ANCHORAGE
60.27,42,Bronx,CBE W CASTLE HILL AVENUE - TAYLOR AVENUE
14.29,375,Manhattan,LINCOLN TUNNEL E SOUTH TUBE - NJ - NY
49.08,54,Staten Island,SIE E SOUTH AVENUE - RICHMOND AVENUE
54.05,98,Queens,VWE N MP8.64 (Exit 13 Northern Blvd) - Whitestone Expwy Exit 14 (Linden Pl)
44.11,185,Queens,TBB N QUEENS ANCHORAGE - MANHATTAN LIFT SPAN
68.35,76,Staten Island,WSE S ARDEN AVENUE - BLOOMINGDALE ROAD
0.0,0,Brooklyn,GOW N 7TH AVENUE - 9TH STREET
31.06,126,Staten Island,SIE W WOOLEY AVENUE - RICHMOND AVENUE
54.68,48,Staten Island,SIE E SOUTH AVENUE - RICHMOND AVENUE
49.08,43,Brooklyn,GOW S VNB W 92ND STREET - BKLYN GANTRY UPPER LEVEL
49.7,103,Bronx,MDE N RFK Bridge - 142nd St
50.95,215,Queens,CIP S LIE - Hempstead Tpk
40.38,132,Queens,VWE N MP8.64 (Exit 13 Northern Blvd) - Whitestone Expwy Exit 14 (Linden Pl)
0.0,0,Manhattan,12th ave @ 45th - 11 ave ganservoort st
44.73,103,Bronx,BWB S Toll Plaza - Queens Anchorage
19.26,121,Manhattan,FDR N - TBB E 116TH STREET - MANHATTAN TRUSS
45.36,56,Bronx,CBE E TAYLOR AVENUE - CASTLE HILL AVENUE
37.28,57,Staten Island,VNB W-SIE W SI GANTRY LOWER LEVEL - FINGERBOARD ROAD
22.99,193,Bronx,MDE S HARLEM RIVER PARK - GWB W AMSTERDAM AVENUE LOWER LEVEL
26.09,100,Manhattan,FDR S Catherine Slip - BKN Bridge Manhattan Side
49.7,93,Brooklyn,VNB W BROOKLYN GANTRY LOWER LEVEL - SI GANTRY LOWER LEVEL
51.57,86,Bronx,HRP N LAFAYETTE AVENUE - E TREMONT AVENUE
27.96,243,Manhattan,FDR S 63rd - 25th St
42.25,180,Queens,CIP S Hempstead Tpk - Laurelton Pkwy @ SSP
40.38,169,Queens,VWE S MP4.63 (Exit 6 Jamaica Ave) - MP2.66 (Exit 2 Roackaway Blvd)
11.8,450,Manhattan,LINCOLN TUNNEL E SOUTH TUBE - NJ - NY
50.33,84,Brooklyn,GOW N 92ND STREET - 7TH AVENUE
39.76,499,Manhattan,Westside Hwy N 57th St - GWB
29.2,347,Manhattan,FDR N Catherine Slip - 25th St
18.01,248,Bronx,MDE S HARLEM RIVER PARK - GWB W AMSTERDAM AVENUE LOWER LEVEL
52.81,101,Queens,VWE S MP8.65 (Exit 13 Northern Blvd) - MP6.39 (Exit 11 Jewel Ave)
15.53,148,Staten Island,SIE E VNB E FINGERBOARD ROAD - SI GANTRY UPPER LEVEL
39.76,163,Manhattan,BBT W Toll Plaza - Manhattan Portal
52.81,124,Staten Island,SIE E BRADLEY AVENUE - CLOVE ROAD
47.22,98,Bronx,BE N STRATFORD AVENUE - CASTLE HILL AVE
47.22,30,Staten Island,SIE W BRADLEY AVENUE - WOOLEY AVENUE
59.65,275,Queens,CVE NB GCP - WILLETS PT BLVD
36.03,177,Queens,BWB S Queens Anchorage - WSE S Exit 14 (Linden Pl)
62.75,82,Staten Island,WSE S ARDEN AVENUE - BLOOMINGDALE ROAD
44.73,48,Brooklyn,GOW S VNB W 92ND STREET - BKLYN GANTRY UPPER LEVEL
57.16,122,Staten Island,SIE W - WSE S SOUTH AVENUE - SOUTH AVENUE
16.77,422,Brooklyn,BQE S 46TH STREET - LEONARD STREET
20.5,215,Bronx,BE S CASTLE HILL AVENUE - STRATFORD AVENUE
47.84,48,Staten Island,SIE E VNB E FINGERBOARD ROAD - SI GANTRY UPPER LEVEL
0.0,0,Brooklyn,GOW S 9TH STREET - 7TH AVENUE
50.33,128,Queens,Whitestone Expwy N Exit 14 (Linden Pl) - BWB N Queens Anchorage
34.79,183,Queens,BWB S Queens Anchorage - WSE S Exit 14 (Linden Pl)
0.0,0,Staten Island,VNB W-SIE W SI GANTRY LOWER LEVEL - FINGERBOARD ROAD
0.0,0,Queens,BE S TBB EXIT RAMP - QUEENS ANCHORAGE
19.26,278,Queens,QMT W Toll Plaza - Manhattan Side
48.46,95,Bronx,BWB S Toll Plaza - Queens Anchorage
0.0,0,Queens,BE S TBB EXIT RAMP - QUEENS ANCHORAGE
0.0,0,Brooklyn,GOW S 9TH STREET - 7TH AVENUE
52.81,154,Bronx,I-87 NYST S Exit 1 - MDE S Van Cortlandt Park
47.84,163,Queens,Laurelton Pkwy N @ SSP - CIP N Hempstead Tpk
0.0,0,Brooklyn,BQE S - GOW S ALTANTIC AVENUE - 9TH STREET
34.17,148,Bronx,MDE N RFK Bridge - 142nd St
0.0,0,Manhattan,BQE N Atlantic Ave - MAN Bridge Manhattan Side
56.54,121,Queens,VWE S MP4.63 (Exit 6 Jamaica Ave) - MP2.66 (Exit 2 Roackaway Blvd)
33.55,116,Queens,LIE WB LITTLE NECK PKWY - NB CIP
56.54,143,Bronx,I-87 NYST S Exit 1 - MDE S Van Cortlandt Park
6.83,483,Manhattan,11th ave s ganservoort - west st @ spring st
55.92,83,Bronx,BE N STRATFORD AVENUE - CASTLE HILL AVE
49.08,101,Queens,LIE W 108TH ST - 84TH ST
61.51,113,Staten Island,SIE W - WSE S SOUTH AVENUE - SOUTH AVENUE
55.92,293,Queens,CVE NB GCP - WILLETS PT BLVD
48.46,62,Queens,BE S TBB EXIT RAMP - MANHATTAN LIFT SPAN
47.22,418,Manhattan,Westside Hwy S GWB - 57th St
39.76,59,Manhattan,FDR N - TBB E 116TH STREET - MANHATTAN TRUSS
42.25,255,Queens,VWE S MP2.66 (Exit 2 Rockaway Blvd) - Belt Pkwy E 182nd St
44.11,64,Staten Island,SIE W RICHMOND AVENUE - SOUTH AVENUE
44.73,214,Queens,LIE WB LITTLE NECK PKWY - NB CVE
47.84,45,Brooklyn,VNB E-GOWANUS N BROOKLYN GANTRY LOWER LEVEL - 92ND STREET
27.34,335,Queens,Belt Pkwy E 182nd St - Laurelton Pkwy N @ SSP
44.11,218,Queens,LIE WB LITTLE NECK PKWY - NB CVE
0.0,0,Brooklyn,BQE S - GOW S ALTANTIC AVENUE - 9TH STREET
0.0,0,Bronx,BRP S FORDHAM ROAD - WATSON AVENUE
36.66,126,Brooklyn,VNB E SI GANTRY UPPER LEVEL - BROOKLYN GANTRY UPPER LEVEL
0.0,0,Queens,BE S TBB EXIT RAMP - QUEENS ANCHORAGE
26.71,334,Queens,VWE S MP6.39 (Exit 11 Jewel Ave) - MP4.63 (Exit 6 Jamaica Ave)
22.99,327,Queens,TBB S MANHATTAN LIFT SPAN - QUEENS ANCHORAGE
27.34,248,Manhattan,FDR S 63rd - 25th St
54.68,152,Bronx,CBE E CASTLE HILL AVE - BE N WATERBURY AVE
0.0,0,Brooklyn,GOW S 7TH AVENUE - 92ND STREET
30.44,362,Queens,CIP S LIE - Hempstead Tpk
44.11,176,Queens,Laurelton Pkwy N @ SSP - CIP N Hempstead Tpk
53.43,104,Staten Island,SIE E CLOVE ROAD - FINGERBOARD ROAD
47.22,161,Queens,CIP S Hempstead Tpk - Laurelton Pkwy @ SSP
9.32,348,Manhattan,12th Ave N 40th - 57th St
11.18,500,Manhattan,West St S Spring St - BBT Manhattan Portal outbound
51.57,90,Brooklyn,VNB W BROOKLYN GANTRY UPPER LEVEL - SI GANTRY UPPER LEVEL
21.74,201,Bronx,BE S CASTLE HILL AVENUE - STRATFORD AVENUE
52.19,54,Staten Island,WSE S SOUTH AVENUE - VICTORY BOULEVARD
36.03,248,Queens,VWE N MP4.63 (Exit 6 - Jamaica Ave) - MP6.39 (Exit 11 Jewel Ave)
53.43,40,Brooklyn,VNB E-GOWANUS N BROOKLYN GANTRY LOWER LEVEL - 92ND STREET
51.57,83,Brooklyn,GOW S 7TH AVENUE - 92ND STREET
52.19,44,Staten Island,SIE E VNB E FINGERBOARD ROAD - SI GANTRY LOWER LEVEL
59.03,138,Bronx,I-87 NYST S Exit 1 - MDE S Van Cortlandt Park
0.0,0,Bronx,BRP S FORDHAM ROAD - WATSON AVENUE
36.03,108,Staten Island,SIE W WOOLEY AVENUE - RICHMOND AVENUE
12.42,718,Queens,VWE N MP4.63 (Exit 6 - Jamaica Ave) - MP6.39 (Exit 11 Jewel Ave)
30.44,152,Bronx,BWB S Toll Plaza - Queens Anchorage
49.08,223,Queens,CIP N Hempstead Tpk - LIE
11.8,532,Manhattan,12th ave @ 45th - 11 ave ganservoort st
36.03,180,Manhattan,BBT E Manhattan Portal - Toll Plaza
27.34,199,Queens,Whitestone Expwy S Exit 14 (Linden Pl) - VWE S MP8.65 (Exit 13 Northern Blvd)
41.01,52,Brooklyn,VNB E-GOWANUS N BROOKLYN GANTRY UPPER LEVEL - 92ND STREET
41.01,481,Manhattan,Westside Hwy N 57th St - GWB
34.17,126,Bronx,MDE S HARLEM RIVER PARK - GWB W AMSTERDAM AVENUE UPPER LEVEL
19.26,229,Bronx,MDE S HARLEM RIVER PARK - GWB W AMSTERDAM AVENUE LOWER LEVEL
38.52,102,Staten Island,SIE W WOOLEY AVENUE - RICHMOND AVENUE
18.64,384,Brooklyn,BQE S 46TH STREET - LEONARD STREET
16.77,141,Manhattan,TBB W - FDR S MANHATTAN TRUSS - E116TH STREET
53.43,86,Queens,BWB N Queens Anchorage - Toll Plaza
49.7,111,Queens,Whitestone Expwy S Exit 14 (Linden Pl) - VWE S MP8.65 (Exit 13 Northern Blvd)
45.98,139,Queens,Whitestone Expwy N Exit 14 (Linden Pl) - BWB N Queens Anchorage
48.46,88,Brooklyn,GOW N 92ND STREET - 7TH AVENUE
60.27,73,Bronx,BE S CASTLE HILL AVENUE - STRATFORD AVENUE
49.08,223,Queens,CVE NB LIE - WILLETS PT BLVD
55.92,89,Staten Island,WSE N BLOOMUINGDALE ROAD - ARDEN AVENUE
8.07,779,Manhattan,12th ave @ 45th - 11 ave ganservoort st
33.55,131,Bronx,BE S CASTLE HILL AVENUE - STRATFORD AVENUE
31.68,82,Manhattan,BKN Bridge Manhattan Side - FDR N Catherine Slip
45.98,46,Brooklyn,GOW S VNB W 92ND STREET - BKLYN GANTRY UPPER LEVEL
44.73,48,Brooklyn,GOW S VNB W 92ND STREET - BKLYN GANTRY UPPER LEVEL
48.46,154,Bronx,BE S Griswold - Castle Hill Avenue
54.68,49,Queens,TNB S Qns Anchorage - CIP S @ TNB
43.49,457,Manhattan,Westside Hwy S GWB - 57th St
8.69,720,Manhattan,12th ave @ 45th - 11 ave ganservoort st
14.91,361,Queens,Whitestone Expwy S Exit 14 (Linden Pl) - VWE S MP8.65 (Exit 13 Northern Blvd)
30.44,174,Queens,QMT W Toll Plaza - Manhattan Side
42.25,216,Queens,Laurelton Pkwy S @ SSP - Belt Pkwy W 182nd St
45.98,97,Bronx,HRP N LAFAYETTE AVENUE - E TREMONT AVENUE
30.44,538,Queens,CVE NB GCP - WILLETS PT BLVD
23.61,256,Staten Island,WSE N-SIE E SOUTH AVENUE - SOUTH AVENUE
44.11,218,Queens,LIE WB LITTLE NECK PKWY - NB CVE
50.95,83,Brooklyn,GOW S 7TH AVENUE - 92ND STREET
53.43,110,Staten Island,SIE W FINGERBOARD ROAD - CLOVE ROAD
25.47,292,Bronx,BE S Griswold - Castle Hill Avenue
40.38,137,Bronx,BRP N WATSON AVENUE - FORDHAM ROAD
21.74,64,Staten Island,SIE W BRADLEY AVENUE - WOOLEY AVENUE
48.46,80,Queens,LIE WB LITTLE NECK PKWY - NB CIP
27.96,392,Queens,CIP S LIE - Hempstead Tpk
10.56,408,Bronx,CBE W MORRIS AVE - GWB W AMSTERDAM AVE (L/LVL)
46.6,95,Bronx,BE S CASTLE HILL AVENUE - STRATFORD AVENUE
0.0,0,Staten Island,SIE W - MLK N WOOLEY AVENUE - WLAKER STREET
44.73,440,Manhattan,Westside Hwy S GWB - 57th St
52.19,54,Staten Island,WSE S SOUTH AVENUE - VICTORY BOULEVARD
9.94,732,Queens,TBB S MANHATTAN LIFT SPAN - QUEENS ANCHORAGE
57.78,121,Staten Island,SIE W - WSE S SOUTH AVENUE - SOUTH AVENUE
11.18,571,Manhattan,BBT W Toll Plaza - Manhattan Portal
36.03,328,Queens,CIP N LIE ramp - TNB
7.45,1123,Queens,VWE S MP6.39 (Exit 11 Jewel Ave) - MP4.63 (Exit 6 Jamaica Ave)
55.3,83,Brooklyn,VNB E SI GANTRY LOWER LEVEL - BROOLKYN GANTRY LOWER LEVEL
41.01,96,Queens,LIE WB LITTLE NECK PKWY - NB CIP
22.99,231,Queens,VWE N MP8.64 (Exit 13 Northern Blvd) - Whitestone Expwy Exit 14 (Linden Pl)
44.73,167,Bronx,BE S Griswold - Castle Hill Avenue
22.99,114,Manhattan,FDR S Catherine Slip - BKN Bridge Manhattan Side
34.17,262,Queens,VWE S MP6.39 (Exit 11 Jewel Ave) - MP4.63 (Exit 6 Jamaica Ave)
49.08,196,Queens,LIE WB LITTLE NECK PKWY - NB CVE
47.22,161,Staten Island,WSE S TYRELLAN AVENUE - 440 S FRANCIS STREET
42.25,60,Bronx,CBE E TAYLOR AVENUE - CASTLE HILL AVENUE
21.12,295,Manhattan,12th ave @ 45th - 11 ave ganservoort st
0.0,0,Queens,TBB N QUEENS ANCHORAGE - BE N
34.17,146,Manhattan,LINCOLN TUNNEL W NORTH TUBE NY - NJ
0.0,0,Staten Island,ROUTE 169 S - MLK WALKER STREET
0.0,0,Manhattan,BQE N Atlantic Ave - BKN Bridge Manhattan Side
55.3,90,Queens,LIE W 108TH ST - 84TH ST
50.33,28,Staten Island,SIE W BRADLEY AVENUE - WOOLEY AVENUE
52.81,158,Bronx,CBE E CASTLE HILL AVE - BE N WATERBURY AVE
0.0,0,Staten Island,ROUTE 169 S - MLK WALKER STREET
8.69,2262,Manhattan,Westside Hwy N 57th St - GWB
55.3,90,Staten Island,WSE N BLOOMUINGDALE ROAD - ARDEN AVENUE
34.17,136,Brooklyn,VNB W BROOKLYN GANTRY LOWER LEVEL - SI GANTRY LOWER LEVEL
15.53,465,Queens,TBB N QUEENS ANCHORAGE - BE N
31.68,168,Queens,QMT W Toll Plaza - Manhattan Side
57.78,120,Staten Island,SIE W - WSE S SOUTH AVENUE - SOUTH AVENUE
14.91,547,Bronx,CBE W L/LE V AMSTERDAM AVE - I 95 S LOC LNS
11.8,662,Bronx,I-87 NYST S Exit 1 - MDE S Van Cortlandt Park
16.77,641,Queens,CIP N Hempstead Tpk - LIE
0.0,0,Staten Island,MLK N WALKER STREET - NJ ROUTE 169
45.98,46,Brooklyn,GOW S VNB W 92ND STREET - BKLYN GANTRY LOWER LEVEL
16.77,379,Manhattan,12th ave @ 45th - 11 ave ganservoort st
51.57,124,Queens,BWB S Queens Anchorage - WSE S Exit 14 (Linden Pl)
23.61,292,Queens,VWE S MP4.63 (Exit 6 Jamaica Ave) - MP2.66 (Exit 2 Roackaway Blvd)
0.0,0,Brooklyn,BQE S - GOW S ALTANTIC AVENUE - 9TH STREET
19.26,350,Queens,TNB S Toll Plaza - Queens Anchorage
39.14,56,Queens,CIP N ramp to TNB - TNB Queens Anchorage
29.2,188,Manhattan,LINCOLN TUNNEL W CENTER TUBE NY - NJ
57.78,87,Staten Island,WSE N BLOOMUINGDALE ROAD - ARDEN AVENUE
0.0,0,Bronx,BRP S FORDHAM ROAD - WATSON AVENUE
54.05,137,Bronx,BE N Castle Hill Avenue - Griswold Ave
28.58,403,Queens,CIP N TNB - Whitestone Expwy S Exit 14 (Linden Pl)
12.42,534,Manhattan,FDR N 25th - 63rd St
55.92,83,Bronx,BWB S Toll Plaza - Queens Anchorage
53.43,103,Staten Island,SIE E CLOVE ROAD - FINGERBOARD ROAD
14.29,402,Manhattan,West St S Spring St - BBT Manhattan Portal outbound
41.63,179,Queens,TBB S MANHATTAN LIFT SPAN - QUEENS ANCHORAGE
24.85,105,Manhattan,FDR S Catherine Slip - BKN Bridge Manhattan Side
34.79,223,Queens,Laurelton Pkwy N @ SSP - CIP N Hempstead Tpk
26.09,80,Staten Island,VNB W-SIE W SI GANTRY LOWER LEVEL - FINGERBOARD ROAD
47.84,44,Brooklyn,VNB E-GOWANUS N BROOKLYN GANTRY LOWER LEVEL - 92ND STREET
52.81,101,Queens,VWE S MP8.65 (Exit 13 Northern Blvd) - MP6.39 (Exit 11 Jewel Ave)
36.03,226,Queens,TBB N QUEENS ANCHORAGE - MANHATTAN LIFT SPAN
50.95,105,Queens,VWE S MP8.65 (Exit 13 Northern Blvd) - MP6.39 (Exit 11 Jewel Ave)
0.0,0,Queens,QMT W Toll Plaza - Manhattan Side
45.98,46,Brooklyn,VNB E-GOWANUS N BROOKLYN GANTRY UPPER LEVEL - 92ND STREET
41.01,392,Queens,CIP NB GCP - TNB
13.04,248,Manhattan,12th Ave N 40th - 57th St
32.31,614,Manhattan,Westside Hwy S GWB - 57th St
42.25,161,Queens,TNB N Queens Anchorage - Toll Plaza
6.21,645,Bronx,CBE E AMSTERDAM AVE(U/LVL) - MORRIS AVE
37.28,148,Bronx,BRP N WATSON AVENUE - FORDHAM ROAD
42.25,119,Manhattan,LINCOLN TUNNEL W NORTH TUBE NY - NJ
50.95,87,Bronx,HRP N LAFAYETTE AVENUE - E TREMONT AVENUE
39.14,100,Staten Island,SIE W WOOLEY AVENUE - RICHMOND AVENUE
32.31,164,Manhattan,QMT E Manhattan Side - Toll Plaza
7.45,700,Manhattan,LINCOLN TUNNEL W CENTER TUBE NY - NJ
11.18,631,Manhattan,GWB E LOWER LEVEL PLAZA - CBE E LOWER LEVEL AMSTERDAM AVE
44.11,48,Staten Island,VNB W-SIE W SI GANTRY LOWER LEVEL - FINGERBOARD ROAD
29.2,133,Queens,LIE WB LITTLE NECK PKWY - NB CIP
24.23,295,Brooklyn,BQE N LEONARD STREET - 46TH STREET
45.98,46,Staten island,VNB W-SIE W SI GANTRY UPPER LEVEL - FINGERBOARD ROAD
20.5,126,Manhattan,BKN Bridge Manhattan Side - FDR N Catherine Slip
42.87,56,Manhattan,TBB W - FDR S MANHATTAN TRUSS - E116TH STREET
26.09,478,Brooklyn,GOW S 9TH STREET - 7TH AVENUE
54.05,164,Queens,VWE N MP4.63 (Exit 6 - Jamaica Ave) - MP6.39 (Exit 11 Jewel Ave)
0.0,0,Manhattan,BQE N Atlantic Ave - BKN Bridge Manhattan Side
40.38,105,Brooklyn,GOW S 7TH AVENUE - 92ND STREET
20.5,260,Manhattan,11th ave n ganservoort - 12th ave @ 40th st
55.3,84,Brooklyn,VNB W BROOKLYN GANTRY LOWER LEVEL - SI GANTRY LOWER LEVEL
48.46,96,Brooklyn,VNB W BROOKLYN GANTRY UPPER LEVEL - SI GANTRY UPPER LEVEL
34.79,68,Manhattan,TBB W - FDR S MANHATTAN TRUSS - E116TH STREET
44.11,52,Staten Island,SIE E VNB E FINGERBOARD ROAD - SI GANTRY LOWER LEVEL
47.84,59,Staten Island,WSE S SOUTH AVENUE - VICTORY BOULEVARD
16.77,254,Bronx,CBE AMSTERDAM AVE (L/LVL) - MORRIS AVE
30.44,386,Queens,CIP N LIE ramp - TNB
0.0,0,Manhattan,LINCOLN TUNNEL E CENTER TUBE NJ - NY
54.68,84,Brooklyn,VNB E SI GANTRY LOWER LEVEL - BROOLKYN GANTRY LOWER LEVEL
22.36,449,Manhattan,FDR S 25th St - Catherine Slip
0.0,0,Manhattan,BQE N Atlantic Ave - BKN Bridge Manhattan Side
47.22,53,Bronx,BWB N Toll Plaza - HRP N Lafayatte Ave
60.89,100,Staten Island,WSE N-SIE E SOUTH AVENUE - SOUTH AVENUE
54.05,145,Staten Island,WSE S VICTORY BOULEVARD - ARDEN AVENUE
19.88,248,Manhattan,LINCOLN TUNNEL W NORTH TUBE NY - NJ
42.87,270,Queens,CIP N TNB - Whitestone Expwy S Exit 14 (Linden Pl)
0.0,0,Staten Island,MLK S - SIE W WALKER STREET - RICHMOND AVENUE
0.0,0,Brooklyn,GOW N 9TH STREET - ATLANTIC AVENUE
55.92,70,Staten Island,SIE E RICHMOND AVENUE - WOOLEY AVENUE
21.74,310,Queens,TNB S Toll Plaza - Queens Anchorage
45.36,94,Brooklyn,GOW S 7TH AVENUE - 92ND STREET
59.65,86,Staten Island,WSE S ARDEN AVENUE - BLOOMINGDALE ROAD
56.54,75,Brooklyn,GOW S 7TH AVENUE - 92ND STREET
58.4,282,Queens,CVE NB GCP - WILLETS PT BLVD
12.42,333,Bronx,CBE W MORRIS AVE - GWB W AMSTERDAM AVE (U/LVL)
10.56,1117,Queens,Belt Pkwy W JFK Expressway - VWE N Jamaica Ave
56.54,28,Staten Island,SIE E WOOLEY AVENUE - BRADLEY AVENUE
55.3,84,Brooklyn,VNB E SI GANTRY LOWER LEVEL - BROOLKYN GANTRY LOWER LEVEL
47.22,98,Bronx,BWB S Toll Plaza - Queens Anchorage
55.3,115,Queens,BWB S Queens Anchorage - WSE S Exit 14 (Linden Pl)
26.71,114,Queens,BE S TBB EXIT RAMP - MANHATTAN LIFT SPAN
12.42,522,Manhattan,BBT W Toll Plaza - Manhattan Portal
54.05,115,Staten Island,WSE S BLLOMINGDALE ROAD - TYRELLAN AVENUE
52.81,312,Queens,CVE NB GCP - WILLETS PT BLVD
50.33,92,Queens,BWB N Queens Anchorage - Toll Plaza
62.13,122,Queens,CIP S Hempstead Tpk - Laurelton Pkwy @ SSP
52.19,48,Bronx,BWB N Toll Plaza - HRP N Lafayatte Ave
47.22,116,Bronx,BRP S FORDHAM ROAD - WATSON AVENUE
50.95,126,Queens,Whitestone Expwy N Exit 14 (Linden Pl) - BWB N Queens Anchorage
0.0,0,Staten Island,SIE E-MLK N RICHMOND AVENUE - WALKER STREET
62.75,82,Staten Island,WSE S ARDEN AVENUE - BLOOMINGDALE ROAD
57.16,160,Queens,Belt Pkwy E 182nd St - Laurelton Pkwy N @ SSP
40.38,227,Queens,Belt Pkwy E 182nd St - Laurelton Pkwy N @ SSP
39.76,58,Staten Island,SIE E VNB E FINGERBOARD ROAD - SI GANTRY UPPER LEVEL
19.26,259,Manhattan,LINCOLN TUNNEL W NORTH TUBE NY - NJ
0.0,0,Brooklyn,GOW N 92ND STREET - 7TH AVENUE
17.39,149,Manhattan,BKN Bridge Manhattan Side - FDR N Catherine Slip
18.64,229,Bronx,CBE E AMSTERDAM AVE(U/LVL) - MORRIS AVE
16.15,728,Queens,CIP N LIE ramp - TNB
50.95,108,Queens,Whitestone Expwy S Exit 14 (Linden Pl) - VWE S MP8.65 (Exit 13 Northern Blvd)
39.76,59,Manhattan,FDR N - TBB E 116TH STREET - MANHATTAN TRUSS
32.93,66,Queens,CIP N ramp to TNB - TNB Queens Anchorage
22.99,114,Manhattan,FDR S Catherine Slip - BKN Bridge Manhattan Side
17.39,243,Brooklyn,GOW N 92ND STREET - 7TH AVENUE
44.11,154,Manhattan,FDR S 63rd - 25th St
47.84,45,Brooklyn,VNB E-GOWANUS N BROOKLYN GANTRY LOWER LEVEL - 92ND STREET
65.86,49,Staten Island,WSE N VICTORY BLVD - SOUTH AVENUE
52.19,380,Manhattan,Westside Hwy N 57th St - GWB
62.13,131,Bronx,I-87 NYST S Exit 1 - MDE S Van Cortlandt Park
13.67,541,Queens,CIP S Hempstead Tpk - Laurelton Pkwy @ SSP
50.95,145,Manhattan,GWB E LOWER LEVEL PLAZA - CBE E LOWER LEVEL AMSTERDAM AVE
47.84,143,Manhattan,FDR S 63rd - 25th St
0.0,0,Manhattan,LINCOLN TUNNEL E CENTER TUBE NJ - NY
65.24,60,Staten Island,SIE W WOOLEY AVENUE - RICHMOND AVENUE
45.98,50,Staten Island,SIE E VNB E FINGERBOARD ROAD - SI GANTRY LOWER LEVEL
37.9,290,Queens,CIP N Hempstead Tpk - LIE
44.73,47,Brooklyn,VNB E-GOWANUS N BROOKLYN GANTRY UPPER LEVEL - 92ND STREET
43.49,156,Manhattan,FDR S 63rd - 25th St
56.54,138,Staten Island,WSE N ARDEN AVENUE - VICTORY BLVD
57.78,119,Queens,TNB N Queens Anchorage - Toll Plaza
0.0,0,Staten Island,MLK S - SIE W WALKER STREET - RICHMOND AVENUE
39.76,203,Queens,TBB N QUEENS ANCHORAGE - MANHATTAN LIFT SPAN
51.57,55,Staten Island,WSE S SOUTH AVENUE - VICTORY BOULEVARD
55.3,90,Staten Island,WSE N BLOOMUINGDALE ROAD - ARDEN AVENUE
55.92,133,Bronx,BE S Griswold - Castle Hill Avenue
56.54,79,Bronx,HRP N LAFAYETTE AVENUE - E TREMONT AVENUE
45.98,62,Staten Island,WSE S SOUTH AVENUE - VICTORY BOULEVARD
5.59,389,Manhattan,12th Ave S 57th St - 45th St
18.01,496,Queens,VWE N MP4.63 (Exit 6 - Jamaica Ave) - MP6.39 (Exit 11 Jewel Ave)
50.95,91,Bronx,BWB S Toll Plaza - Queens Anchorage
14.29,522,Bronx,BE S Griswold - Castle Hill Avenue
0.0,0,Staten Island,SIE W - MLK N WOOLEY AVENUE - WLAKER STREET
37.28,293,Queens,CVE NB LIE - WILLETS PT BLVD
27.34,302,Bronx,CBE E CASTLE HILL AVE - BE N WATERBURY AVE
0.0,0,Bronx,BRP S FORDHAM ROAD - WATSON AVENUE
50.33,42,Brooklyn,VNB E-GOWANUS N BROOKLYN GANTRY LOWER LEVEL - 92ND STREET
62.75,51,Staten Island,WSE N VICTORY BLVD - SOUTH AVENUE
35.41,181,Manhattan,BBT W Toll Plaza - Manhattan Portal
19.26,420,Queens,TBB N QUEENS ANCHORAGE - MANHATTAN LIFT SPAN
47.22,98,Queens,BWB N Queens Anchorage - Toll Plaza
56.54,132,Bronx,BE N Castle Hill Avenue - Griswold Ave
57.78,68,Staten Island,SIE E RICHMOND AVENUE - WOOLEY AVENUE
55.92,122,Queens,VWE S MP4.63 (Exit 6 Jamaica Ave) - MP2.66 (Exit 2 Roackaway Blvd)
28.58,185,Queens,QMT W Toll Plaza - Manhattan Side
24.23,418,Manhattan,FDR S 25th St - Catherine Slip
0.0,0,Brooklyn,GOW N 9TH STREET - ATLANTIC AVENUE
58.4,43,Bronx,CBE E TAYLOR AVENUE - CASTLE HILL AVENUE
46.6,177,Bronx,CBE E CASTLE HILL AVE - BE N WATERBURY AVE
42.25,109,Queens,BWB N Queens Anchorage - Toll Plaza
52.19,146,Staten Island,WSE S TYRELLAN AVENUE - 440 S FRANCIS STREET
38.52,167,Queens,BWB S Queens Anchorage - WSE S Exit 14 (Linden Pl)
0.0,0,Queens,VWE S MP4.63 (Exit 6 Jamaica Ave) - MP2.66 (Exit 2 Roackaway Blvd)
34.17,210,Brooklyn,BQE S 46TH STREET - LEONARD STREET
37.28,64,Manhattan,FDR N - TBB E 116TH STREET - MANHATTAN TRUSS
47.84,48,Staten Island,SIE E VNB E FINGERBOARD ROAD - SI GANTRY LOWER LEVEL
52.81,112,Staten Island,SIE W FINGERBOARD ROAD - CLOVE ROAD
54.68,125,Queens,TNB S Toll Plaza - Queens Anchorage
31.68,323,Manhattan,FDR S 25th St - Catherine Slip
38.52,142,Bronx,BRP N WATSON AVENUE - FORDHAM ROAD
0.0,0,Manhattan,BQE N Atlantic Ave - MAN Bridge Manhattan Side
49.7,151,Bronx,BE N Castle Hill Avenue - Griswold Ave
0.0,0,Queens,BE S TBB EXIT RAMP - QUEENS ANCHORAGE
0.0,0,Brooklyn,BQE S - GOW S ALTANTIC AVENUE - 9TH STREET
32.31,211,Manhattan,FDR N 25th - 63rd St
48.46,183,Queens,VWE N MP4.63 (Exit 6 - Jamaica Ave) - MP6.39 (Exit 11 Jewel Ave)
32.93,194,Manhattan,BBT W Toll Plaza - Manhattan Portal
56.54,136,Staten Island,WSE S TYRELLAN AVENUE - 440 S FRANCIS STREET
47.84,59,Staten Island,SIE W RICHMOND AVENUE - SOUTH AVENUE
49.7,180,Queens,VWE S MP6.39 (Exit 11 Jewel Ave) - MP4.63 (Exit 6 Jamaica Ave)
60.27,127,Staten Island,WSE S TYRELLAN AVENUE - 440 S FRANCIS STREET
47.22,135,Queens,BWB S Queens Anchorage - WSE S Exit 14 (Linden Pl)
36.66,293,Queens,VWE S MP2.66 (Exit 2 Rockaway Blvd) - Belt Pkwy E 182nd St
47.22,159,Staten Island,WSE N TYRELLAN AVENUE - BLOOMINGDALE ROAD
30.44,128,Queens,LIE WB LITTLE NECK PKWY - NB CIP
57.78,102,Staten Island,SIE W FINGERBOARD ROAD - CLOVE ROAD
0.0,0,Staten Island,ROUTE 169 S - MLK WALKER STREET
23.61,186,Bronx,MDE S HARLEM RIVER PARK - GWB W AMSTERDAM AVENUE LOWER LEVEL
14.91,198,Queens,BE S TBB EXIT RAMP - MANHATTAN LIFT SPAN
0.0,0,Brooklyn,GOW N 9TH STREET - ATLANTIC AVENUE
44.73,47,Brooklyn,VNB E-GOWANUS N BROOKLYN GANTRY LOWER LEVEL - 92ND STREET
47.84,107,Bronx,MDE N RFK Bridge - 142nd St
9.32,662,Manhattan,12th ave @ 45th - 11 ave ganservoort st
13.04,434,Manhattan,West St S Spring St - BBT Manhattan Portal outbound
28.58,252,Queens,BE S TBB EXIT RAMP - QUEENS ANCHORAGE
31.06,170,Queens,QMT W Toll Plaza - Manhattan Side
0.0,0,Manhattan,BBT W Toll Plaza - Manhattan Portal
47.84,44,Staten Island,VNB W-SIE W SI GANTRY LOWER LEVEL - FINGERBOARD ROAD
27.34,157,Bronx,CBE AMSTERDAM AVE (L/LVL) - MORRIS AVE
44.11,177,Staten Island,WSE S VICTORY BOULEVARD - ARDEN AVENUE
42.25,177,Bronx,BE S Griswold - Castle Hill Avenue
49.7,220,Queens,CVE NB LIE - WILLETS PT BLVD
1.86,928,Manhattan,12th Ave S 57th St - 45th St
43.49,280,Queens,Belt Pkwy W JFK Expressway - VWE N Jamaica Ave
50.33,109,Queens,Whitestone Expwy S Exit 14 (Linden Pl) - VWE S MP8.65 (Exit 13 Northern Blvd)
23.61,242,Manhattan,West St S Spring St - BBT Manhattan Portal outbound
0.0,0,Brooklyn,GOW N 9TH STREET - ATLANTIC AVENUE
11.8,781,Queens,Laurelton Pkwy S @ SSP - Belt Pkwy W 182nd St
57.16,288,Queens,CVE NB GCP - WILLETS PT BLVD
0.0,0,Brooklyn,GOW S 9TH STREET - 7TH AVENUE
0.0,0,Bronx,BRP S FORDHAM ROAD - WATSON AVENUE
36.03,105,Queens,Belt Pkwy W 182nd St - JFK Expressway
59.03,54,Staten Island,WSE N VICTORY BLVD - SOUTH AVENUE
0.0,0,Brooklyn,GOW S 9TH STREET - 7TH AVENUE
43.49,53,Staten Island,SIE E VNB E FINGERBOARD ROAD - SI GANTRY LOWER LEVEL
12.42,251,Manhattan,12th Ave N 40th - 57th St
0.0,0,Staten Island,MLK S - SIE W WALKER STREET - RICHMOND AVENUE
22.36,347,Queens,Laurelton Pkwy N @ SSP - CIP N Hempstead Tpk
28.58,411,Queens,CIP N LIE ramp - TNB
47.84,60,Staten Island,SIE W RICHMOND AVENUE - SOUTH AVENUE
10.56,472,Bronx,MDE N RFK Bridge - 142nd St
0.0,0,Manhattan,BQE N Atlantic Ave - MAN Bridge Manhattan Side
54.68,72,Staten Island,SIE E RICHMOND AVENUE - WOOLEY AVENUE
15.53,454,Brooklyn,BQE S 46TH STREET - LEONARD STREET
34.17,160,Bronx,BRP N WATSON AVENUE - FORDHAM ROAD
50.95,49,Bronx,BWB N Toll Plaza - HRP N Lafayatte Ave
18.64,285,Queens,QMT W Toll Plaza - Manhattan Side
49.08,94,Bronx,BWB S Toll Plaza - Queens Anchorage
46.6,162,Queens,TBB S MANHATTAN LIFT SPAN - QUEENS ANCHORAGE
0.0,0,Staten Island,SIE E-MLK N RICHMOND AVENUE - WALKER STREET
17.39,149,Manhattan,FDR S Catherine Slip - BKN Bridge Manhattan Side
12.42,443,Manhattan,LINCOLN TUNNEL W CENTER TUBE NY - NJ
58.4,157,Queens,Laurelton Pkwy S @ SSP - Belt Pkwy W 182nd St
51.57,49,Bronx,CBE E TAYLOR AVENUE - CASTLE HILL AVENUE
48.46,133,Queens,Whitestone Expwy N Exit 14 (Linden Pl) - BWB N Queens Anchorage
3.72,1056,Bronx,CBE W MORRIS AVE - GWB W AMSTERDAM AVE (U/LVL)
21.74,378,Bronx,CBE W U/LEV AMSTERDAM AVE - I95 S EXP LNS
9.32,1280,Queens,Belt Pkwy W JFK Expressway - VWE N Jamaica Ave
51.57,96,Queens,LIE E 84TH ST - 108TH ST
14.29,532,Queens,Laurelton Pkwy N @ SSP - CIP N Hempstead Tpk
44.11,105,Bronx,BE N STRATFORD AVENUE - CASTLE HILL AVE
0.0,0,Manhattan,BQE N Atlantic Ave - MAN Bridge Manhattan Side
51.57,83,Brooklyn,GOW S 7TH AVENUE - 92ND STREET
33.55,164,Manhattan,LINCOLN TUNNEL W CENTER TUBE NY - NJ
49.7,89,Bronx,HRP N LAFAYETTE AVENUE - E TREMONT AVENUE
49.08,87,Bronx,CBE W MORRIS AVE - GWB W AMSTERDAM AVE (U/LVL)
0.0,0,Staten Island,MLK S - SIE E WALKER STREET - WOOLEY AVENUE
54.05,92,Staten Island,WSE N BLOOMUINGDALE ROAD - ARDEN AVENUE
35.41,155,Manhattan,LINCOLN TUNNEL W CENTER TUBE NY - NJ
51.57,107,Staten Island,SIE E CLOVE ROAD - FINGERBOARD ROAD
39.76,108,Bronx,CBE W MORRIS AVE - GWB W AMSTERDAM AVE (L/LVL)
55.3,151,Bronx,CBE E CASTLE HILL AVE - BE N WATERBURY AVE
27.34,195,Queens,VWE N MP6.39 (Exit 11 Jewel Ave) - MP8.65 (Exit 13 Northern Blvd)
22.36,198,Bronx,BE S CASTLE HILL AVENUE - STRATFORD AVENUE
41.63,129,Queens,VWE N MP8.64 (Exit 13 Northern Blvd) - Whitestone Expwy Exit 14 (Linden Pl)
40.38,200,Queens,TBB N QUEENS ANCHORAGE - MANHATTAN LIFT SPAN
50.95,146,Bronx,BE N Castle Hill Avenue - Griswold Ave
30.44,85,Manhattan,BKN Bridge Manhattan Side - FDR N Catherine Slip
43.49,49,Brooklyn,GOW S VNB W 92ND STREET - BKLYN GANTRY UPPER LEVEL
15.53,453,Queens,TBB N QUEENS ANCHORAGE - BE N
21.74,552,Queens,Belt Pkwy W JFK Expressway - VWE N Jamaica Ave
52.81,81,Brooklyn,GOW S 7TH AVENUE - 92ND STREET
25.47,276,Brooklyn,BQE N LEONARD STREET - 46TH STREET
41.01,125,Bronx,MDE N RFK Bridge - 142nd St
0.0,0,Staten Island,MLK S - SIE E WALKER STREET - WOOLEY AVENUE
52.19,89,Brooklyn,VNB E SI GANTRY UPPER LEVEL - BROOKLYN GANTRY UPPER LEVEL
0.0,0,Staten Island,MLK S - SIE W WALKER STREET - RICHMOND AVENUE
47.84,89,Bronx,CBE W MORRIS AVE - GWB W AMSTERDAM AVE (U/LVL)
9.94,543,Manhattan,LINCOLN TUNNEL E SOUTH TUBE - NJ - NY
0.0,0,Brooklyn,GOW N 7TH AVENUE - 9TH STREET
39.76,140,Manhattan,LINCOLN TUNNEL E CENTER TUBE NJ - NY
47.22,177,Bronx,CBE W U/LEV AMSTERDAM AVE - I95 S EXP LNS
49.7,194,Queens,LIE WB LITTLE NECK PKWY - NB CVE
45.36,55,Bronx,HRP S Lafayette Ave - BWB S Toll Plaza
4.97,479,Bronx,HRP S Lafayette Ave - BWB S Toll Plaza
53.43,120,Queens,BWB S Queens Anchorage - WSE S Exit 14 (Linden Pl)
40.38,123,Queens,LIE W 108TH ST - 84TH ST
7.45,524,Brooklyn,BQE S - GOW S ALTANTIC AVENUE - 9TH STREET
13.04,452,Staten Island,SIE W FINGERBOARD ROAD - CLOVE ROAD
47.84,29,Staten Island,SIE W BRADLEY AVENUE - WOOLEY AVENUE
20.5,270,Manhattan,LINCOLN TUNNEL E SOUTH TUBE - NJ - NY
42.25,51,Queens,CIP N ramp to TNB - TNB Queens Anchorage
13.67,322,Bronx,MDE S HARLEM RIVER PARK - GWB W AMSTERDAM AVENUE LOWER LEVEL
56.54,66,Queens,Belt Pkwy W 182nd St - JFK Expressway
37.28,136,Bronx,MDE N RFK Bridge - 142nd St
13.04,539,Queens,TBB N QUEENS ANCHORAGE - BE N
16.77,403,Manhattan,FDR N 25th - 63rd St
59.03,139,Bronx,I-87 NYST S Exit 1 - MDE S Van Cortlandt Park
22.36,239,Manhattan,QMT E Manhattan Side - Toll Plaza
23.61,208,Manhattan,LINCOLN TUNNEL W NORTH TUBE NY - NJ
50.33,178,Queens,VWE N MP4.63 (Exit 6 - Jamaica Ave) - MP6.39 (Exit 11 Jewel Ave)
57.16,289,Queens,CVE NB GCP - WILLETS PT BLVD
63.37,82,Staten Island,WSE S ARDEN AVENUE - BLOOMINGDALE ROAD
42.25,102,Bronx,CBE AMSTERDAM AVE (L/LVL) - MORRIS AVE
14.29,344,Manhattan,LINCOLN TUNNEL W NORTH TUBE NY - NJ
59.65,42,Bronx,CBE E TAYLOR AVENUE - CASTLE HILL AVENUE
54.68,200,Queens,CIP S LIE - Hempstead Tpk
53.43,148,Staten Island,WSE N ARDEN AVENUE - VICTORY BLVD
44.11,170,Queens,TBB S MANHATTAN LIFT SPAN - QUEENS ANCHORAGE
50.33,156,Staten Island,WSE S VICTORY BOULEVARD - ARDEN AVENUE
52.19,137,Brooklyn,BQE S 46TH STREET - LEONARD STREET
22.36,136,Queens,BE S TBB EXIT RAMP - MANHATTAN LIFT SPAN
27.96,268,Bronx,BE S Griswold - Castle Hill Avenue
34.79,125,Bronx,MDE S HARLEM RIVER PARK - GWB W AMSTERDAM AVENUE UPPER LEVEL
51.57,133,Queens,TNB N Queens Anchorage - Toll Plaza
45.98,162,Staten Island,WSE N TYRELLAN AVENUE - BLOOMINGDALE ROAD
13.67,461,Manhattan,12th ave @ 45th - 11 ave ganservoort st
21.12,156,Manhattan,11th ave s ganservoort - west st @ spring st
0.0,0,Manhattan,GWB E LOWER LEVEL PLAZA - CBE E LOWER LEVEL AMSTERDAM AVE
34.17,134,Brooklyn,VNB E SI GANTRY LOWER LEVEL - BROOLKYN GANTRY LOWER LEVEL
58.4,46,Queens,TNB S Qns Anchorage - CIP S @ TNB
10.56,400,Bronx,CBE W MORRIS AVE - GWB W AMSTERDAM AVE (L/LVL)
16.77,83,Staten Island,SIE W BRADLEY AVENUE - WOOLEY AVENUE
20.5,353,Manhattan,GWB E LOWER LEVEL PLAZA - CBE E LOWER LEVEL AMSTERDAM AVE
12.42,444,Manhattan,West St S Spring St - BBT Manhattan Portal outbound
16.15,189,Queens,BE S TBB EXIT RAMP - MANHATTAN LIFT SPAN
19.88,153,Queens,BE S TBB EXIT RAMP - MANHATTAN LIFT SPAN
54.68,69,Queens,Belt Pkwy W 182nd St - JFK Expressway
56.54,45,Bronx,CBE W CASTLE HILL AVENUE - TAYLOR AVENUE
45.36,122,Staten Island,SIE E CLOVE ROAD - FINGERBOARD ROAD
54.05,145,Staten Island,WSE S VICTORY BOULEVARD - ARDEN AVENUE
29.82,73,Queens,CIP N ramp to TNB - TNB Queens Anchorage
55.3,139,Staten Island,WSE S TYRELLAN AVENUE - 440 S FRANCIS STREET
35.41,557,Manhattan,Westside Hwy S GWB - 57th St
59.03,133,Staten Island,WSE S VICTORY BOULEVARD - ARDEN AVENUE
55.3,358,Manhattan,Westside Hwy S GWB - 57th St
49.7,94,Brooklyn,VNB E SI GANTRY UPPER LEVEL - BROOKLYN GANTRY UPPER LEVEL
52.81,94,Queens,LIE W 108TH ST - 84TH ST
54.05,109,Staten Island,SIE W FINGERBOARD ROAD - CLOVE ROAD
63.37,128,Bronx,I-87 NYST S Exit 1 - MDE S Van Cortlandt Park
39.14,99,Staten Island,SIE W WOOLEY AVENUE - RICHMOND AVENUE
55.3,106,Staten Island,SIE W FINGERBOARD ROAD - CLOVE ROAD
47.84,81,Queens,LIE WB LITTLE NECK PKWY - NB CIP
18.64,139,Manhattan,BKN Bridge Manhattan Side - FDR N Catherine Slip
50.95,108,Staten Island,SIE E CLOVE ROAD - FINGERBOARD ROAD
35.41,181,Manhattan,BBT E Manhattan Portal - Toll Plaza
19.88,367,Manhattan,GWB E LOWER LEVEL PLAZA - CBE E LOWER LEVEL AMSTERDAM AVE
56.54,47,Queens,TNB S Qns Anchorage - CIP S @ TNB
49.08,51,Bronx,HRP S Lafayette Ave - BWB S Toll Plaza
63.37,82,Staten Island,WSE S ARDEN AVENUE - BLOOMINGDALE ROAD
35.41,308,Queens,CVE NB LIE - WILLETS PT BLVD
56.54,88,Staten Island,WSE N BLOOMUINGDALE ROAD - ARDEN AVENUE
50.33,56,Staten Island,SIE W RICHMOND AVENUE - SOUTH AVENUE
56.54,50,Staten Island,SIE W RICHMOND AVENUE - SOUTH AVENUE
15.53,462,Queens,TBB N QUEENS ANCHORAGE - BE N
0.0,0,Staten Island,ROUTE 169 S - MLK WALKER STREET
16.77,317,Manhattan,11th ave n ganservoort - 12th ave @ 40th st
0.0,0,Brooklyn,BQE S - GOW S ALTANTIC AVENUE - 9TH STREET
50.33,85,Brooklyn,GOW S 7TH AVENUE - 92ND STREET
52.19,132,Queens,TNB S Toll Plaza - Queens Anchorage
55.3,116,Queens,BWB S Queens Anchorage - WSE S Exit 14 (Linden Pl)
46.6,248,Queens,CIP N TNB - Whitestone Expwy S Exit 14 (Linden Pl)
41.63,111,Brooklyn,VNB W BROOKLYN GANTRY LOWER LEVEL - SI GANTRY LOWER LEVEL
18.01,145,Queens,TNB S Qns Anchorage - CIP S @ TNB
54.68,82,Bronx,BE S CASTLE HILL AVENUE - STRATFORD AVENUE
15.53,273,Bronx,MDE S HARLEM RIVER PARK - GWB W AMSTERDAM AVENUE UPPER LEVEL
0.0,0,Bronx,BRP S FORDHAM ROAD - WATSON AVENUE
45.36,203,Queens,Laurelton Pkwy S @ SSP - Belt Pkwy W 182nd St
16.15,164,Staten Island,SIE E SOUTH AVENUE - RICHMOND AVENUE
50.33,164,Bronx,CBE E CASTLE HILL AVE - BE N WATERBURY AVE
27.96,590,Queens,CVE NB GCP - WILLETS PT BLVD
50.33,149,Staten Island,WSE N TYRELLAN AVENUE - BLOOMINGDALE ROAD
54.05,139,Staten Island,WSE N TYRELLAN AVENUE - BLOOMINGDALE ROAD
57.16,120,Queens,TNB S Toll Plaza - Queens Anchorage
58.4,118,Queens,TNB S Toll Plaza - Queens Anchorage
0.0,0,Brooklyn,GOW S 9TH STREET - 7TH AVENUE
59.03,43,Bronx,CBE W CASTLE HILL AVENUE - TAYLOR AVENUE
50.33,156,Staten Island,WSE S VICTORY BOULEVARD - ARDEN AVENUE
21.12,220,Brooklyn,VNB W BROOKLYN GANTRY UPPER LEVEL - SI GANTRY UPPER LEVEL
49.08,151,Manhattan,GWB E LOWER LEVEL PLAZA - CBE E LOWER LEVEL AMSTERDAM AVE
26.09,367,Queens,LIE WB LITTLE NECK PKWY - NB CVE
44.73,84,Queens,Belt Pkwy W 182nd St - JFK Expressway
10.56,687,Manhattan,GWB E LOWER LEVEL PLAZA - CBE E LOWER LEVEL AMSTERDAM AVE
22.36,116,Manhattan,FDR S Catherine Slip - BKN Bridge Manhattan Side
45.98,234,Queens,VWE S MP2.66 (Exit 2 Rockaway Blvd) - Belt Pkwy E 182nd St
45.98,54,Bronx,BWB N Toll Plaza - HRP N Lafayatte Ave
0.0,0,Staten Island,ROUTE 169 S - MLK WALKER STREET
0.0,0,Manhattan,BQE N Atlantic Ave - MAN Bridge Manhattan Side
54.05,108,Staten Island,SIE W FINGERBOARD ROAD - CLOVE ROAD
31.68,323,Manhattan,FDR N Catherine Slip - 25th St
54.68,82,Bronx,BE S CASTLE HILL AVENUE - STRATFORD AVENUE
49.08,94,Brooklyn,VNB E SI GANTRY LOWER LEVEL - BROOLKYN GANTRY LOWER LEVEL
44.73,59,Manhattan,FDR S Catherine Slip - BKN Bridge Manhattan Side
46.6,95,Bronx,BE S CASTLE HILL AVENUE - STRATFORD AVENUE
11.8,581,Manhattan,FDR N 25th - 63rd St
0.0,0,Manhattan,11th ave s ganservoort - west st @ spring st
31.06,68,Brooklyn,VNB E-GOWANUS N BROOKLYN GANTRY LOWER LEVEL - 92ND STREET
26.71,92,Bronx,HRP S Lafayette Ave - BWB S Toll Plaza
32.93,130,Bronx,CBE W MORRIS AVE - GWB W AMSTERDAM AVE (L/LVL)
57.16,287,Queens,CVE NB GCP - WILLETS PT BLVD
16.77,263,Bronx,MDE S HARLEM RIVER PARK - GWB W AMSTERDAM AVENUE LOWER LEVEL
48.46,184,Queens,VWE N MP4.63 (Exit 6 - Jamaica Ave) - MP6.39 (Exit 11 Jewel Ave)
51.57,83,Brooklyn,GOW S 7TH AVENUE - 92ND STREET
28.58,272,Queens,Laurelton Pkwy N @ SSP - CIP N Hempstead Tpk
50.33,106,Queens,VWE N MP8.64 (Exit 13 Northern Blvd) - Whitestone Expwy Exit 14 (Linden Pl)
15.53,168,Queens,TNB S Qns Anchorage - CIP S @ TNB
50.33,109,Queens,Whitestone Expwy S Exit 14 (Linden Pl) - VWE S MP8.65 (Exit 13 Northern Blvd)
53.43,80,Bronx,CBE E AMSTERDAM AVE(U/LVL) - MORRIS AVE
29.82,184,Bronx,BRP N WATSON AVENUE - FORDHAM ROAD
50.33,43,Queens,CIP N ramp to TNB - TNB Queens Anchorage
21.74,110,Manhattan,TBB W - FDR S MANHATTAN TRUSS - E116TH STREET
50.95,91,Bronx,BWB S Toll Plaza - Queens Anchorage
59.65,126,Staten Island,WSE N TYRELLAN AVENUE - BLOOMINGDALE ROAD
34.17,229,Queens,Laurelton Pkwy N @ SSP - CIP N Hempstead Tpk
47.22,53,Bronx,BWB N Toll Plaza - HRP N Lafayatte Ave
8.07,384,Manhattan,11th ave s ganservoort - west st @ spring st
0.0,0,Manhattan,BQE N Atlantic Ave - BKN Bridge Manhattan Side
44.11,104,Queens,BWB N Queens Anchorage - Toll Plaza
41.01,181,Queens,TBB S MANHATTAN LIFT SPAN - QUEENS ANCHORAGE
55.92,105,Staten Island,SIE W FINGERBOARD ROAD - CLOVE ROAD
54.68,137,Staten Island,WSE N TYRELLAN AVENUE - BLOOMINGDALE ROAD
49.7,149,Bronx,BE N Castle Hill Avenue - Griswold Ave
62.75,62,Staten Island,SIE W WOOLEY AVENUE - RICHMOND AVENUE
0.0,0,Queens,BE S TBB EXIT RAMP - QUEENS ANCHORAGE
54.68,114,Staten Island,WSE S BLLOMINGDALE ROAD - TYRELLAN AVENUE
16.77,148,Bronx,CBE W CASTLE HILL AVENUE - TAYLOR AVENUE
0.0,0,Staten Island,MLK S - SIE E WALKER STREET - WOOLEY AVENUE
47.22,91,Brooklyn,GOW N 92ND STREET - 7TH AVENUE
53.43,103,Queens,Whitestone Expwy S Exit 14 (Linden Pl) - VWE S MP8.65 (Exit 13 Northern Blvd)
6.21,1651,Queens,CIP N Hempstead Tpk - LIE
48.46,141,Manhattan,FDR S 63rd - 25th St
36.66,126,Bronx,BWB S Toll Plaza - Queens Anchorage
0.0,0,Staten Island,SIE W - MLK N WOOLEY AVENUE - WLAKER STREET
61.51,84,Staten Island,WSE S ARDEN AVENUE - BLOOMINGDALE ROAD
54.68,101,Queens,Whitestone Expwy S Exit 14 (Linden Pl) - VWE S MP8.65 (Exit 13 Northern Blvd)
43.49,172,Queens,TBB S MANHATTAN LIFT SPAN - QUEENS ANCHORAGE
47.22,114,Queens,VWE N MP6.39 (Exit 11 Jewel Ave) - MP8.65 (Exit 13 Northern Blvd)
43.49,106,Brooklyn,VNB E SI GANTRY UPPER LEVEL - BROOKLYN GANTRY UPPER LEVEL
34.17,146,Manhattan,LINCOLN TUNNEL W NORTH TUBE NY - NJ
4.97,1535,Queens,CIP S Hempstead Tpk - Laurelton Pkwy @ SSP
6.21,1709,Queens,CIP N TNB - Whitestone Expwy S Exit 14 (Linden Pl)
0.0,0,Staten Island,MLK N WALKER STREET - NJ ROUTE 169
3.72,1954,Bronx,CBE W L/LE V AMSTERDAM AVE - I 95 S LOC LNS
41.63,51,Brooklyn,VNB E-GOWANUS N BROOKLYN GANTRY UPPER LEVEL - 92ND STREET
47.84,142,Queens,TNB S Toll Plaza - Queens Anchorage
43.49,99,Bronx,CBE AMSTERDAM AVE (L/LVL) - MORRIS AVE
0.0,0,Staten Island,MLK S - SIE E WALKER STREET - WOOLEY AVENUE
0.0,0,Staten Island,ROUTE 169 S - MLK WALKER STREET
6.83,612,Bronx,CBE W MORRIS AVE - GWB W AMSTERDAM AVE (U/LVL)
48.46,149,Queens,MDE S TBB EXIT RAMP - QUEENS ANCHORAGE
54.05,46,Bronx,BWB N Toll Plaza - HRP N Lafayatte Ave
0.0,0,Manhattan,LINCOLN TUNNEL E CENTER TUBE NJ - NY
57.78,67,Staten Island,SIE E RICHMOND AVENUE - WOOLEY AVENUE
32.31,50,Staten Island,SIE E WOOLEY AVENUE - BRADLEY AVENUE
43.49,186,Queens,TBB N QUEENS ANCHORAGE - MANHATTAN LIFT SPAN
49.08,80,Staten Island,SIE E RICHMOND AVENUE - WOOLEY AVENUE
0.0,0,Brooklyn,GOW S 9TH STREET - 7TH AVENUE
35.41,155,Bronx,BRP N WATSON AVENUE - FORDHAM ROAD
14.29,447,Queens,Whitestone Expwy N Exit 14 (Linden Pl) - BWB N Queens Anchorage
29.82,79,Manhattan,FDR N - TBB E 116TH STREET - MANHATTAN TRUSS
49.7,155,Staten Island,440 N FRANCIS STREET - WSE N TYRELLAN AVE
55.3,71,Staten Island,SIE W WOOLEY AVENUE - RICHMOND AVENUE
50.33,124,Staten Island,WSE S BLLOMINGDALE ROAD - TYRELLAN AVENUE
49.7,32,Staten Island,SIE E WOOLEY AVENUE - BRADLEY AVENUE
21.12,304,Manhattan,BBT E Manhattan Portal - Toll Plaza
45.98,120,Queens,Whitestone Expwy S Exit 14 (Linden Pl) - VWE S MP8.65 (Exit 13 Northern Blvd)
18.64,420,Queens,Laurelton Pkwy N @ SSP - CIP N Hempstead Tpk
47.22,45,Brooklyn,VNB E-GOWANUS N BROOKLYN GANTRY LOWER LEVEL - 92ND STREET
68.97,75,Staten Island,WSE S ARDEN AVENUE - BLOOMINGDALE ROAD
19.88,513,Manhattan,FDR N Catherine Slip - 25th St
47.22,165,Queens,Laurelton Pkwy N @ SSP - CIP N Hempstead Tpk
44.73,265,Queens,CIP N LIE ramp - TNB
46.6,80,Queens,Belt Pkwy W 182nd St - JFK Expressway
43.49,173,Queens,TBB S MANHATTAN LIFT SPAN - QUEENS ANCHORAGE
54.05,127,Queens,TNB N Queens Anchorage - Toll Plaza
0.0,0,Brooklyn,GOW N 9TH STREET - ATLANTIC AVENUE
13.04,180,Manhattan,TBB W - FDR S MANHATTAN TRUSS - E116TH STREET
64.62,50,Staten Island,WSE N VICTORY BLVD - SOUTH AVENUE
13.67,231,Manhattan,12th Ave N 40th - 57th St
56.54,205,Queens,CIP N TNB - Whitestone Expwy S Exit 14 (Linden Pl)
0.0,0,Brooklyn,GOW N 7TH AVENUE - 9TH STREET
9.32,604,Manhattan,West St S Spring St - BBT Manhattan Portal outbound
52.81,50,Staten Island,SIE E SOUTH AVENUE - RICHMOND AVENUE
53.43,139,Bronx,BE N Castle Hill Avenue - Griswold Ave
37.28,255,Queens,LIE WB LITTLE NECK PKWY - NB CVE
0.0,0,Brooklyn,BQE S - GOW S ALTANTIC AVENUE - 9TH STREET
34.17,178,Staten Island,WSE N-SIE E SOUTH AVENUE - SOUTH AVENUE
54.68,117,Queens,BWB S Queens Anchorage - WSE S Exit 14 (Linden Pl)
55.3,173,Queens,LIE WB LITTLE NECK PKWY - NB CVE
60.89,129,Staten Island,WSE N ARDEN AVENUE - VICTORY BLVD
42.25,127,Queens,QMT W Toll Plaza - Manhattan Side
44.73,96,Bronx,CBE AMSTERDAM AVE (L/LVL) - MORRIS AVE
40.38,52,Brooklyn,GOW S VNB W 92ND STREET - BKLYN GANTRY LOWER LEVEL
16.77,711,Queens,Belt Pkwy W JFK Expressway - VWE N Jamaica Ave
0.0,0,Brooklyn,BQE S 46TH STREET - LEONARD STREET
1.86,3374,Bronx,CBE W L/LE V AMSTERDAM AVE - I 95 S LOC LNS
9.32,281,Manhattan,FDR S Catherine Slip - BKN Bridge Manhattan Side
39.76,139,Manhattan,LINCOLN TUNNEL W CENTER TUBE NY - NJ
46.6,99,Bronx,BE N STRATFORD AVENUE - CASTLE HILL AVE
44.11,48,Brooklyn,VNB E-GOWANUS N BROOKLYN GANTRY LOWER LEVEL - 92ND STREET
51.57,114,Staten Island,SIE W FINGERBOARD ROAD - CLOVE ROAD
39.14,56,Queens,CIP N ramp to TNB - TNB Queens Anchorage
0.0,0,Brooklyn,GOW S 9TH STREET - 7TH AVENUE
0.0,0,Bronx,BRP S FORDHAM ROAD - WATSON AVENUE
46.6,147,Queens,TNB N Queens Anchorage - Toll Plaza
31.06,148,Bronx,BWB S Toll Plaza - Queens Anchorage
47.22,113,Queens,VWE N MP6.39 (Exit 11 Jewel Ave) - MP8.65 (Exit 13 Northern Blvd)
0.0,0,Staten Island,MLK N WALKER STREET - NJ ROUTE 169
56.54,121,Queens,TNB S Toll Plaza - Queens Anchorage
51.57,104,Queens,VWE N MP6.39 (Exit 11 Jewel Ave) - MP8.65 (Exit 13 Northern Blvd)
0.0,0,Bronx,I-87 NYST S Exit 1 - MDE S Van Cortlandt Park
53.43,100,Queens,VWE N MP6.39 (Exit 11 Jewel Ave) - MP8.65 (Exit 13 Northern Blvd)
0.0,0,Staten Island,SIE W - MLK N WOOLEY AVENUE - WLAKER STREET
55.3,80,Bronx,HRP N LAFAYETTE AVENUE - E TREMONT AVENUE
54.68,46,Bronx,CBE E TAYLOR AVENUE - CASTLE HILL AVENUE
0.0,0,Manhattan,BQE N Atlantic Ave - MAN Bridge Manhattan Side
21.12,254,Manhattan,11th ave n ganservoort - 12th ave @ 40th st
37.28,289,Queens,VWE S MP2.66 (Exit 2 Rockaway Blvd) - Belt Pkwy E 182nd St
0.0,0,Manhattan,BQE N Atlantic Ave - BKN Bridge Manhattan Side
0.0,0,Brooklyn,BQE S - GOW S ALTANTIC AVENUE - 9TH STREET
49.08,196,Queens,LIE WB LITTLE NECK PKWY - NB CVE
39.76,257,Manhattan,FDR N Catherine Slip - 25th St
42.25,281,Queens,CIP N LIE ramp - TNB
0.0,0,Brooklyn,GOW S 9TH STREET - 7TH AVENUE
47.22,215,Manhattan,FDR S 25th St - Catherine Slip
55.92,134,Staten Island,WSE N TYRELLAN AVENUE - BLOOMINGDALE ROAD
31.68,203,Manhattan,BBT W Toll Plaza - Manhattan Portal
22.36,237,Queens,QMT W Toll Plaza - Manhattan Side
0.0,0,Manhattan,LINCOLN TUNNEL W CENTER TUBE NY - NJ
27.34,120,Manhattan,11th ave s ganservoort - west st @ spring st
42.25,118,Manhattan,LINCOLN TUNNEL W NORTH TUBE NY - NJ
5.59,706,Bronx,CBE W MORRIS AVE - GWB W AMSTERDAM AVE (U/LVL)
51.57,177,Queens,Belt Pkwy E 182nd St - Laurelton Pkwy N @ SSP
2.48,3086,Bronx,CBE W L/LE V AMSTERDAM AVE - I 95 S LOC LNS
31.68,136,Bronx,CBE W MORRIS AVE - GWB W AMSTERDAM AVE (L/LVL)
47.22,53,Bronx,HRP S Lafayette Ave - BWB S Toll Plaza
47.22,45,Brooklyn,GOW S VNB W 92ND STREET - BKLYN GANTRY LOWER LEVEL
48.46,155,Bronx,BE N Castle Hill Avenue - Griswold Ave
42.87,125,Queens,VWE N MP6.39 (Exit 11 Jewel Ave) - MP8.65 (Exit 13 Northern Blvd)
36.03,249,Queens,VWE N MP4.63 (Exit 6 - Jamaica Ave) - MP6.39 (Exit 11 Jewel Ave)
34.79,153,Queens,QMT W Toll Plaza - Manhattan Side
32.31,364,Queens,CIP N LIE ramp - TNB
45.98,156,Queens,MDE S TBB EXIT RAMP - QUEENS ANCHORAGE
52.19,148,Staten Island,WSE S TYRELLAN AVENUE - 440 S FRANCIS STREET
0.0,0,Manhattan,BQE N Atlantic Ave - MAN Bridge Manhattan Side
41.63,189,Staten Island,WSE S VICTORY BOULEVARD - ARDEN AVENUE
49.08,195,Queens,LIE WB LITTLE NECK PKWY - NB CVE
19.26,405,Queens,Laurelton Pkwy N @ SSP - CIP N Hempstead Tpk
0.0,0,Manhattan,BQE N Atlantic Ave - BKN Bridge Manhattan Side
0.0,0,Staten Island,SIE W - MLK N WOOLEY AVENUE - WLAKER STREET
49.08,220,Queens,VWE S MP2.66 (Exit 2 Rockaway Blvd) - Belt Pkwy E 182nd St
13.67,784,Queens,CIP N Hempstead Tpk - LIE
37.9,113,Bronx,CBE E AMSTERDAM AVE(U/LVL) - MORRIS AVE
44.11,105,Brooklyn,VNB E SI GANTRY LOWER LEVEL - BROOLKYN GANTRY LOWER LEVEL
8.07,403,Manhattan,11th ave s ganservoort - west st @ spring st
8.69,631,Manhattan,West St S Spring St - BBT Manhattan Portal outbound
52.81,118,Staten Island,WSE S BLLOMINGDALE ROAD - TYRELLAN AVENUE
14.91,323,Queens,LIE W 108TH ST - 84TH ST
41.63,102,Bronx,CBE AMSTERDAM AVE (L/LVL) - MORRIS AVE
11.18,518,Staten Island,SIE W FINGERBOARD ROAD - CLOVE ROAD
0.0,0,Staten Island,SIE W - MLK N WOOLEY AVENUE - WLAKER STREET
0.0,0,Manhattan,LINCOLN TUNNEL E CENTER TUBE NJ - NY
0.0,0,Manhattan,BQE N Atlantic Ave - MAN Bridge Manhattan Side
54.05,203,Queens,CIP S LIE - Hempstead Tpk
0.0,0,Brooklyn,BQE S - GOW S ALTANTIC AVENUE - 9TH STREET
32.93,152,Manhattan,LINCOLN TUNNEL W NORTH TUBE NY - NJ
36.03,177,Queens,Whitestone Expwy N Exit 14 (Linden Pl) - BWB N Queens Anchorage
14.29,526,Queens,CIP S Hempstead Tpk - Laurelton Pkwy @ SSP
48.46,141,Queens,TNB N Queens Anchorage - Toll Plaza
57.16,106,Staten Island,WSE N-SIE E SOUTH AVENUE - SOUTH AVENUE
40.38,52,Staten island,VNB W-SIE W SI GANTRY UPPER LEVEL - FINGERBOARD ROAD
56.54,50,Staten Island,WSE S SOUTH AVENUE - VICTORY BOULEVARD
11.18,122,Staten Island,SIE W BRADLEY AVENUE - WOOLEY AVENUE
39.14,141,Manhattan,LINCOLN TUNNEL W CENTER TUBE NY - NJ
52.19,147,Staten Island,WSE S TYRELLAN AVENUE - 440 S FRANCIS STREET
58.4,89,Staten Island,WSE S ARDEN AVENUE - BLOOMINGDALE ROAD
18.01,588,Queens,VWE S MP2.66 (Exit 2 Rockaway Blvd) - Belt Pkwy E 182nd St
0.0,0,Brooklyn,GOW N 7TH AVENUE - 9TH STREET
39.14,137,Queens,VWE S MP8.65 (Exit 13 Northern Blvd) - MP6.39 (Exit 11 Jewel Ave)
45.98,46,Brooklyn,GOW S VNB W 92ND STREET - BKLYN GANTRY UPPER LEVEL
23.61,428,Manhattan,FDR N Catherine Slip - 25th St
40.38,284,Queens,CIP N TNB - Whitestone Expwy S Exit 14 (Linden Pl)
56.54,291,Queens,CVE NB GCP - WILLETS PT BLVD
8.07,266,Manhattan,12th Ave S 57th St - 45th St
41.01,52,Brooklyn,VNB E-GOWANUS N BROOKLYN GANTRY UPPER LEVEL - 92ND STREET
0.0,0,Staten Island,MLK N WALKER STREET - NJ ROUTE 169
56.54,121,Queens,TNB S Toll Plaza - Queens Anchorage
0.0,0,Bronx,CBE W L/LE V AMSTERDAM AVE - I 95 S LOC LNS
19.26,138,Staten Island,SIE E SOUTH AVENUE - RICHMOND AVENUE
17.39,419,Queens,TBB N QUEENS ANCHORAGE - BE N
61.51,52,Staten Island,WSE N VICTORY BLVD - SOUTH AVENUE
37.28,222,Bronx,CBE E CASTLE HILL AVE - BE N WATERBURY AVE
52.81,206,Queens,VWE S MP2.66 (Exit 2 Rockaway Blvd) - Belt Pkwy E 182nd St
52.19,27,Staten Island,SIE W BRADLEY AVENUE - WOOLEY AVENUE
25.47,294,Queens,CIP S Hempstead Tpk - Laurelton Pkwy @ SSP
31.68,260,Bronx,CBE E CASTLE HILL AVE - BE N WATERBURY AVE
17.39,143,Bronx,CBE W CASTLE HILL AVENUE - TAYLOR AVENUE
42.25,467,Manhattan,Westside Hwy N 57th St - GWB
48.46,44,Brooklyn,GOW S VNB W 92ND STREET - BKLYN GANTRY LOWER LEVEL
4.34,906,Bronx,MDE S HARLEM RIVER PARK - GWB W AMSTERDAM AVENUE LOWER LEVEL
34.79,174,Staten Island,WSE N-SIE E SOUTH AVENUE - SOUTH AVENUE
44.11,447,Manhattan,Westside Hwy N 57th St - GWB
26.09,392,Manhattan,FDR N Catherine Slip - 25th St
16.77,389,Manhattan,BBT E Manhattan Portal - Toll Plaza
40.38,58,Manhattan,FDR N - TBB E 116TH STREET - MANHATTAN TRUSS
28.58,693,Manhattan,Westside Hwy N 57th St - GWB
49.08,86,Brooklyn,GOW S 7TH AVENUE - 92ND STREET
6.21,794,Manhattan,11th ave n ganservoort - 12th ave @ 40th st
39.14,165,Manhattan,BBT W Toll Plaza - Manhattan Portal
45.98,160,Manhattan,GWB E LOWER LEVEL PLAZA - CBE E LOWER LEVEL AMSTERDAM AVE
52.81,118,Staten Island,WSE S BLLOMINGDALE ROAD - TYRELLAN AVENUE
55.3,109,Staten Island,WSE N-SIE E SOUTH AVENUE - SOUTH AVENUE
22.99,111,Manhattan,BKN Bridge Manhattan Side - FDR N Catherine Slip
31.68,319,Manhattan,FDR N Catherine Slip - 25th St
44.73,182,Bronx,I-87 NYST S Exit 1 - MDE S Van Cortlandt Park
24.23,177,Bronx,MDE S HARLEM RIVER PARK - GWB W AMSTERDAM AVENUE UPPER LEVEL
48.46,95,Bronx,BE N STRATFORD AVENUE - CASTLE HILL AVE
57.16,161,Queens,Belt Pkwy E 182nd St - Laurelton Pkwy N @ SSP
1.24,3056,Queens,LIE W 108TH ST - 84TH ST
57.78,130,Staten Island,WSE N TYRELLAN AVENUE - BLOOMINGDALE ROAD
17.39,528,Queens,Laurelton Pkwy S @ SSP - Belt Pkwy W 182nd St
39.76,55,Queens,CIP N ramp to TNB - TNB Queens Anchorage
32.31,165,Queens,QMT W Toll Plaza - Manhattan Side
59.65,65,Staten Island,SIE E RICHMOND AVENUE - WOOLEY AVENUE
42.87,149,Queens,BWB S Queens Anchorage - WSE S Exit 14 (Linden Pl)
0.0,0,Bronx,I-87 NYST S Exit 1 - MDE S Van Cortlandt Park
52.19,48,Bronx,CBE E TAYLOR AVENUE - CASTLE HILL AVENUE
34.17,259,Queens,VWE S MP6.39 (Exit 11 Jewel Ave) - MP4.63 (Exit 6 Jamaica Ave)
48.46,96,Bronx,BE N STRATFORD AVENUE - CASTLE HILL AVE
11.18,1094,Queens,Belt Pkwy W JFK Expressway - VWE N Jamaica Ave
0.0,0,Queens,BE S TBB EXIT RAMP - QUEENS ANCHORAGE
54.68,121,Staten Island,SIE E BRADLEY AVENUE - CLOVE ROAD
17.39,319,Manhattan,LINCOLN TUNNEL E SOUTH TUBE - NJ - NY
30.44,236,Queens,MDE S TBB EXIT RAMP - QUEENS ANCHORAGE
31.68,393,Brooklyn,GOW S 9TH STREET - 7TH AVENUE
55.3,97,Queens,VWE N MP6.39 (Exit 11 Jewel Ave) - MP8.65 (Exit 13 Northern Blvd)
34.79,210,Manhattan,GWB E LOWER LEVEL PLAZA - CBE E LOWER LEVEL AMSTERDAM AVE
0.0,0,Brooklyn,GOW S 9TH STREET - 7TH AVENUE
49.7,57,Staten Island,SIE W RICHMOND AVENUE - SOUTH AVENUE
32.31,80,Manhattan,BKN Bridge Manhattan Side - FDR N Catherine Slip
50.95,105,Queens,VWE S MP8.65 (Exit 13 Northern Blvd) - MP6.39 (Exit 11 Jewel Ave)
39.14,163,Queens,Whitestone Expwy N Exit 14 (Linden Pl) - BWB N Queens Anchorage
24.23,182,Bronx,MDE S HARLEM RIVER PARK - GWB W AMSTERDAM AVENUE LOWER LEVEL
55.3,70,Staten Island,SIE E RICHMOND AVENUE - WOOLEY AVENUE
45.98,54,Bronx,HRP S Lafayette Ave - BWB S Toll Plaza
52.81,208,Queens,CIP S LIE - Hempstead Tpk
51.57,162,Bronx,CBE E CASTLE HILL AVE - BE N WATERBURY AVE
25.47,283,Queens,TBB N QUEENS ANCHORAGE - BE N
22.36,248,Queens,Whitestone Expwy S Exit 14 (Linden Pl) - VWE S MP8.65 (Exit 13 Northern Blvd)
44.73,47,Brooklyn,GOW S VNB W 92ND STREET - BKLYN GANTRY LOWER LEVEL
51.57,90,Bronx,BWB S Toll Plaza - Queens Anchorage
27.96,328,Queens,Laurelton Pkwy S @ SSP - Belt Pkwy W 182nd St
59.03,112,Staten Island,SIE E BRADLEY AVENUE - CLOVE ROAD
0.0,0,Manhattan,BQE N Atlantic Ave - BKN Bridge Manhattan Side
44.73,47,Brooklyn,VNB E-GOWANUS N BROOKLYN GANTRY LOWER LEVEL - 92ND STREET
16.77,298,Bronx,MDE N RFK Bridge - 142nd St
57.78,101,Staten Island,SIE W FINGERBOARD ROAD - CLOVE ROAD
9.32,666,Manhattan,12th ave @ 45th - 11 ave ganservoort st
31.68,83,Queens,TNB S Qns Anchorage - CIP S @ TNB
70.83,73,Staten Island,WSE S ARDEN AVENUE - BLOOMINGDALE ROAD
40.38,57,Staten Island,SIE E VNB E FINGERBOARD ROAD - SI GANTRY LOWER LEVEL
56.54,98,Staten Island,SIE E CLOVE ROAD - FINGERBOARD ROAD
49.08,124,Staten Island,WSE N-SIE E SOUTH AVENUE - SOUTH AVENUE
47.84,156,Bronx,BE S Griswold - Castle Hill Avenue
57.16,120,Queens,TNB S Toll Plaza - Queens Anchorage
53.43,171,Queens,Belt Pkwy E 182nd St - Laurelton Pkwy N @ SSP
15.53,144,Manhattan,12th Ave S 57th St - 45th St
62.75,51,Staten Island,WSE N VICTORY BLVD - SOUTH AVENUE
12.42,493,Manhattan,12th ave @ 45th - 11 ave ganservoort st
49.7,154,Staten Island,440 N FRANCIS STREET - WSE N TYRELLAN AVE
53.43,120,Queens,Whitestone Expwy N Exit 14 (Linden Pl) - BWB N Queens Anchorage
54.68,49,Staten Island,SIE E SOUTH AVENUE - RICHMOND AVENUE
34.79,187,Manhattan,BBT E Manhattan Portal - Toll Plaza
52.81,81,Bronx,CBE W MORRIS AVE - GWB W AMSTERDAM AVE (U/LVL)
52.19,176,Queens,Laurelton Pkwy S @ SSP - Belt Pkwy W 182nd St
54.05,304,Queens,CVE NB GCP - WILLETS PT BLVD
0.0,0,Staten Island,WSE S TYRELLAN AVENUE - 440 S FRANCIS STREET
35.41,181,Manhattan,BBT W Toll Plaza - Manhattan Portal
37.9,213,Bronx,I-87 NYST S Exit 1 - MDE S Van Cortlandt Park
21.74,211,Bronx,BE N STRATFORD AVENUE - CASTLE HILL AVE
54.05,115,Staten Island,WSE S BLLOMINGDALE ROAD - TYRELLAN AVENUE
62.13,131,Bronx,I-87 NYST S Exit 1 - MDE S Van Cortlandt Park
11.18,369,Bronx,CBE W MORRIS AVE - GWB W AMSTERDAM AVE (U/LVL)
19.26,290,Manhattan,West St S Spring St - BBT Manhattan Portal outbound
59.65,84,Staten Island,WSE N BLOOMUINGDALE ROAD - ARDEN AVENUE
39.14,54,Brooklyn,VNB E-GOWANUS N BROOKLYN GANTRY LOWER LEVEL - 92ND STREET
0.0,0,Brooklyn,GOW N 92ND STREET - 7TH AVENUE
14.91,175,Queens,TNB S Qns Anchorage - CIP S @ TNB
52.81,125,Staten Island,SIE E BRADLEY AVENUE - CLOVE ROAD
40.38,52,Brooklyn,VNB E-GOWANUS N BROOKLYN GANTRY LOWER LEVEL - 92ND STREET
54.05,79,Brooklyn,GOW S 7TH AVENUE - 92ND STREET
13.67,390,Queens,VWE S MP8.65 (Exit 13 Northern Blvd) - MP6.39 (Exit 11 Jewel Ave)
18.01,554,Manhattan,FDR N Catherine Slip - 25th St
63.37,82,Staten Island,WSE S ARDEN AVENUE - BLOOMINGDALE ROAD
50.95,135,Queens,VWE S MP4.63 (Exit 6 Jamaica Ave) - MP2.66 (Exit 2 Roackaway Blvd)
45.98,46,Brooklyn,VNB E-GOWANUS N BROOKLYN GANTRY LOWER LEVEL - 92ND STREET
46.6,118,Staten Island,SIE E CLOVE ROAD - FINGERBOARD ROAD
0.0,0,Staten Island,MLK N WALKER STREET - NJ ROUTE 169
36.66,73,Queens,TNB S Qns Anchorage - CIP S @ TNB
0.0,0,Queens,BE S TBB EXIT RAMP - QUEENS ANCHORAGE
36.66,541,Manhattan,Westside Hwy N 57th St - GWB
0.0,0,Staten Island,ROUTE 169 S - MLK WALKER STREET
0.0,0,Brooklyn,BQE S - GOW S ALTANTIC AVENUE - 9TH STREET
49.08,188,Queens,Laurelton Pkwy S @ SSP - Belt Pkwy W 182nd St
32.93,593,Manhattan,Westside Hwy S GWB - 57th St
57.16,146,Bronx,CBE E CASTLE HILL AVE - BE N WATERBURY AVE
21.12,344,Queens,TBB N QUEENS ANCHORAGE - BE N
61.51,107,Staten Island,SIE E BRADLEY AVENUE - CLOVE ROAD
49.7,50,Bronx,BWB N Toll Plaza - HRP N Lafayatte Ave
8.07,678,Manhattan,West St S Spring St - BBT Manhattan Portal outbound
55.92,293,Queens,CVE NB GCP - WILLETS PT BLVD
51.57,76,Queens,LIE WB LITTLE NECK PKWY - NB CIP
0.0,0,Staten Island,MLK N WALKER STREET - NJ ROUTE 169
33.55,72,Manhattan,TBB W - FDR S MANHATTAN TRUSS - E116TH STREET
0.0,0,Manhattan,BQE N Atlantic Ave - MAN Bridge Manhattan Side
50.95,216,Queens,CIP N Hempstead Tpk - LIE
0.0,0,Manhattan,BQE N Atlantic Ave - MAN Bridge Manhattan Side
51.57,104,Queens,VWE S MP8.65 (Exit 13 Northern Blvd) - MP6.39 (Exit 11 Jewel Ave)
40.38,53,Brooklyn,VNB E-GOWANUS N BROOKLYN GANTRY LOWER LEVEL - 92ND STREET
0.0,0,Staten Island,MLK S - SIE E WALKER STREET - WOOLEY AVENUE
6.21,1099,Queens,TBB N QUEENS ANCHORAGE - BE N
20.5,334,Manhattan,FDR N 25th - 63rd St
60.27,116,Staten Island,SIE W - WSE S SOUTH AVENUE - SOUTH AVENUE
25.47,457,Queens,CIP N LIE ramp - TNB
18.01,143,Manhattan,FDR S Catherine Slip - BKN Bridge Manhattan Side
23.61,209,Queens,LIE E 84TH ST - 108TH ST
6.21,981,Manhattan,12th ave @ 45th - 11 ave ganservoort st
42.87,50,Staten Island,VNB W-SIE W SI GANTRY LOWER LEVEL - FINGERBOARD ROAD
49.7,107,Queens,VWE N MP8.64 (Exit 13 Northern Blvd) - Whitestone Expwy Exit 14 (Linden Pl)
59.03,127,Staten Island,WSE N TYRELLAN AVENUE - BLOOMINGDALE ROAD
22.99,316,Queens,TBB N QUEENS ANCHORAGE - BE N
44.11,52,Staten Island,SIE E VNB E FINGERBOARD ROAD - SI GANTRY UPPER LEVEL
0.0,0,Queens,BE S TBB EXIT RAMP - QUEENS ANCHORAGE
0.0,0,Staten Island,MLK S - SIE E WALKER STREET - WOOLEY AVENUE
55.92,80,Bronx,HRP N LAFAYETTE AVENUE - E TREMONT AVENUE
45.98,120,Staten Island,SIE E CLOVE ROAD - FINGERBOARD ROAD
44.11,144,Queens,Whitestone Expwy N Exit 14 (Linden Pl) - BWB N Queens Anchorage
38.52,78,Queens,BE S TBB EXIT RAMP - MANHATTAN LIFT SPAN
55.3,134,Manhattan,GWB E LOWER LEVEL PLAZA - CBE E LOWER LEVEL AMSTERDAM AVE
9.94,531,Manhattan,11th ave n ganservoort - 12th ave @ 40th st
9.94,565,Manhattan,West St S Spring St - BBT Manhattan Portal outbound
36.66,58,Brooklyn,GOW S VNB W 92ND STREET - BKLYN GANTRY LOWER LEVEL
6.83,880,Manhattan,BBT W Toll Plaza - Manhattan Portal
59.65,117,Staten Island,SIE W - WSE S SOUTH AVENUE - SOUTH AVENUE
45.36,102,Bronx,BE N STRATFORD AVENUE - CASTLE HILL AVE
8.69,622,Manhattan,LINCOLN TUNNEL E SOUTH TUBE - NJ - NY
44.11,68,Queens,BE S TBB EXIT RAMP - MANHATTAN LIFT SPAN
33.55,63,Staten Island,VNB W-SIE W SI GANTRY LOWER LEVEL - FINGERBOARD ROAD
29.82,156,Bronx,BWB S Toll Plaza - Queens Anchorage
36.66,176,Manhattan,BBT W Toll Plaza - Manhattan Portal
38.52,299,Queens,CIP N TNB - Whitestone Expwy S Exit 14 (Linden Pl)
49.7,85,Brooklyn,GOW S 7TH AVENUE - 92ND STREET
47.22,45,Brooklyn,GOW S VNB W 92ND STREET - BKLYN GANTRY UPPER LEVEL
0.0,0,Bronx,MDE N RFK Bridge - 142nd St
13.67,238,Manhattan,12th Ave N 40th - 57th St
24.85,504,Brooklyn,GOW N 7TH AVENUE - 9TH STREET
45.98,239,Queens,CIP S LIE - Hempstead Tpk
30.44,243,Bronx,BE N Castle Hill Avenue - Griswold Ave
57.16,81,Bronx,BE N STRATFORD AVENUE - CASTLE HILL AVE
29.2,133,Staten Island,SIE W WOOLEY AVENUE - RICHMOND AVENUE
37.9,523,Manhattan,Westside Hwy S GWB - 57th St
0.0,0,Manhattan,BQE N Atlantic Ave - MAN Bridge Manhattan Side
48.46,52,Bronx,CBE E TAYLOR AVENUE - CASTLE HILL AVENUE
26.71,97,Manhattan,FDR S Catherine Slip - BKN Bridge Manhattan Side
41.01,283,Queens,CIP N TNB - Whitestone Expwy S Exit 14 (Linden Pl)
52.19,81,Bronx,CBE W MORRIS AVE - GWB W AMSTERDAM AVE (L/LVL)
22.99,111,Manhattan,BKN Bridge Manhattan Side - FDR N Catherine Slip
21.74,329,Brooklyn,BQE S 46TH STREET - LEONARD STREET
52.81,313,Queens,CVE NB GCP - WILLETS PT BLVD
45.36,94,Bronx,CBE W MORRIS AVE - GWB W AMSTERDAM AVE (L/LVL)
55.3,141,Staten Island,WSE N ARDEN AVENUE - VICTORY BLVD
52.19,48,Bronx,CBE E TAYLOR AVENUE - CASTLE HILL AVENUE
16.15,266,Bronx,MDE S HARLEM RIVER PARK - GWB W AMSTERDAM AVENUE UPPER LEVEL
46.6,46,Brooklyn,GOW S VNB W 92ND STREET - BKLYN GANTRY LOWER LEVEL
26.09,89,Manhattan,FDR N - TBB E 116TH STREET - MANHATTAN TRUSS
49.7,57,Staten Island,SIE W RICHMOND AVENUE - SOUTH AVENUE
1.24,3949,Queens,LIE W 108TH ST - 84TH ST
57.16,191,Queens,CIP N Hempstead Tpk - LIE
48.46,92,Bronx,BE S CASTLE HILL AVENUE - STRATFORD AVENUE
25.47,430,Queens,CVE NB LIE - WILLETS PT BLVD
19.88,401,Bronx,I-87 NYST S Exit 1 - MDE S Van Cortlandt Park
32.31,165,Queens,QMT W Toll Plaza - Manhattan Side
0.0,0,Staten Island,MLK S - SIE E WALKER STREET - WOOLEY AVENUE
8.69,593,Manhattan,11th ave n ganservoort - 12th ave @ 40th st
52.81,129,Queens,TNB N Queens Anchorage - Toll Plaza
54.05,109,Staten Island,SIE W FINGERBOARD ROAD - CLOVE ROAD
43.49,54,Manhattan,FDR N - TBB E 116TH STREET - MANHATTAN TRUSS
41.01,95,Queens,LIE WB LITTLE NECK PKWY - NB CIP
45.36,225,Manhattan,FDR N Catherine Slip - 25th St
35.41,155,Manhattan,LINCOLN TUNNEL W CENTER TUBE NY - NJ
44.11,162,Brooklyn,BQE N LEONARD STREET - 46TH STREET
34.17,279,Queens,LIE WB LITTLE NECK PKWY - NB CVE
50.33,321,Queens,CIP NB GCP - TNB
45.36,202,Queens,Laurelton Pkwy S @ SSP - Belt Pkwy W 182nd St
31.68,204,Manhattan,BBT W Toll Plaza - Manhattan Portal
9.32,539,Bronx,MDE N RFK Bridge - 142nd St
26.09,213,Manhattan,LINCOLN TUNNEL W CENTER TUBE NY - NJ
34.79,186,Manhattan,BBT E Manhattan Portal - Toll Plaza
6.83,582,Bronx,CBE W MORRIS AVE - GWB W AMSTERDAM AVE (L/LVL)
23.61,110,Manhattan,BKN Bridge Manhattan Side - FDR N Catherine Slip
33.55,160,Manhattan,QMT E Manhattan Side - Toll Plaza
5.59,2084,Queens,Belt Pkwy W JFK Expressway - VWE N Jamaica Ave
41.01,482,Manhattan,Westside Hwy S GWB - 57th St
31.68,158,Manhattan,LINCOLN TUNNEL W NORTH TUBE NY - NJ
41.01,157,Manhattan,BBT E Manhattan Portal - Toll Plaza
54.68,176,Queens,LIE WB LITTLE NECK PKWY - NB CVE
56.54,47,Queens,TNB S Qns Anchorage - CIP S @ TNB
59.03,54,Staten Island,WSE N VICTORY BLVD - SOUTH AVENUE
45.98,46,Brooklyn,GOW S VNB W 92ND STREET - BKLYN GANTRY LOWER LEVEL
25.47,399,Manhattan,FDR S 25th St - Catherine Slip
37.28,101,Queens,Belt Pkwy W 182nd St - JFK Expressway
55.3,147,Bronx,I-87 NYST S Exit 1 - MDE S Van Cortlandt Park
0.0,0,Staten Island,ROUTE 169 S - MLK WALKER STREET
44.73,181,Queens,TBB N QUEENS ANCHORAGE - MANHATTAN LIFT SPAN
53.43,203,Queens,CVE NB LIE - WILLETS PT BLVD
55.92,25,Staten Island,SIE W BRADLEY AVENUE - WOOLEY AVENUE
46.6,142,Staten Island,SIE E BRADLEY AVENUE - CLOVE ROAD
0.0,0,Manhattan,BQE N Atlantic Ave - MAN Bridge Manhattan Side
16.15,153,Bronx,CBE W CASTLE HILL AVENUE - TAYLOR AVENUE
47.22,98,Brooklyn,VNB E SI GANTRY LOWER LEVEL - BROOLKYN GANTRY LOWER LEVEL
54.05,86,Brooklyn,VNB E SI GANTRY UPPER LEVEL - BROOKLYN GANTRY UPPER LEVEL
58.4,129,Queens,CIP S Hempstead Tpk - Laurelton Pkwy @ SSP
19.26,237,Bronx,BE N STRATFORD AVENUE - CASTLE HILL AVE
42.25,465,Manhattan,Westside Hwy S GWB - 57th St
26.71,242,Manhattan,BBT W Toll Plaza - Manhattan Portal
13.04,250,Manhattan,12th Ave N 40th - 57th St
12.42,882,Queens,CIP N Hempstead Tpk - LIE
17.39,408,Queens,TBB N QUEENS ANCHORAGE - BE N
48.46,48,Staten Island,SIE E VNB E FINGERBOARD ROAD - SI GANTRY UPPER LEVEL
47.22,98,Bronx,BE N STRATFORD AVENUE - CASTLE HILL AVE
37.9,123,Queens,BWB N Queens Anchorage - Toll Plaza
22.99,317,Queens,TBB N QUEENS ANCHORAGE - BE N
51.57,31,Staten Island,SIE E WOOLEY AVENUE - BRADLEY AVENUE
39.14,164,Manhattan,BBT W Toll Plaza - Manhattan Portal
24.23,300,Queens,TBB N QUEENS ANCHORAGE - BE N
0.0,0,Brooklyn,GOW S 9TH STREET - 7TH AVENUE
22.99,61,Staten Island,SIE W BRADLEY AVENUE - WOOLEY AVENUE
55.92,134,Staten Island,WSE N TYRELLAN AVENUE - BLOOMINGDALE ROAD
45.36,434,Manhattan,Westside Hwy N 57th St - GWB
13.67,241,Manhattan,11th ave s ganservoort - west st @ spring st
64.62,107,Staten Island,SIE W - WSE S SOUTH AVENUE - SOUTH AVENUE
52.81,142,Staten Island,WSE N TYRELLAN AVENUE - BLOOMINGDALE ROAD
15.53,267,Bronx,CBE AMSTERDAM AVE (L/LVL) - MORRIS AVE
53.43,93,Queens,LIE E 84TH ST - 108TH ST
24.85,212,Manhattan,QMT E Manhattan Side - Toll Plaza
59.03,43,Bronx,CBE W CASTLE HILL AVENUE - TAYLOR AVENUE
6.21,3053,Manhattan,Westside Hwy N 57th St - GWB
21.74,383,Bronx,CBE W U/LEV AMSTERDAM AVE - I95 S EXP LNS
52.19,131,Queens,TNB N Queens Anchorage - Toll Plaza
27.96,230,Queens,Whitestone Expwy N Exit 14 (Linden Pl) - BWB N Queens Anchorage
41.01,92,Queens,Belt Pkwy W 182nd St - JFK Expressway
45.36,47,Brooklyn,GOW S VNB W 92ND STREET - BKLYN GANTRY LOWER LEVEL
60.89,97,Staten Island,SIE W FINGERBOARD ROAD - CLOVE ROAD
52.19,150,Staten Island,WSE S VICTORY BOULEVARD - ARDEN AVENUE
0.0,0,Staten Island,MLK S - SIE E WALKER STREET - WOOLEY AVENUE
47.84,103,Queens,LIE W 108TH ST - 84TH ST
34.79,143,Manhattan,LINCOLN TUNNEL W NORTH TUBE NY - NJ
10.56,396,Bronx,CBE W MORRIS AVE - GWB W AMSTERDAM AVE (L/LVL)
39.14,303,Queens,CIP N LIE ramp - TNB
27.34,274,Bronx,BE S Griswold - Castle Hill Avenue
4.34,988,Bronx,MDE S HARLEM RIVER PARK - GWB W AMSTERDAM AVENUE UPPER LEVEL
63.37,50,Staten Island,WSE N VICTORY BLVD - SOUTH AVENUE
8.07,597,Bronx,MDE N RFK Bridge - 142nd St
0.0,0,Staten Island,MLK S - SIE W WALKER STREET - RICHMOND AVENUE
38.52,166,Queens,BWB S Queens Anchorage - WSE S Exit 14 (Linden Pl)
53.43,141,Staten Island,WSE N TYRELLAN AVENUE - BLOOMINGDALE ROAD
59.65,116,Staten Island,SIE W - WSE S SOUTH AVENUE - SOUTH AVENUE
57.16,131,Bronx,BE N Castle Hill Avenue - Griswold Ave
17.39,127,Manhattan,12th Ave S 57th St - 45th St
14.29,511,Queens,TBB N QUEENS ANCHORAGE - BE N
26.09,450,Queens,CIP N LIE ramp - TNB
41.01,267,Queens,CVE NB LIE - WILLETS PT BLVD
12.42,522,Manhattan,BBT W Toll Plaza - Manhattan Portal
41.63,90,Queens,Belt Pkwy W 182nd St - JFK Expressway
13.67,407,Manhattan,West St S Spring St - BBT Manhattan Portal outbound
34.17,126,Bronx,CBE E AMSTERDAM AVE(U/LVL) - MORRIS AVE
41.63,171,Brooklyn,BQE N LEONARD STREET - 46TH STREET
49.7,103,Bronx,MDE N RFK Bridge - 142nd St
44.73,95,Brooklyn,GOW N 92ND STREET - 7TH AVENUE
55.92,45,Bronx,CBE E TAYLOR AVENUE - CASTLE HILL AVENUE
32.31,285,Queens,Laurelton Pkwy S @ SSP - Belt Pkwy W 182nd St
50.95,87,Bronx,HRP N LAFAYETTE AVENUE - E TREMONT AVENUE
38.52,508,Manhattan,Westside Hwy N 57th St - GWB
39.76,181,Queens,MDE S TBB EXIT RAMP - QUEENS ANCHORAGE
25.47,153,Queens,LIE WB LITTLE NECK PKWY - NB CIP
45.98,236,Queens,CVE NB LIE - WILLETS PT BLVD
1.24,1435,Bronx,CBE W CASTLE HILL AVENUE - TAYLOR AVENUE
38.52,121,Bronx,BE N STRATFORD AVENUE - CASTLE HILL AVE
27.96,198,Manhattan,LINCOLN TUNNEL E SOUTH TUBE - NJ - NY
57.78,93,Queens,VWE N MP6.39 (Exit 11 Jewel Ave) - MP8.65 (Exit 13 Northern Blvd)
15.53,273,Bronx,CBE W MORRIS AVE - GWB W AMSTERDAM AVE (L/LVL)
32.93,163,Queens,QMT W Toll Plaza - Manhattan Side
38.52,69,Staten Island,SIE E SOUTH AVENUE - RICHMOND AVENUE
55.3,148,Bronx,I-87 NYST S Exit 1 - MDE S Van Cortlandt Park
45.98,100,Brooklyn,VNB E SI GANTRY UPPER LEVEL - BROOKLYN GANTRY UPPER LEVEL
48.46,59,Staten Island,SIE W RICHMOND AVENUE - SOUTH AVENUE
53.43,86,Brooklyn,VNB W BROOKLYN GANTRY UPPER LEVEL - SI GANTRY UPPER LEVEL
25.47,281,Brooklyn,BQE N LEONARD STREET - 46TH STREET
39.76,53,Staten Island,VNB W-SIE W SI GANTRY LOWER LEVEL - FINGERBOARD ROAD
0.0,0,Staten Island,MLK S - SIE E WALKER STREET - WOOLEY AVENUE
52.19,102,Queens,VWE N MP8.64 (Exit 13 Northern Blvd) - Whitestone Expwy Exit 14 (Linden Pl)
29.82,150,Bronx,MDE S HARLEM RIVER PARK - GWB W AMSTERDAM AVENUE LOWER LEVEL
49.08,87,Brooklyn,GOW S 7TH AVENUE - 92ND STREET
57.16,138,Staten Island,WSE S VICTORY BOULEVARD - ARDEN AVENUE
52.19,143,Staten Island,WSE N TYRELLAN AVENUE - BLOOMINGDALE ROAD
47.22,158,Bronx,BE N Castle Hill Avenue - Griswold Ave
21.74,120,Manhattan,BKN Bridge Manhattan Side - FDR N Catherine Slip
0.0,0,Staten Island,MLK S - SIE E WALKER STREET - WOOLEY AVENUE
0.0,0,Brooklyn,GOW S 7TH AVENUE - 92ND STREET
44.73,47,Brooklyn,VNB E-GOWANUS N BROOKLYN GANTRY LOWER LEVEL - 92ND STREET
10.56,497,Queens,QMT W Toll Plaza - Manhattan Side
43.49,114,Queens,LIE W 108TH ST - 84TH ST
53.43,120,Queens,BWB S Queens Anchorage - WSE S Exit 14 (Linden Pl)
5.59,757,Bronx,MDE S HARLEM RIVER PARK - GWB W AMSTERDAM AVENUE LOWER LEVEL
0.0,0,Staten Island,SIE E-MLK N RICHMOND AVENUE - WALKER STREET
44.73,182,Queens,TBB N QUEENS ANCHORAGE - MANHATTAN LIFT SPAN
45.98,46,Brooklyn,GOW S VNB W 92ND STREET - BKLYN GANTRY UPPER LEVEL
13.04,190,Bronx,CBE W CASTLE HILL AVENUE - TAYLOR AVENUE
50.33,88,Bronx,HRP N LAFAYETTE AVENUE - E TREMONT AVENUE
0.62,2569,Bronx,BWB N Toll Plaza - HRP N Lafayatte Ave
13.04,355,Brooklyn,VNB W BROOKLYN GANTRY UPPER LEVEL - SI GANTRY UPPER LEVEL
59.65,131,Staten Island,WSE S VICTORY BOULEVARD - ARDEN AVENUE
29.82,243,Queens,TBB N QUEENS ANCHORAGE - BE N
45.98,427,Manhattan,Westside Hwy S GWB - 57th St
52.81,81,Bronx,CBE E AMSTERDAM AVE(U/LVL) - MORRIS AVE
57.16,160,Queens,Laurelton Pkwy S @ SSP - Belt Pkwy W 182nd St
41.63,474,Manhattan,Westside Hwy N 57th St - GWB
55.92,293,Queens,CVE NB GCP - WILLETS PT BLVD
0.0,0,Brooklyn,GOW N 7TH AVENUE - 9TH STREET
26.71,333,Queens,VWE N MP4.63 (Exit 6 - Jamaica Ave) - MP6.39 (Exit 11 Jewel Ave)
54.05,79,Bronx,CBE W MORRIS AVE - GWB W AMSTERDAM AVE (U/LVL)
39.14,67,Manhattan,FDR S Catherine Slip - BKN Bridge Manhattan Side
41.63,129,Queens,VWE N MP6.39 (Exit 11 Jewel Ave) - MP8.65 (Exit 13 Northern Blvd)
16.15,310,Manhattan,LINCOLN TUNNEL W NORTH TUBE NY - NJ
49.08,90,Bronx,HRP N LAFAYETTE AVENUE - E TREMONT AVENUE
55.92,92,Staten Island,WSE S ARDEN AVENUE - BLOOMINGDALE ROAD
62.13,83,Staten Island,WSE S ARDEN AVENUE - BLOOMINGDALE ROAD
33.55,214,Queens,TBB N QUEENS ANCHORAGE - BE N
39.14,54,Staten island,VNB W-SIE W SI GANTRY UPPER LEVEL - FINGERBOARD ROAD
42.25,193,Queens,TBB N QUEENS ANCHORAGE - MANHATTAN LIFT SPAN
59.65,111,Staten Island,SIE E BRADLEY AVENUE - CLOVE ROAD
7.45,292,Manhattan,12th Ave S 57th St - 45th St
20.5,382,Queens,Laurelton Pkwy N @ SSP - CIP N Hempstead Tpk
52.19,151,Staten Island,WSE S VICTORY BOULEVARD - ARDEN AVENUE
36.66,293,Queens,VWE S MP2.66 (Exit 2 Rockaway Blvd) - Belt Pkwy E 182nd St
13.04,247,Manhattan,11th ave s ganservoort - west st @ spring st
24.23,340,Bronx,CBE W U/LEV AMSTERDAM AVE - I95 S EXP LNS
44.73,167,Queens,TBB S MANHATTAN LIFT SPAN - QUEENS ANCHORAGE
16.77,601,Manhattan,FDR N Catherine Slip - 25th St
19.88,121,Manhattan,TBB W - FDR S MANHATTAN TRUSS - E116TH STREET
0.0,0,Queens,BE S TBB EXIT RAMP - QUEENS ANCHORAGE
34.17,262,Queens,VWE S MP6.39 (Exit 11 Jewel Ave) - MP4.63 (Exit 6 Jamaica Ave)
37.28,149,Bronx,BRP N WATSON AVENUE - FORDHAM ROAD
0.0,0,Bronx,BRP S FORDHAM ROAD - WATSON AVENUE
43.49,190,Bronx,CBE E CASTLE HILL AVE - BE N WATERBURY AVE
55.92,111,Staten Island,WSE S BLLOMINGDALE ROAD - TYRELLAN AVENUE
40.38,201,Queens,TBB N QUEENS ANCHORAGE - MANHATTAN LIFT SPAN
13.04,190,Bronx,CBE W CASTLE HILL AVENUE - TAYLOR AVENUE
13.67,315,Bronx,MDE S HARLEM RIVER PARK - GWB W AMSTERDAM AVENUE LOWER LEVEL
41.01,52,Brooklyn,VNB E-GOWANUS N BROOKLYN GANTRY LOWER LEVEL - 92ND STREET
34.79,257,Queens,VWE N MP4.63 (Exit 6 - Jamaica Ave) - MP6.39 (Exit 11 Jewel Ave)
0.0,0,Brooklyn,BQE S - GOW S ALTANTIC AVENUE - 9TH STREET
21.12,123,Manhattan,FDR S Catherine Slip - BKN Bridge Manhattan Side
0.0,0,Manhattan,BQE N Atlantic Ave - MAN Bridge Manhattan Side
13.04,186,Manhattan,TBB W - FDR S MANHATTAN TRUSS - E116TH STREET
39.14,54,Brooklyn,VNB E-GOWANUS N BROOKLYN GANTRY UPPER LEVEL - 92ND STREET
14.29,307,Bronx,MDE S HARLEM RIVER PARK - GWB W AMSTERDAM AVENUE LOWER LEVEL
24.85,100,Bronx,HRP S Lafayette Ave - BWB S Toll Plaza
34.17,71,Manhattan,TBB W - FDR S MANHATTAN TRUSS - E116TH STREET
48.46,243,Queens,CIP N LIE ramp - TNB
32.93,245,Bronx,I-87 NYST S Exit 1 - MDE S Van Cortlandt Park
30.44,233,Queens,MDE S TBB EXIT RAMP - QUEENS ANCHORAGE
47.22,45,Brooklyn,GOW S VNB W 92ND STREET - BKLYN GANTRY UPPER LEVEL
60.89,114,Staten Island,SIE W - WSE S SOUTH AVENUE - SOUTH AVENUE
54.05,85,Bronx,BE N STRATFORD AVENUE - CASTLE HILL AVE
47.22,175,Bronx,CBE E CASTLE HILL AVE - BE N WATERBURY AVE
19.26,615,Queens,CIP N LIE ramp - TNB
55.3,81,Bronx,HRP N LAFAYETTE AVENUE - E TREMONT AVENUE
42.87,183,Queens,Laurelton Pkwy N @ SSP - CIP N Hempstead Tpk
47.22,153,Queens,MDE S TBB EXIT RAMP - QUEENS ANCHORAGE
44.73,47,Brooklyn,GOW S VNB W 92ND STREET - BKLYN GANTRY LOWER LEVEL
55.92,83,Queens,BWB N Queens Anchorage - Toll Plaza
52.81,146,Staten Island,WSE S TYRELLAN AVENUE - 440 S FRANCIS STREET
0.0,0,Brooklyn,BQE S - GOW S ALTANTIC AVENUE - 9TH STREET
35.41,303,Queens,VWE S MP2.66 (Exit 2 Rockaway Blvd) - Belt Pkwy E 182nd St
24.23,202,Queens,LIE E 84TH ST - 108TH ST
57.78,96,Staten Island,SIE E CLOVE ROAD - FINGERBOARD ROAD
49.7,122,Staten Island,WSE N-SIE E SOUTH AVENUE - SOUTH AVENUE
39.14,54,Brooklyn,GOW S VNB W 92ND STREET - BKLYN GANTRY LOWER LEVEL
11.18,287,Manhattan,12th Ave N 40th - 57th St
11.18,886,Manhattan,FDR S 25th St - Catherine Slip
13.67,313,Bronx,CBE E AMSTERDAM AVE(U/LVL) - MORRIS AVE
55.3,136,Staten Island,WSE N TYRELLAN AVENUE - BLOOMINGDALE ROAD
59.03,118,Staten Island,SIE W - WSE S SOUTH AVENUE - SOUTH AVENUE
0.0,0,Staten Island,MLK S - SIE W WALKER STREET - RICHMOND AVENUE
0.0,0,Staten Island,MLK S - SIE E WALKER STREET - WOOLEY AVENUE
22.99,133,Queens,BE S TBB EXIT RAMP - MANHATTAN LIFT SPAN
47.84,104,Queens,LIE W 108TH ST - 84TH ST
1.86,3413,Bronx,CBE W L/LE V AMSTERDAM AVE - I 95 S LOC LNS
0.0,0,Staten Island,SIE W - MLK N WOOLEY AVENUE - WLAKER STREET
45.98,428,Manhattan,Westside Hwy S GWB - 57th St
44.11,52,Staten Island,SIE E VNB E FINGERBOARD ROAD - SI GANTRY LOWER LEVEL
2.48,3608,Manhattan,FDR N Catherine Slip - 25th St
32.31,73,Manhattan,FDR N - TBB E 116TH STREET - MANHATTAN TRUSS
14.29,225,Manhattan,12th Ave N 40th - 57th St
50.95,108,Staten Island,SIE E CLOVE ROAD - FINGERBOARD ROAD
45.98,46,Brooklyn,VNB E-GOWANUS N BROOKLYN GANTRY LOWER LEVEL - 92ND STREET
0.0,0,Staten Island,MLK S - SIE E WALKER STREET - WOOLEY AVENUE
34.79,563,Manhattan,Westside Hwy S GWB - 57th St
6.83,309,Manhattan,12th Ave S 57th St - 45th St
56.54,79,Bronx,HRP N LAFAYETTE AVENUE - E TREMONT AVENUE
40.38,126,Bronx,MDE N RFK Bridge - 142nd St
46.6,54,Bronx,HRP S Lafayette Ave - BWB S Toll Plaza
14.91,278,Bronx,CBE W MORRIS AVE - GWB W AMSTERDAM AVE (L/LVL)
52.81,50,Queens,TNB S Qns Anchorage - CIP S @ TNB
41.01,108,Bronx,BE S CASTLE HILL AVENUE - STRATFORD AVENUE
49.7,100,Queens,LIE E 84TH ST - 108TH ST
55.3,113,Staten Island,WSE S BLLOMINGDALE ROAD - TYRELLAN AVENUE
55.92,80,Bronx,HRP N LAFAYETTE AVENUE - E TREMONT AVENUE
0.0,0,Staten Island,MLK S - SIE W WALKER STREET - RICHMOND AVENUE
54.68,81,Bronx,HRP N LAFAYETTE AVENUE - E TREMONT AVENUE
54.05,102,Queens,Whitestone Expwy S Exit 14 (Linden Pl) - VWE S MP8.65 (Exit 13 Northern Blvd)
41.01,112,Brooklyn,VNB E SI GANTRY LOWER LEVEL - BROOLKYN GANTRY LOWER LEVEL
49.7,107,Queens,VWE S MP8.65 (Exit 13 Northern Blvd) - MP6.39 (Exit 11 Jewel Ave)
54.05,151,Bronx,I-87 NYST S Exit 1 - MDE S Van Cortlandt Park
43.49,164,Queens,MDE S TBB EXIT RAMP - QUEENS ANCHORAGE
21.12,125,Manhattan,FDR S Catherine Slip - BKN Bridge Manhattan Side
46.6,99,Brooklyn,VNB W BROOKLYN GANTRY UPPER LEVEL - SI GANTRY UPPER LEVEL
31.06,394,Queens,Belt Pkwy W JFK Expressway - VWE N Jamaica Ave
41.63,198,Bronx,CBE E CASTLE HILL AVE - BE N WATERBURY AVE
59.03,273,Queens,CIP NB GCP - TNB
3.1,2445,Bronx,CBE W L/LE V AMSTERDAM AVE - I 95 S LOC LNS
34.79,186,Manhattan,BBT W Toll Plaza - Manhattan Portal
44.73,104,Brooklyn,VNB W BROOKLYN GANTRY LOWER LEVEL - SI GANTRY LOWER LEVEL
53.43,139,Bronx,BE N Castle Hill Avenue - Griswold Ave
18.64,127,Manhattan,FDR N - TBB E 116TH STREET - MANHATTAN TRUSS
43.49,451,Manhattan,Westside Hwy S GWB - 57th St
0.0,0,Staten Island,440 N FRANCIS STREET - WSE N TYRELLAN AVE
0.0,0,Staten Island,SIE W - MLK N WOOLEY AVENUE - WLAKER STREET
38.52,68,Manhattan,FDR S Catherine Slip - BKN Bridge Manhattan Side
18.64,582,Queens,VWE S MP2.66 (Exit 2 Rockaway Blvd) - Belt Pkwy E 182nd St
13.04,533,Brooklyn,BQE S 46TH STREET - LEONARD STREET
50.95,91,Brooklyn,VNB W BROOKLYN GANTRY LOWER LEVEL - SI GANTRY LOWER LEVEL
31.68,74,Manhattan,FDR N - TBB E 116TH STREET - MANHATTAN TRUSS
24.23,413,Manhattan,FDR S 25th St - Catherine Slip
41.63,51,Staten island,VNB W-SIE W SI GANTRY UPPER LEVEL - FINGERBOARD ROAD
57.78,287,Queens,CVE NB GCP - WILLETS PT BLVD
49.7,79,Staten Island,SIE E RICHMOND AVENUE - WOOLEY AVENUE
54.68,118,Queens,BWB S Queens Anchorage - WSE S Exit 14 (Linden Pl)
42.25,118,Queens,LIE E 84TH ST - 108TH ST
19.26,338,Manhattan,BBT E Manhattan Portal - Toll Plaza
0.0,0,Manhattan,LINCOLN TUNNEL E CENTER TUBE NJ - NY
54.68,199,Queens,CIP S LIE - Hempstead Tpk
0.0,0,Manhattan,BBT E Manhattan Portal - Toll Plaza
18.64,437,Bronx,CBE W U/LEV AMSTERDAM AVE - I95 S EXP LNS
59.03,133,Staten Island,WSE S VICTORY BOULEVARD - ARDEN AVENUE
37.28,114,Bronx,CBE E AMSTERDAM AVE(U/LVL) - MORRIS AVE
9.94,414,Bronx,CBE AMSTERDAM AVE (L/LVL) - MORRIS AVE
51.57,51,Staten Island,SIE E SOUTH AVENUE - RICHMOND AVENUE
0.0,0,Brooklyn,BQE S - GOW S ALTANTIC AVENUE - 9TH STREET
27.34,402,Queens,CIP N Hempstead Tpk - LIE
14.91,792,Queens,Belt Pkwy W JFK Expressway - VWE N Jamaica Ave
0.0,0,Manhattan,LINCOLN TUNNEL E CENTER TUBE NJ - NY
0.0,0,Staten Island,WSE S TYRELLAN AVENUE - 440 S FRANCIS STREET
1.86,997,Manhattan,12th Ave S 57th St - 45th St
29.2,241,Brooklyn,BQE S 46TH STREET - LEONARD STREET
55.92,137,Staten Island,WSE S TYRELLAN AVENUE - 440 S FRANCIS STREET
0.0,0,Brooklyn,GOW S 9TH STREET - 7TH AVENUE
55.3,84,Queens,BWB N Queens Anchorage - Toll Plaza
31.06,264,Bronx,CBE E CASTLE HILL AVE - BE N WATERBURY AVE
45.36,159,Queens,MDE S TBB EXIT RAMP - QUEENS ANCHORAGE
60.89,64,Staten Island,SIE W WOOLEY AVENUE - RICHMOND AVENUE
59.65,84,Queens,LIE E 84TH ST - 108TH ST
44.11,449,Manhattan,Westside Hwy S GWB - 57th St
55.92,141,Staten Island,WSE S VICTORY BOULEVARD - ARDEN AVENUE
0.0,0,Staten Island,SIE E-MLK N RICHMOND AVENUE - WALKER STREET
25.47,179,Bronx,BE N STRATFORD AVENUE - CASTLE HILL AVE
27.34,110,Queens,BE S TBB EXIT RAMP - MANHATTAN LIFT SPAN
6.21,861,Manhattan,LINCOLN TUNNEL E SOUTH TUBE - NJ - NY
40.38,200,Queens,TBB N QUEENS ANCHORAGE - MANHATTAN LIFT SPAN
65.86,49,Staten Island,WSE N VICTORY BLVD - SOUTH AVENUE
62.75,111,Staten Island,SIE W - WSE S SOUTH AVENUE - SOUTH AVENUE
14.91,334,Manhattan,LINCOLN TUNNEL W NORTH TUBE NY - NJ
40.38,53,Staten Island,VNB W-SIE W SI GANTRY LOWER LEVEL - FINGERBOARD ROAD
45.36,97,Bronx,BE S CASTLE HILL AVENUE - STRATFORD AVENUE
33.55,474,Queens,CIP NB GCP - TNB
64.0,81,Staten Island,WSE S ARDEN AVENUE - BLOOMINGDALE ROAD
43.49,49,Brooklyn,VNB E-GOWANUS N BROOKLYN GANTRY UPPER LEVEL - 92ND STREET
15.53,269,Bronx,CBE E AMSTERDAM AVE(U/LVL) - MORRIS AVE
22.99,309,Brooklyn,BQE N LEONARD STREET - 46TH STREET
53.43,26,Staten Island,SIE W BRADLEY AVENUE - WOOLEY AVENUE
21.74,65,Staten Island,SIE W BRADLEY AVENUE - WOOLEY AVENUE
12.42,461,Manhattan,West St S Spring St - BBT Manhattan Portal outbound
0.0,0,Staten Island,SIE W - MLK N WOOLEY AVENUE - WLAKER STREET
43.49,206,Queens,VWE S MP6.39 (Exit 11 Jewel Ave) - MP4.63 (Exit 6 Jamaica Ave)
14.91,546,Bronx,CBE W L/LE V AMSTERDAM AVE - I 95 S LOC LNS
52.81,87,Brooklyn,VNB W BROOKLYN GANTRY UPPER LEVEL - SI GANTRY UPPER LEVEL
44.11,48,Brooklyn,VNB E-GOWANUS N BROOKLYN GANTRY LOWER LEVEL - 92ND STREET
43.49,106,Queens,BWB N Queens Anchorage - Toll Plaza
52.81,101,Queens,VWE N MP6.39 (Exit 11 Jewel Ave) - MP8.65 (Exit 13 Northern Blvd)
39.76,76,Queens,BE S TBB EXIT RAMP - MANHATTAN LIFT SPAN
0.0,0,Staten Island,MLK S - SIE W WALKER STREET - RICHMOND AVENUE
20.5,227,Brooklyn,VNB E SI GANTRY UPPER LEVEL - BROOKLYN GANTRY UPPER LEVEL
25.47,394,Manhattan,FDR S 25th St - Catherine Slip
40.38,61,Bronx,BWB N Toll Plaza - HRP N Lafayatte Ave
52.19,51,Staten Island,SIE E SOUTH AVENUE - RICHMOND AVENUE
42.25,104,Bronx,BE S CASTLE HILL AVENUE - STRATFORD AVENUE
32.31,254,Bronx,CBE W U/LEV AMSTERDAM AVE - I95 S EXP LNS
0.0,0,Brooklyn,GOW S 9TH STREET - 7TH AVENUE
44.11,115,Bronx,MDE N RFK Bridge - 142nd St
0.0,0,Manhattan,LINCOLN TUNNEL E CENTER TUBE NJ - NY
24.23,180,Bronx,MDE S HARLEM RIVER PARK - GWB W AMSTERDAM AVENUE UPPER LEVEL
36.03,66,Manhattan,TBB W - FDR S MANHATTAN TRUSS - E116TH STREET
0.0,0,Queens,BE S TBB EXIT RAMP - QUEENS ANCHORAGE
7.45,713,Manhattan,West St S Spring St - BBT Manhattan Portal outbound
42.87,87,Queens,Belt Pkwy W 182nd St - JFK Expressway
31.68,75,Manhattan,TBB W - FDR S MANHATTAN TRUSS - E116TH STREET
0.0,0,Manhattan,FDR S 63rd - 25th St
49.08,95,Bronx,BE N STRATFORD AVENUE - CASTLE HILL AVE
0.0,0,Staten Island,MLK S - SIE W WALKER STREET - RICHMOND AVENUE
56.54,88,Staten Island,WSE N BLOOMUINGDALE ROAD - ARDEN AVENUE
19.88,375,Bronx,BE S Griswold - Castle Hill Avenue
6.21,777,Manhattan,LINCOLN TUNNEL W NORTH TUBE NY - NJ
0.0,0,Brooklyn,VNB E-GOWANUS N BROOKLYN GANTRY UPPER LEVEL - 92ND STREET
43.49,157,Manhattan,FDR S 63rd - 25th St
16.15,304,Manhattan,LINCOLN TUNNEL W NORTH TUBE NY - NJ
59.65,86,Staten Island,WSE S ARDEN AVENUE - BLOOMINGDALE ROAD
14.29,322,Brooklyn,VNB E SI GANTRY LOWER LEVEL - BROOLKYN GANTRY LOWER LEVEL
49.7,57,Staten Island,SIE W RICHMOND AVENUE - SOUTH AVENUE
39.76,162,Queens,BWB S Queens Anchorage - WSE S Exit 14 (Linden Pl)
46.6,138,Queens,BWB S Queens Anchorage - WSE S Exit 14 (Linden Pl)
0.0,0,Staten Island,ROUTE 169 S - MLK WALKER STREET
0.0,0,Brooklyn,GOW N 9TH STREET - ATLANTIC AVENUE
44.73,152,Manhattan,FDR N 25th - 63rd St
34.17,126,Bronx,MDE S HARLEM RIVER PARK - GWB W AMSTERDAM AVENUE UPPER LEVEL
59.03,274,Queens,CIP NB GCP - TNB
58.4,77,Bronx,HRP N LAFAYETTE AVENUE - E TREMONT AVENUE
42.25,51,Staten Island,VNB W-SIE W SI GANTRY LOWER LEVEL - FINGERBOARD ROAD
52.81,104,Queens,Whitestone Expwy S Exit 14 (Linden Pl) - VWE S MP8.65 (Exit 13 Northern Blvd)
45.36,48,Queens,CIP N ramp to TNB - TNB Queens Anchorage
41.63,55,Staten Island,SIE E VNB E FINGERBOARD ROAD - SI GANTRY LOWER LEVEL
44.73,439,Manhattan,Westside Hwy N 57th St - GWB
29.82,131,Queens,LIE WB LITTLE NECK PKWY - NB CIP
49.08,131,Queens,BWB S Queens Anchorage - WSE S Exit 14 (Linden Pl)
42.25,169,Queens,MDE S TBB EXIT RAMP - QUEENS ANCHORAGE
57.16,44,Bronx,CBE E TAYLOR AVENUE - CASTLE HILL AVENUE
31.06,231,Queens,MDE S TBB EXIT RAMP - QUEENS ANCHORAGE
3.1,692,Manhattan,FDR N - TBB E 116TH STREET - MANHATTAN TRUSS
37.28,69,Manhattan,BKN Bridge Manhattan Side - FDR N Catherine Slip
7.45,687,Bronx,MDE N RFK Bridge - 142nd St
31.06,76,Manhattan,FDR N - TBB E 116TH STREET - MANHATTAN TRUSS
29.82,88,Manhattan,FDR S Catherine Slip - BKN Bridge Manhattan Side
17.39,429,Bronx,BE N Castle Hill Avenue - Griswold Ave
31.06,136,Bronx,CBE E AMSTERDAM AVE(U/LVL) - MORRIS AVE
38.52,61,Manhattan,FDR N - TBB E 116TH STREET - MANHATTAN TRUSS
17.39,309,Manhattan,QMT E Manhattan Side - Toll Plaza
45.98,163,Queens,TBB S MANHATTAN LIFT SPAN - QUEENS ANCHORAGE
19.88,504,Manhattan,FDR S 25th St - Catherine Slip
4.97,1644,Bronx,CBE W L/LE V AMSTERDAM AVE - I 95 S LOC LNS
7.45,1595,Queens,Belt Pkwy W JFK Expressway - VWE N Jamaica Ave
20.5,344,Brooklyn,BQE N LEONARD STREET - 46TH STREET
49.08,109,Queens,VWE S MP8.65 (Exit 13 Northern Blvd) - MP6.39 (Exit 11 Jewel Ave)
49.7,111,Queens,Whitestone Expwy S Exit 14 (Linden Pl) - VWE S MP8.65 (Exit 13 Northern Blvd)
43.49,106,Queens,BWB N Queens Anchorage - Toll Plaza
52.81,207,Queens,CVE NB LIE - WILLETS PT BLVD
49.08,152,Bronx,BE S Griswold - Castle Hill Avenue
24.85,288,Brooklyn,BQE S 46TH STREET - LEONARD STREET
36.66,176,Queens,Whitestone Expwy N Exit 14 (Linden Pl) - BWB N Queens Anchorage
59.65,45,Queens,TNB S Qns Anchorage - CIP S @ TNB
49.7,93,Brooklyn,VNB E SI GANTRY LOWER LEVEL - BROOLKYN GANTRY LOWER LEVEL
36.66,58,Brooklyn,VNB E-GOWANUS N BROOKLYN GANTRY UPPER LEVEL - 92ND STREET
36.66,121,Bronx,BE S CASTLE HILL AVENUE - STRATFORD AVENUE
39.14,163,Queens,BWB S Queens Anchorage - WSE S Exit 14 (Linden Pl)
54.68,49,Queens,TNB S Qns Anchorage - CIP S @ TNB
0.0,0,Brooklyn,GOW S 9TH STREET - 7TH AVENUE
24.85,296,Bronx,BE N Castle Hill Avenue - Griswold Ave
46.6,148,Queens,TNB S Toll Plaza - Queens Anchorage
35.41,130,Brooklyn,VNB E SI GANTRY UPPER LEVEL - BROOKLYN GANTRY UPPER LEVEL
55.92,140,Staten Island,WSE N ARDEN AVENUE - VICTORY BLVD
52.81,87,Brooklyn,VNB W BROOKLYN GANTRY UPPER LEVEL - SI GANTRY UPPER LEVEL
19.26,327,Manhattan,12th ave @ 45th - 11 ave ganservoort st
50.33,85,Bronx,CBE AMSTERDAM AVE (L/LVL) - MORRIS AVE
39.76,496,Manhattan,Westside Hwy N 57th St - GWB
58.4,86,Staten Island,WSE N BLOOMUINGDALE ROAD - ARDEN AVENUE
50.95,215,Queens,CIP N Hempstead Tpk - LIE
3.1,1363,Bronx,CBE E AMSTERDAM AVE(U/LVL) - MORRIS AVE
33.55,69,Staten Island,SIE E VNB E FINGERBOARD ROAD - SI GANTRY LOWER LEVEL
0.0,0,Manhattan,BQE N Atlantic Ave - MAN Bridge Manhattan Side
39.76,172,Queens,VWE S MP4.63 (Exit 6 Jamaica Ave) - MP2.66 (Exit 2 Roackaway Blvd)
34.79,294,Manhattan,FDR S 25th St - Catherine Slip
21.74,262,Manhattan,West St S Spring St - BBT Manhattan Portal outbound
28.58,160,Bronx,BWB S Toll Plaza - Queens Anchorage
0.0,0,Staten Island,ROUTE 169 S - MLK WALKER STREET
44.73,112,Queens,LIE E 84TH ST - 108TH ST
55.3,90,Staten Island,WSE N BLOOMUINGDALE ROAD - ARDEN AVENUE
18.64,536,Manhattan,FDR N Catherine Slip - 25th St
44.11,48,Brooklyn,GOW S VNB W 92ND STREET - BKLYN GANTRY LOWER LEVEL
44.11,85,Queens,Belt Pkwy W 182nd St - JFK Expressway
11.8,678,Bronx,CBE W L/LE V AMSTERDAM AVE - I 95 S LOC LNS
7.45,1525,Queens,Belt Pkwy W JFK Expressway - VWE N Jamaica Ave
47.84,53,Bronx,CBE E TAYLOR AVENUE - CASTLE HILL AVENUE
0.0,0,Staten Island,SIE E-MLK N RICHMOND AVENUE - WALKER STREET
2.48,3542,Manhattan,FDR N Catherine Slip - 25th St
14.91,675,Manhattan,FDR N Catherine Slip - 25th St
54.05,109,Staten Island,SIE W FINGERBOARD ROAD - CLOVE ROAD
13.67,464,Manhattan,12th ave @ 45th - 11 ave ganservoort st
0.0,0,Manhattan,BQE N Atlantic Ave - BKN Bridge Manhattan Side
55.3,124,Queens,TNB N Queens Anchorage - Toll Plaza
52.19,102,Queens,VWE N MP8.64 (Exit 13 Northern Blvd) - Whitestone Expwy Exit 14 (Linden Pl)
0.0,0,Staten Island,MLK S - SIE W WALKER STREET - RICHMOND AVENUE
48.46,142,Manhattan,FDR S 63rd - 25th St
54.05,176,Queens,LIE WB LITTLE NECK PKWY - NB CVE
14.29,379,Manhattan,LINCOLN TUNNEL E SOUTH TUBE - NJ - NY
54.68,117,Queens,BWB S Queens Anchorage - WSE S Exit 14 (Linden Pl)
43.49,166,Queens,MDE S TBB EXIT RAMP - QUEENS ANCHORAGE
47.84,89,Brooklyn,GOW N 92ND STREET - 7TH AVENUE
58.4,128,Bronx,BE N Castle Hill Avenue - Griswold Ave
12.42,171,Staten Island,VNB W-SIE W SI GANTRY LOWER LEVEL - FINGERBOARD ROAD
54.05,115,Staten Island,WSE S BLLOMINGDALE ROAD - TYRELLAN AVENUE
40.38,124,Manhattan,LINCOLN TUNNEL W NORTH TUBE NY - NJ
8.69,463,Bronx,CBE W MORRIS AVE - GWB W AMSTERDAM AVE (U/LVL)
59.65,131,Staten Island,WSE S VICTORY BOULEVARD - ARDEN AVENUE
54.05,93,Queens,LIE E 84TH ST - 108TH ST
43.49,163,Brooklyn,BQE S 46TH STREET - LEONARD STREET
36.03,83,Queens,BE S TBB EXIT RAMP - MANHATTAN LIFT SPAN
50.33,318,Queens,CIP NB GCP - TNB
49.08,403,Manhattan,Westside Hwy S GWB - 57th St
15.53,493,Queens,Laurelton Pkwy N @ SSP - CIP N Hempstead Tpk
52.19,89,Brooklyn,VNB E SI GANTRY LOWER LEVEL - BROOLKYN GANTRY LOWER LEVEL
0.0,0,Brooklyn,GOW N 7TH AVENUE - 9TH STREET
13.04,162,Brooklyn,GOW S VNB W 92ND STREET - BKLYN GANTRY LOWER LEVEL
21.12,344,Manhattan,GWB E LOWER LEVEL PLAZA - CBE E LOWER LEVEL AMSTERDAM AVE
18.64,126,Manhattan,TBB W - FDR S MANHATTAN TRUSS - E116TH STREET
46.6,178,Bronx,CBE E CASTLE HILL AVE - BE N WATERBURY AVE
49.7,93,Bronx,BE N STRATFORD AVENUE - CASTLE HILL AVE
12.42,587,Manhattan,GWB E LOWER LEVEL PLAZA - CBE E LOWER LEVEL AMSTERDAM AVE
16.77,140,Manhattan,FDR N - TBB E 116TH STREET - MANHATTAN TRUSS
39.14,407,Queens,CIP NB GCP - TNB
0.0,0,Queens,VWE S MP6.39 (Exit 11 Jewel Ave) - MP4.63 (Exit 6 Jamaica Ave)
4.97,810,Bronx,CBE W MORRIS AVE - GWB W AMSTERDAM AVE (U/LVL)
47.84,44,Brooklyn,VNB E-GOWANUS N BROOKLYN GANTRY UPPER LEVEL - 92ND STREET
45.98,101,Queens,BWB N Queens Anchorage - Toll Plaza
0.0,0,Brooklyn,GOW N 7TH AVENUE - 9TH STREET
45.36,167,Queens,CIP S Hempstead Tpk - Laurelton Pkwy @ SSP
42.87,460,Manhattan,Westside Hwy N 57th St - GWB
41.01,266,Queens,CVE NB LIE - WILLETS PT BLVD
16.15,259,Bronx,CBE AMSTERDAM AVE (L/LVL) - MORRIS AVE
60.89,64,Staten Island,SIE W WOOLEY AVENUE - RICHMOND AVENUE
34.17,83,Staten Island,WSE S SOUTH AVENUE - VICTORY BOULEVARD
0.0,0,Staten Island,MLK N WALKER STREET - NJ ROUTE 169
43.49,49,Staten Island,VNB W-SIE W SI GANTRY LOWER LEVEL - FINGERBOARD ROAD
26.71,403,Queens,VWE S MP2.66 (Exit 2 Rockaway Blvd) - Belt Pkwy E 182nd St
0.0,0,Manhattan,BBT E Manhattan Portal - Toll Plaza
59.65,116,Staten Island,SIE W - WSE S SOUTH AVENUE - SOUTH AVENUE
25.47,104,Manhattan,FDR S Catherine Slip - BKN Bridge Manhattan Side
57.16,116,Staten Island,SIE E BRADLEY AVENUE - CLOVE ROAD
57.16,44,Bronx,CBE W CASTLE HILL AVENUE - TAYLOR AVENUE
55.92,80,Bronx,HRP N LAFAYETTE AVENUE - E TREMONT AVENUE
58.4,282,Queens,CVE NB GCP - WILLETS PT BLVD
53.43,180,Queens,LIE WB LITTLE NECK PKWY - NB CVE
54.68,117,Queens,BWB S Queens Anchorage - WSE S Exit 14 (Linden Pl)
0.0,0,Manhattan,11th ave s ganservoort - west st @ spring st
50.33,106,Queens,VWE N MP6.39 (Exit 11 Jewel Ave) - MP8.65 (Exit 13 Northern Blvd)
0.0,0,Manhattan,BQE N Atlantic Ave - BKN Bridge Manhattan Side
41.63,199,Bronx,CBE W U/LEV AMSTERDAM AVE - I95 S EXP LNS
24.23,422,Manhattan,FDR S 25th St - Catherine Slip
6.83,325,Manhattan,12th Ave S 57th St - 45th St
11.8,361,Bronx,CBE W MORRIS AVE - GWB W AMSTERDAM AVE (U/LVL)
40.38,105,Bronx,CBE W MORRIS AVE - GWB W AMSTERDAM AVE (U/LVL)
31.68,175,Manhattan,LINCOLN TUNNEL E SOUTH TUBE - NJ - NY
14.29,705,Manhattan,FDR S 25th St - Catherine Slip
27.34,142,Staten Island,SIE W WOOLEY AVENUE - RICHMOND AVENUE
21.74,540,Queens,CIP N LIE ramp - TNB
0.0,0,Brooklyn,GOW N 7TH AVENUE - 9TH STREET
20.5,256,Manhattan,QMT E Manhattan Side - Toll Plaza
59.03,133,Staten Island,WSE N ARDEN AVENUE - VICTORY BLVD
34.79,108,Queens,Belt Pkwy W 182nd St - JFK Expressway
10.56,196,Staten island,VNB W-SIE W SI GANTRY UPPER LEVEL - FINGERBOARD ROAD
35.41,121,Bronx,CBE E AMSTERDAM AVE(U/LVL) - MORRIS AVE
49.7,154,Staten Island,WSE S TYRELLAN AVENUE - 440 S FRANCIS STREET
0.0,0,Staten Island,SIE E-MLK N RICHMOND AVENUE - WALKER STREET
55.92,79,Bronx,BE S CASTLE HILL AVENUE - STRATFORD AVENUE
12.42,429,Queens,VWE N MP8.64 (Exit 13 Northern Blvd) - Whitestone Expwy Exit 14 (Linden Pl)
6.83,782,Manhattan,West St S Spring St - BBT Manhattan Portal outbound
9.94,217,Manhattan,12th Ave S 57th St - 45th St
54.68,111,Staten Island,WSE N-SIE E SOUTH AVENUE - SOUTH AVENUE
37.28,201,Bronx,BE S Griswold - Castle Hill Avenue
44.11,170,Queens,TBB S MANHATTAN LIFT SPAN - QUEENS ANCHORAGE
22.36,239,Manhattan,QMT E Manhattan Side - Toll Plaza
45.98,55,Bronx,CBE E TAYLOR AVENUE - CASTLE HILL AVENUE
0.0,0,Manhattan,11th ave n ganservoort - 12th ave @ 40th st
51.57,106,Staten Island,SIE E CLOVE ROAD - FINGERBOARD ROAD
0.0,0,Queens,CIP NB GCP - TNB
58.4,120,Staten Island,SIE W - WSE S SOUTH AVENUE - SOUTH AVENUE
14.91,278,Bronx,CBE E AMSTERDAM AVE(U/LVL) - MORRIS AVE
42.25,50,Brooklyn,VNB E-GOWANUS N BROOKLYN GANTRY LOWER LEVEL - 92ND STREET
0.0,0,Brooklyn,GOW N 7TH AVENUE - 9TH STREET
14.91,177,Staten Island,SIE E SOUTH AVENUE - RICHMOND AVENUE
16.77,142,Manhattan,FDR N - TBB E 116TH STREET - MANHATTAN TRUSS
26.09,286,Bronx,BE S Griswold - Castle Hill Avenue
44.73,47,Brooklyn,VNB E-GOWANUS N BROOKLYN GANTRY LOWER LEVEL - 92ND STREET
60.89,97,Staten Island,SIE W FINGERBOARD ROAD - CLOVE ROAD
0.0,0,Bronx,BRP S FORDHAM ROAD - WATSON AVENUE
50.33,56,Staten Island,SIE W RICHMOND AVENUE - SOUTH AVENUE
6.21,692,Bronx,CBE W MORRIS AVE - GWB W AMSTERDAM AVE (U/LVL)
42.87,178,Staten Island,440 N FRANCIS STREET - WSE N TYRELLAN AVE
8.07,656,Manhattan,11th ave n ganservoort - 12th ave @ 40th st
17.39,281,Queens,LIE W 108TH ST - 84TH ST
22.36,368,Bronx,CBE W U/LEV AMSTERDAM AVE - I95 S EXP LNS
16.77,312,Queens,QMT W Toll Plaza - Manhattan Side
42.87,189,Queens,TBB N QUEENS ANCHORAGE - MANHATTAN LIFT SPAN
49.7,233,Queens,CIP N TNB - Whitestone Expwy S Exit 14 (Linden Pl)
43.49,204,Queens,VWE S MP6.39 (Exit 11 Jewel Ave) - MP4.63 (Exit 6 Jamaica Ave)
44.73,56,Bronx,HRP S Lafayette Ave - BWB S Toll Plaza
0.0,0,Brooklyn,GOW N 7TH AVENUE - 9TH STREET
20.5,128,Manhattan,FDR S Catherine Slip - BKN Bridge Manhattan Side
47.22,161,Staten Island,WSE S TYRELLAN AVENUE - 440 S FRANCIS STREET
56.54,139,Staten Island,WSE S VICTORY BOULEVARD - ARDEN AVENUE
44.11,97,Brooklyn,GOW N 92ND STREET - 7TH AVENUE
54.68,126,Queens,TNB N Queens Anchorage - Toll Plaza
49.08,94,Queens,BWB N Queens Anchorage - Toll Plaza
13.04,420,Manhattan,LINCOLN TUNNEL W CENTER TUBE NY - NJ
45.36,141,Queens,Whitestone Expwy N Exit 14 (Linden Pl) - BWB N Queens Anchorage
0.0,0,Manhattan,BQE N Atlantic Ave - BKN Bridge Manhattan Side
41.01,52,Staten island,VNB W-SIE W SI GANTRY UPPER LEVEL - FINGERBOARD ROAD
32.93,207,Manhattan,FDR S 63rd - 25th St
47.22,33,Staten Island,SIE E WOOLEY AVENUE - BRADLEY AVENUE
29.2,350,Manhattan,FDR S 25th St - Catherine Slip
45.36,94,Brooklyn,GOW N 92ND STREET - 7TH AVENUE
49.7,50,Bronx,BWB N Toll Plaza - HRP N Lafayatte Ave
17.39,248,Bronx,MDE S HARLEM RIVER PARK - GWB W AMSTERDAM AVENUE UPPER LEVEL
53.43,83,Bronx,BE S CASTLE HILL AVENUE - STRATFORD AVENUE
19.88,212,Bronx,CBE AMSTERDAM AVE (L/LVL) - MORRIS AVE
59.03,112,Staten Island,SIE E BRADLEY AVENUE - CLOVE ROAD
20.5,257,Manhattan,11th ave n ganservoort - 12th ave @ 40th st
42.87,49,Brooklyn,GOW S VNB W 92ND STREET - BKLYN GANTRY UPPER LEVEL
50.33,57,Staten Island,WSE S SOUTH AVENUE - VICTORY BOULEVARD
57.16,137,Staten Island,WSE N ARDEN AVENUE - VICTORY BLVD
0.0,0,Staten Island,SIE W - MLK N WOOLEY AVENUE - WLAKER STREET
54.68,97,Queens,VWE N MP6.39 (Exit 11 Jewel Ave) - MP8.65 (Exit 13 Northern Blvd)
36.66,292,Queens,VWE S MP2.66 (Exit 2 Rockaway Blvd) - Belt Pkwy E 182nd St
36.66,210,Staten Island,440 N FRANCIS STREET - WSE N TYRELLAN AVE
0.0,0,Brooklyn,BQE S 46TH STREET - LEONARD STREET
9.32,232,Manhattan,12th Ave S 57th St - 45th St
41.63,55,Staten Island,SIE E VNB E FINGERBOARD ROAD - SI GANTRY UPPER LEVEL
47.22,53,Bronx,HRP S Lafayette Ave - BWB S Toll Plaza
50.33,177,Queens,VWE N MP4.63 (Exit 6 - Jamaica Ave) - MP6.39 (Exit 11 Jewel Ave)
0.0,0,Queens,BWB S Queens Anchorage - WSE S Exit 14 (Linden Pl)
30.44,164,Queens,LIE E 84TH ST - 108TH ST
15.53,312,Staten Island,WSE N BLOOMUINGDALE ROAD - ARDEN AVENUE
0.0,0,Bronx,BRP S FORDHAM ROAD - WATSON AVENUE
62.75,79,Staten Island,WSE N BLOOMUINGDALE ROAD - ARDEN AVENUE
0.0,0,Manhattan,LINCOLN TUNNEL E CENTER TUBE NJ - NY
0.0,0,Queens,BE S TBB EXIT RAMP - QUEENS ANCHORAGE
56.54,121,Queens,TNB S Toll Plaza - Queens Anchorage
37.9,198,Queens,TBB S MANHATTAN LIFT SPAN - QUEENS ANCHORAGE
60.27,126,Queens,CIP S Hempstead Tpk - Laurelton Pkwy @ SSP
41.63,128,Queens,VWE N MP8.64 (Exit 13 Northern Blvd) - Whitestone Expwy Exit 14 (Linden Pl)
44.73,60,Queens,TNB S Qns Anchorage - CIP S @ TNB
52.19,102,Queens,VWE N MP6.39 (Exit 11 Jewel Ave) - MP8.65 (Exit 13 Northern Blvd)
0.0,0,Brooklyn,GOW N 9TH STREET - ATLANTIC AVENUE
57.16,78,Bronx,BE S CASTLE HILL AVENUE - STRATFORD AVENUE
21.74,264,Manhattan,West St S Spring St - BBT Manhattan Portal outbound
11.8,266,Manhattan,12th Ave N 40th - 57th St
24.23,295,Brooklyn,BQE N LEONARD STREET - 46TH STREET
12.42,368,Bronx,BWB S Toll Plaza - Queens Anchorage
34.17,157,Queens,QMT W Toll Plaza - Manhattan Side
48.46,44,Staten Island,VNB W-SIE W SI GANTRY LOWER LEVEL - FINGERBOARD ROAD
56.54,136,Staten Island,WSE S TYRELLAN AVENUE - 440 S FRANCIS STREET
31.68,242,Staten Island,440 N FRANCIS STREET - WSE N TYRELLAN AVE
44.11,96,Brooklyn,GOW N 92ND STREET - 7TH AVENUE
8.07,303,Bronx,CBE W CASTLE HILL AVENUE - TAYLOR AVENUE
50.95,91,Queens,BWB N Queens Anchorage - Toll Plaza
45.98,175,Queens,TBB N QUEENS ANCHORAGE - MANHATTAN LIFT SPAN
18.01,241,Bronx,MDE S HARLEM RIVER PARK - GWB W AMSTERDAM AVENUE UPPER LEVEL
24.23,226,Manhattan,LINCOLN TUNNEL E SOUTH TUBE - NJ - NY
52.19,120,Staten Island,WSE S BLLOMINGDALE ROAD - TYRELLAN AVENUE
51.57,49,Bronx,CBE W CASTLE HILL AVENUE - TAYLOR AVENUE
52.81,88,Bronx,BE N STRATFORD AVENUE - CASTLE HILL AVE
6.83,904,Manhattan,12th ave @ 45th - 11 ave ganservoort st
44.73,185,Bronx,CBE E CASTLE HILL AVE - BE N WATERBURY AVE
1.86,1141,Manhattan,12th Ave S 57th St - 45th St
49.7,86,Brooklyn,GOW S 7TH AVENUE - 92ND STREET
0.0,0,Brooklyn,VNB E-GOWANUS N BROOKLYN GANTRY UPPER LEVEL - 92ND STREET
53.43,83,Bronx,HRP N LAFAYETTE AVENUE - E TREMONT AVENUE
39.76,273,Queens,VWE S MP2.66 (Exit 2 Rockaway Blvd) - Belt Pkwy E 182nd St
57.78,44,Bronx,CBE W CASTLE HILL AVENUE - TAYLOR AVENUE
49.08,87,Bronx,CBE W MORRIS AVE - GWB W AMSTERDAM AVE (L/LVL)
49.7,325,Queens,CIP NB GCP - TNB
46.6,154,Brooklyn,BQE N LEONARD STREET - 46TH STREET
49.08,140,Queens,VWE S MP4.63 (Exit 6 Jamaica Ave) - MP2.66 (Exit 2 Roackaway Blvd)
63.37,82,Staten Island,WSE S ARDEN AVENUE - BLOOMINGDALE ROAD
0.0,0,Manhattan,BQE N Atlantic Ave - BKN Bridge Manhattan Side
0.0,0,Staten Island,440 N FRANCIS STREET - WSE N TYRELLAN AVE
4.34,730,Manhattan,11th ave s ganservoort - west st @ spring st
31.68,214,Manhattan,FDR N 25th - 63rd St
0.0,0,Brooklyn,GOW N 9TH STREET - ATLANTIC AVENUE
54.05,108,Staten Island,SIE W FINGERBOARD ROAD - CLOVE ROAD
21.12,237,Manhattan,LINCOLN TUNNEL W NORTH TUBE NY - NJ
19.26,258,Manhattan,LINCOLN TUNNEL W NORTH TUBE NY - NJ
41.63,128,Queens,VWE N MP6.39 (Exit 11 Jewel Ave) - MP8.65 (Exit 13 Northern Blvd)
8.07,1421,Queens,Belt Pkwy W JFK Expressway - VWE N Jamaica Ave
54.68,107,Staten Island,SIE W FINGERBOARD ROAD - CLOVE ROAD
51.57,121,Staten Island,WSE S BLLOMINGDALE ROAD - TYRELLAN AVENUE
22.36,328,Queens,TBB S MANHATTAN LIFT SPAN - QUEENS ANCHORAGE
61.51,114,Staten Island,SIE W - WSE S SOUTH AVENUE - SOUTH AVENUE
10.56,608,Manhattan,BBT E Manhattan Portal - Toll Plaza
18.01,130,Manhattan,FDR N - TBB E 116TH STREET - MANHATTAN TRUSS
49.08,87,Brooklyn,GOW S 7TH AVENUE - 92ND STREET
24.23,107,Manhattan,FDR S Catherine Slip - BKN Bridge Manhattan Side
60.27,131,Staten Island,WSE S VICTORY BOULEVARD - ARDEN AVENUE
52.19,106,Staten Island,SIE E CLOVE ROAD - FINGERBOARD ROAD
27.96,340,Queens,LIE WB LITTLE NECK PKWY - NB CVE
59.03,54,Staten Island,WSE N VICTORY BLVD - SOUTH AVENUE
5.59,542,Manhattan,11th ave s ganservoort - west st @ spring st
50.95,126,Queens,Whitestone Expwy N Exit 14 (Linden Pl) - BWB N Queens Anchorage
52.81,173,Queens,Belt Pkwy E 182nd St - Laurelton Pkwy N @ SSP
45.36,238,Queens,VWE S MP2.66 (Exit 2 Rockaway Blvd) - Belt Pkwy E 182nd St
0.0,0,Bronx,CBE W L/LE V AMSTERDAM AVE - I 95 S LOC LNS
0.0,0,Queens,VWE S MP6.39 (Exit 11 Jewel Ave) - MP4.63 (Exit 6 Jamaica Ave)
9.94,424,Bronx,CBE E AMSTERDAM AVE(U/LVL) - MORRIS AVE
17.39,308,Manhattan,QMT E Manhattan Side - Toll Plaza
0.0,0,Brooklyn,GOW N 9TH STREET - ATLANTIC AVENUE
58.4,103,Staten Island,WSE N-SIE E SOUTH AVENUE - SOUTH AVENUE
44.11,48,Brooklyn,VNB E-GOWANUS N BROOKLYN GANTRY LOWER LEVEL - 92ND STREET
58.4,86,Staten Island,WSE N BLOOMUINGDALE ROAD - ARDEN AVENUE
33.55,194,Manhattan,BBT E Manhattan Portal - Toll Plaza
45.36,102,Brooklyn,VNB E SI GANTRY LOWER LEVEL - BROOLKYN GANTRY LOWER LEVEL
39.76,161,Manhattan,BBT W Toll Plaza - Manhattan Portal
37.28,314,Queens,CIP N LIE ramp - TNB
1.86,1345,Bronx,CBE W CASTLE HILL AVENUE - TAYLOR AVENUE
0.0,0,Brooklyn,GOW N 7TH AVENUE - 9TH STREET
48.46,114,Queens,Whitestone Expwy S Exit 14 (Linden Pl) - VWE S MP8.65 (Exit 13 Northern Blvd)
55.3,139,Staten Island,WSE S TYRELLAN AVENUE - 440 S FRANCIS STREET
65.86,78,Staten Island,WSE S ARDEN AVENUE - BLOOMINGDALE ROAD
16.15,267,Bronx,MDE S HARLEM RIVER PARK - GWB W AMSTERDAM AVENUE UPPER LEVEL
9.32,1256,Queens,Belt Pkwy W JFK Expressway - VWE N Jamaica Ave
52.19,102,Queens,VWE N MP8.64 (Exit 13 Northern Blvd) - Whitestone Expwy Exit 14 (Linden Pl)
30.44,271,Bronx,CBE W U/LEV AMSTERDAM AVE - I95 S EXP LNS
5.59,910,Manhattan,11th ave n ganservoort - 12th ave @ 40th st
56.54,88,Queens,LIE E 84TH ST - 108TH ST
0.0,0,Manhattan,West St S Spring St - BBT Manhattan Portal outbound
0.0,0,Manhattan,12th Ave N 40th - 57th St
58.4,43,Bronx,CBE W CASTLE HILL AVENUE - TAYLOR AVENUE
5.59,1014,Manhattan,West St S Spring St - BBT Manhattan Portal outbound
48.46,95,Brooklyn,VNB E SI GANTRY UPPER LEVEL - BROOKLYN GANTRY UPPER LEVEL
54.68,143,Staten Island,WSE N ARDEN AVENUE - VICTORY BLVD
67.72,76,Staten Island,WSE S ARDEN AVENUE - BLOOMINGDALE ROAD
0.0,0,Staten Island,SIE E-MLK N RICHMOND AVENUE - WALKER STREET
45.98,162,Bronx,BE S Griswold - Castle Hill Avenue
47.22,90,Bronx,CBE E AMSTERDAM AVE(U/LVL) - MORRIS AVE
17.39,304,Manhattan,QMT E Manhattan Side - Toll Plaza
37.9,135,Bronx,MDE N RFK Bridge - 142nd St
53.43,40,Staten island,VNB W-SIE W SI GANTRY UPPER LEVEL - FINGERBOARD ROAD
27.34,400,Queens,CIP S LIE - Hempstead Tpk
15.53,179,Staten Island,WSE S SOUTH AVENUE - VICTORY BOULEVARD
34.17,157,Manhattan,QMT E Manhattan Side - Toll Plaza
47.84,89,Bronx,CBE E AMSTERDAM AVE(U/LVL) - MORRIS AVE
8.07,279,Manhattan,12th Ave S 57th St - 45th St
32.93,195,Manhattan,BBT E Manhattan Portal - Toll Plaza
14.29,609,Queens,VWE S MP6.39 (Exit 11 Jewel Ave) - MP4.63 (Exit 6 Jamaica Ave)
52.81,51,Staten Island,SIE E SOUTH AVENUE - RICHMOND AVENUE
54.68,136,Bronx,BE N Castle Hill Avenue - Griswold Ave
24.23,176,Bronx,CBE E AMSTERDAM AVE(U/LVL) - MORRIS AVE
41.63,51,Brooklyn,VNB E-GOWANUS N BROOKLYN GANTRY UPPER LEVEL - 92ND STREET
50.33,142,Brooklyn,BQE N LEONARD STREET - 46TH STREET
25.47,401,Manhattan,FDR N Catherine Slip - 25th St
27.34,83,Staten Island,SIE E VNB E FINGERBOARD ROAD - SI GANTRY UPPER LEVEL
54.68,125,Queens,TNB S Toll Plaza - Queens Anchorage
51.57,82,Bronx,CBE E AMSTERDAM AVE(U/LVL) - MORRIS AVE
63.37,81,Staten Island,WSE S ARDEN AVENUE - BLOOMINGDALE ROAD
9.32,561,Manhattan,11th ave n ganservoort - 12th ave @ 40th st
16.15,393,Manhattan,BBT W Toll Plaza - Manhattan Portal
41.63,220,Queens,Belt Pkwy E 182nd St - Laurelton Pkwy N @ SSP
44.73,167,Queens,TBB S MANHATTAN LIFT SPAN - QUEENS ANCHORAGE
27.34,253,Queens,VWE S MP4.63 (Exit 6 Jamaica Ave) - MP2.66 (Exit 2 Roackaway Blvd)
14.91,178,Staten Island,SIE E SOUTH AVENUE - RICHMOND AVENUE
49.7,147,Manhattan,GWB E LOWER LEVEL PLAZA - CBE E LOWER LEVEL AMSTERDAM AVE
60.89,41,Bronx,CBE E TAYLOR AVENUE - CASTLE HILL AVENUE
55.3,84,Brooklyn,VNB W BROOKLYN GANTRY LOWER LEVEL - SI GANTRY LOWER LEVEL
39.76,98,Staten Island,SIE W WOOLEY AVENUE - RICHMOND AVENUE
14.29,296,Bronx,CBE AMSTERDAM AVE (L/LVL) - MORRIS AVE
13.67,461,Manhattan,12th ave @ 45th - 11 ave ganservoort st
54.05,139,Staten Island,WSE N TYRELLAN AVENUE - BLOOMINGDALE ROAD
52.81,40,Brooklyn,VNB E-GOWANUS N BROOKLYN GANTRY LOWER LEVEL - 92ND STREET
0.0,0,Staten Island,MLK S - SIE E WALKER STREET - WOOLEY AVENUE
62.75,83,Staten Island,WSE S ARDEN AVENUE - BLOOMINGDALE ROAD
0.0,0,Staten Island,SIE E-MLK N RICHMOND AVENUE - WALKER STREET
52.19,122,Queens,Whitestone Expwy N Exit 14 (Linden Pl) - BWB N Queens Anchorage
50.33,183,Queens,Belt Pkwy E 182nd St - Laurelton Pkwy N @ SSP
16.77,190,Manhattan,12th Ave N 40th - 57th St
0.0,0,Brooklyn,GOW S 9TH STREET - 7TH AVENUE
0.0,0,Staten Island,MLK S - SIE W WALKER STREET - RICHMOND AVENUE
57.78,287,Queens,CVE NB GCP - WILLETS PT BLVD
52.81,207,Queens,CIP N Hempstead Tpk - LIE
52.81,47,Bronx,CBE E TAYLOR AVENUE - CASTLE HILL AVENUE
49.7,129,Queens,BWB S Queens Anchorage - WSE S Exit 14 (Linden Pl)
0.0,0,Staten Island,ROUTE 169 S - MLK WALKER STREET
0.0,0,Brooklyn,GOW N 7TH AVENUE - 9TH STREET
41.01,123,Bronx,MDE N RFK Bridge - 142nd St
54.68,199,Queens,CIP S LIE - Hempstead Tpk
54.68,140,Staten Island,WSE S TYRELLAN AVENUE - 440 S FRANCIS STREET
49.08,112,Queens,Whitestone Expwy S Exit 14 (Linden Pl) - VWE S MP8.65 (Exit 13 Northern Blvd)
15.53,323,Manhattan,LINCOLN TUNNEL W NORTH TUBE NY - NJ
1.24,5844,Bronx,CBE W L/LE V AMSTERDAM AVE - I 95 S LOC LNS
50.33,56,Staten Island,SIE W RICHMOND AVENUE - SOUTH AVENUE
7.45,279,Staten island,VNB W-SIE W SI GANTRY UPPER LEVEL - FINGERBOARD ROAD
20.5,564,Queens,CIP N LIE ramp - TNB
59.65,117,Staten Island,SIE W - WSE S SOUTH AVENUE - SOUTH AVENUE
58.4,130,Queens,CIP S Hempstead Tpk - Laurelton Pkwy @ SSP
8.07,638,Queens,QMT W Toll Plaza - Manhattan Side
35.41,234,Bronx,CBE W U/LEV AMSTERDAM AVE - I95 S EXP LNS
0.0,0,Staten Island,MLK N WALKER STREET - NJ ROUTE 169
18.01,117,Brooklyn,VNB E-GOWANUS N BROOKLYN GANTRY UPPER LEVEL - 92ND STREET
42.25,119,Manhattan,LINCOLN TUNNEL W NORTH TUBE NY - NJ
53.43,87,Bronx,BWB S Toll Plaza - Queens Anchorage
0.0,0,Staten Island,SIE E-MLK N RICHMOND AVENUE - WALKER STREET
49.08,113,Queens,Whitestone Expwy S Exit 14 (Linden Pl) - VWE S MP8.65 (Exit 13 Northern Blvd)
0.0,0,Manhattan,BQE N Atlantic Ave - BKN Bridge Manhattan Side
40.38,114,Brooklyn,VNB E SI GANTRY LOWER LEVEL - BROOLKYN GANTRY LOWER LEVEL
36.66,43,Staten Island,SIE E WOOLEY AVENUE - BRADLEY AVENUE
30.44,153,Bronx,BWB S Toll Plaza - Queens Anchorage
16.77,83,Staten Island,SIE W BRADLEY AVENUE - WOOLEY AVENUE
56.54,88,Queens,LIE E 84TH ST - 108TH ST
0.0,0,Staten Island,ROUTE 169 S - MLK WALKER STREET
0.0,0,Manhattan,BQE N Atlantic Ave - BKN Bridge Manhattan Side
37.28,116,Bronx,MDE S HARLEM RIVER PARK - GWB W AMSTERDAM AVENUE UPPER LEVEL
45.36,48,Queens,CIP N ramp to TNB - TNB Queens Anchorage
42.87,116,Manhattan,LINCOLN TUNNEL W NORTH TUBE NY - NJ
0.0,0,Queens,BE S TBB EXIT RAMP - QUEENS ANCHORAGE
55.92,148,Bronx,CBE E CASTLE HILL AVE - BE N WATERBURY AVE
18.64,282,Queens,VWE N MP8.64 (Exit 13 Northern Blvd) - Whitestone Expwy Exit 14 (Linden Pl)
35.41,183,Manhattan,BBT E Manhattan Portal - Toll Plaza
45.36,166,Queens,TBB S MANHATTAN LIFT SPAN - QUEENS ANCHORAGE
39.76,58,Staten Island,SIE E VNB E FINGERBOARD ROAD - SI GANTRY LOWER LEVEL
49.08,109,Queens,VWE N MP8.64 (Exit 13 Northern Blvd) - Whitestone Expwy Exit 14 (Linden Pl)
55.3,97,Queens,VWE S MP8.65 (Exit 13 Northern Blvd) - MP6.39 (Exit 11 Jewel Ave)
57.78,114,Staten Island,SIE E BRADLEY AVENUE - CLOVE ROAD
47.84,59,Staten Island,WSE S SOUTH AVENUE - VICTORY BOULEVARD
0.0,0,Staten Island,SIE E-MLK N RICHMOND AVENUE - WALKER STREET
0.0,0,Queens,LIE E 84TH ST - 108TH ST
0.0,0,Staten Island,MLK N WALKER STREET - NJ ROUTE 169
31.06,228,Brooklyn,BQE S 46TH STREET - LEONARD STREET
37.28,69,Manhattan,BKN Bridge Manhattan Side - FDR N Catherine Slip
55.3,136,Staten Island,WSE N TYRELLAN AVENUE - BLOOMINGDALE ROAD
12.42,965,Queens,Belt Pkwy W JFK Expressway - VWE N Jamaica Ave
27.34,180,Queens,LIE E 84TH ST - 108TH ST
11.8,487,Manhattan,West St S Spring St - BBT Manhattan Portal outbound
55.3,71,Staten Island,SIE W WOOLEY AVENUE - RICHMOND AVENUE
54.05,139,Staten Island,WSE N TYRELLAN AVENUE - BLOOMINGDALE ROAD
0.0,0,Brooklyn,GOW N 7TH AVENUE - 9TH STREET
43.49,49,Brooklyn,VNB E-GOWANUS N BROOKLYN GANTRY UPPER LEVEL - 92ND STREET
52.81,95,Staten Island,WSE N BLOOMUINGDALE ROAD - ARDEN AVENUE
13.67,394,Manhattan,11th ave n ganservoort - 12th ave @ 40th st
49.08,51,Bronx,CBE E TAYLOR AVENUE - CASTLE HILL AVENUE
13.67,507,Brooklyn,BQE S 46TH STREET - LEONARD STREET
60.89,114,Staten Island,SIE W - WSE S SOUTH AVENUE - SOUTH AVENUE
49.08,109,Queens,VWE N MP6.39 (Exit 11 Jewel Ave) - MP8.65 (Exit 13 Northern Blvd)
37.9,205,Queens,Laurelton Pkwy N @ SSP - CIP N Hempstead Tpk
23.61,166,Queens,LIE WB LITTLE NECK PKWY - NB CIP
24.23,286,Queens,VWE S MP4.63 (Exit 6 Jamaica Ave) - MP2.66 (Exit 2 Roackaway Blvd)
50.33,50,Bronx,BWB N Toll Plaza - HRP N Lafayatte Ave
29.82,365,Queens,CVE NB LIE - WILLETS PT BLVD
54.05,79,Bronx,CBE E AMSTERDAM AVE(U/LVL) - MORRIS AVE
54.05,127,Queens,TNB N Queens Anchorage - Toll Plaza
45.98,161,Bronx,BE N Castle Hill Avenue - Griswold Ave
53.43,103,Staten Island,SIE E CLOVE ROAD - FINGERBOARD ROAD
44.11,57,Bronx,CBE E TAYLOR AVENUE - CASTLE HILL AVENUE
45.98,207,Queens,LIE WB LITTLE NECK PKWY - NB CVE
35.41,155,Bronx,BRP N WATSON AVENUE - FORDHAM ROAD
64.62,50,Staten Island,WSE N VICTORY BLVD - SOUTH AVENUE
43.49,235,Manhattan,FDR S 25th St - Catherine Slip
46.6,47,Queens,CIP N ramp to TNB - TNB Queens Anchorage
0.0,0,Staten Island,SIE E-MLK N RICHMOND AVENUE - WALKER STREET
16.15,326,Queens,VWE N MP6.39 (Exit 11 Jewel Ave) - MP8.65 (Exit 13 Northern Blvd)
11.18,474,Manhattan,LINCOLN TUNNEL E SOUTH TUBE - NJ - NY
52.81,88,Brooklyn,VNB W BROOKLYN GANTRY LOWER LEVEL - SI GANTRY LOWER LEVEL
18.64,228,Bronx,MDE S HARLEM RIVER PARK - GWB W AMSTERDAM AVENUE UPPER LEVEL
13.04,330,Bronx,CBE AMSTERDAM AVE (L/LVL) - MORRIS AVE
53.43,151,Bronx,I-87 NYST S Exit 1 - MDE S Van Cortlandt Park
58.4,157,Queens,Belt Pkwy E 182nd St - Laurelton Pkwy N @ SSP
52.81,145,Staten Island,WSE S TYRELLAN AVENUE - 440 S FRANCIS STREET
50.95,126,Queens,BWB S Queens Anchorage - WSE S Exit 14 (Linden Pl)
58.4,119,Staten Island,SIE W - WSE S SOUTH AVENUE - SOUTH AVENUE
33.55,159,Manhattan,QMT E Manhattan Side - Toll Plaza
22.36,224,Staten Island,WSE N BLOOMUINGDALE ROAD - ARDEN AVENUE
0.0,0,Brooklyn,GOW S 9TH STREET - 7TH AVENUE
49.08,43,Brooklyn,VNB E-GOWANUS N BROOKLYN GANTRY UPPER LEVEL - 92ND STREET
12.42,168,Staten Island,VNB W-SIE W SI GANTRY LOWER LEVEL - FINGERBOARD ROAD
27.96,257,Brooklyn,BQE N LEONARD STREET - 46TH STREET
23.61,128,Queens,BE S TBB EXIT RAMP - MANHATTAN LIFT SPAN
38.52,60,Staten Island,SIE E VNB E FINGERBOARD ROAD - SI GANTRY LOWER LEVEL
43.49,205,Queens,VWE S MP6.39 (Exit 11 Jewel Ave) - MP4.63 (Exit 6 Jamaica Ave)
43.49,165,Brooklyn,BQE S 46TH STREET - LEONARD STREET
55.92,115,Queens,BWB S Queens Anchorage - WSE S Exit 14 (Linden Pl)
0.0,0,Staten Island,ROUTE 169 S - MLK WALKER STREET
54.05,119,Queens,BWB S Queens Anchorage - WSE S Exit 14 (Linden Pl)
44.11,448,Manhattan,Westside Hwy N 57th St - GWB
49.7,50,Bronx,BWB N Toll Plaza - HRP N Lafayatte Ave
51.57,87,Bronx,BE S CASTLE HILL AVENUE - STRATFORD AVENUE
10.56,390,Bronx,CBE E AMSTERDAM AVE(U/LVL) - MORRIS AVE
60.27,42,Bronx,CBE W CASTLE HILL AVENUE - TAYLOR AVENUE
50.33,136,Queens,TNB N Queens Anchorage - Toll Plaza
49.08,44,Queens,CIP N ramp to TNB - TNB Queens Anchorage
19.88,246,Manhattan,LINCOLN TUNNEL W NORTH TUBE NY - NJ
18.01,401,Manhattan,GWB E LOWER LEVEL PLAZA - CBE E LOWER LEVEL AMSTERDAM AVE
18.64,369,Manhattan,FDR S 63rd - 25th St
19.88,344,Staten Island,SIE W - WSE S SOUTH AVENUE - SOUTH AVENUE
54.68,114,Staten Island,WSE S BLLOMINGDALE ROAD - TYRELLAN AVENUE
3.72,1019,Bronx,CBE W MORRIS AVE - GWB W AMSTERDAM AVE (L/LVL)
49.08,86,Bronx,CBE E AMSTERDAM AVE(U/LVL) - MORRIS AVE
44.11,146,Manhattan,BBT W Toll Plaza - Manhattan Portal
49.7,86,Bronx,CBE E AMSTERDAM AVE(U/LVL) - MORRIS AVE
30.44,211,Manhattan,BBT E Manhattan Portal - Toll Plaza
52.19,89,Bronx,BE N STRATFORD AVENUE - CASTLE HILL AVE
0.0,0,Staten Island,MLK S - SIE E WALKER STREET - WOOLEY AVENUE
16.15,308,Queens,LIE E 84TH ST - 108TH ST
39.14,117,Queens,BWB N Queens Anchorage - Toll Plaza
32.31,313,Manhattan,FDR N Catherine Slip - 25th St
0.0,0,Staten Island,SIE E-MLK N RICHMOND AVENUE - WALKER STREET
0.0,0,Bronx,BRP S FORDHAM ROAD - WATSON AVENUE
50.95,52,Staten Island,SIE E SOUTH AVENUE - RICHMOND AVENUE
42.87,167,Queens,MDE S TBB EXIT RAMP - QUEENS ANCHORAGE
65.24,79,Staten Island,WSE S ARDEN AVENUE - BLOOMINGDALE ROAD
6.83,1159,Bronx,CBE W L/LE V AMSTERDAM AVE - I 95 S LOC LNS
0.0,0,Queens,BWB S Queens Anchorage - WSE S Exit 14 (Linden Pl)
47.84,45,Brooklyn,GOW S VNB W 92ND STREET - BKLYN GANTRY LOWER LEVEL
24.85,171,Bronx,CBE AMSTERDAM AVE (L/LVL) - MORRIS AVE
55.92,105,Staten Island,SIE W FINGERBOARD ROAD - CLOVE ROAD
10.56,536,Staten Island,SIE W FINGERBOARD ROAD - CLOVE ROAD
44.73,95,Bronx,CBE E AMSTERDAM AVE(U/LVL) - MORRIS AVE
47.22,98,Brooklyn,VNB E SI GANTRY UPPER LEVEL - BROOKLYN GANTRY UPPER LEVEL
31.68,205,Manhattan,BBT W Toll Plaza - Manhattan Portal
37.28,530,Manhattan,Westside Hwy S GWB - 57th St
53.43,83,Bronx,HRP N LAFAYETTE AVENUE - E TREMONT AVENUE
32.93,195,Manhattan,BBT E Manhattan Portal - Toll Plaza
36.66,185,Manhattan,FDR N 25th - 63rd St
51.57,55,Staten Island,WSE S SOUTH AVENUE - VICTORY BOULEVARD
60.89,134,Bronx,I-87 NYST S Exit 1 - MDE S Van Cortlandt Park
0.0,0,Bronx,BRP N WATSON AVENUE - FORDHAM ROAD
0.0,0,Staten Island,MLK S - SIE E WALKER STREET - WOOLEY AVENUE
55.92,99,Staten Island,SIE E CLOVE ROAD - FINGERBOARD ROAD
39.76,65,Manhattan,BKN Bridge Manhattan Side - FDR N Catherine Slip
0.0,0,Manhattan,LINCOLN TUNNEL E SOUTH TUBE - NJ - NY
48.46,190,Queens,Belt Pkwy E 182nd St - Laurelton Pkwy N @ SSP
18.64,434,Queens,TBB N QUEENS ANCHORAGE - MANHATTAN LIFT SPAN
21.12,504,Queens,VWE S MP2.66 (Exit 2 Rockaway Blvd) - Belt Pkwy E 182nd St
12.42,562,Brooklyn,BQE S 46TH STREET - LEONARD STREET
16.15,477,Queens,Laurelton Pkwy N @ SSP - CIP N Hempstead Tpk
40.38,58,Manhattan,FDR N - TBB E 116TH STREET - MANHATTAN TRUSS
64.0,81,Staten Island,WSE S ARDEN AVENUE - BLOOMINGDALE ROAD
55.92,95,Queens,VWE S MP8.65 (Exit 13 Northern Blvd) - MP6.39 (Exit 11 Jewel Ave)
42.87,92,Queens,LIE WB LITTLE NECK PKWY - NB CIP
0.0,0,Staten Island,SIE E-MLK N RICHMOND AVENUE - WALKER STREET
13.04,518,Manhattan,FDR N 25th - 63rd St
0.0,0,Manhattan,BQE N Atlantic Ave - MAN Bridge Manhattan Side
0.0,0,Bronx,CBE W L/LE V AMSTERDAM AVE - I 95 S LOC LNS
24.85,279,Queens,VWE S MP4.63 (Exit 6 Jamaica Ave) - MP2.66 (Exit 2 Roackaway Blvd)
0.0,0,Brooklyn,GOW S 9TH STREET - 7TH AVENUE
0.0,0,Staten Island,SIE E-MLK N RICHMOND AVENUE - WALKER STREET
52.19,144,Bronx,BE N Castle Hill Avenue - Griswold Ave
0.0,0,Manhattan,BQE N Atlantic Ave - BKN Bridge Manhattan Side
0.0,0,Brooklyn,GOW N 7TH AVENUE - 9TH STREET
16.77,158,Queens,TNB S Qns Anchorage - CIP S @ TNB
14.29,367,Manhattan,11th ave n ganservoort - 12th ave @ 40th st
0.0,0,Bronx,I-87 NYST S Exit 1 - MDE S Van Cortlandt Park
0.0,0,Brooklyn,BQE S - GOW S ALTANTIC AVENUE - 9TH STREET
15.53,203,Manhattan,12th Ave N 40th - 57th St
62.75,110,Staten Island,SIE W - WSE S SOUTH AVENUE - SOUTH AVENUE
63.37,81,Staten Island,WSE S ARDEN AVENUE - BLOOMINGDALE ROAD
41.01,51,Staten Island,VNB W-SIE W SI GANTRY LOWER LEVEL - FINGERBOARD ROAD
43.49,53,Staten Island,SIE E VNB E FINGERBOARD ROAD - SI GANTRY LOWER LEVEL
0.0,0,Staten Island,MLK S - SIE W WALKER STREET - RICHMOND AVENUE
17.39,411,Brooklyn,BQE S 46TH STREET - LEONARD STREET
17.39,395,Queens,TNB S Toll Plaza - Queens Anchorage
60.89,133,Bronx,I-87 NYST S Exit 1 - MDE S Van Cortlandt Park
16.77,157,Manhattan,FDR S Catherine Slip - BKN Bridge Manhattan Side
59.03,138,Bronx,I-87 NYST S Exit 1 - MDE S Van Cortlandt Park
0.0,0,Queens,BE S TBB EXIT RAMP - QUEENS ANCHORAGE
59.65,86,Staten Island,WSE S ARDEN AVENUE - BLOOMINGDALE ROAD
49.7,79,Staten Island,SIE E RICHMOND AVENUE - WOOLEY AVENUE
47.84,29,Staten Island,SIE W BRADLEY AVENUE - WOOLEY AVENUE
55.3,77,Bronx,CBE W MORRIS AVE - GWB W AMSTERDAM AVE (U/LVL)
51.57,90,Brooklyn,VNB W BROOKLYN GANTRY LOWER LEVEL - SI GANTRY LOWER LEVEL
55.3,125,Queens,TNB S Toll Plaza - Queens Anchorage
50.33,149,Bronx,BE N Castle Hill Avenue - Griswold Ave
6.21,342,Manhattan,12th Ave S 57th St - 45th St
55.92,105,Staten Island,SIE W FINGERBOARD ROAD - CLOVE ROAD
59.65,54,Staten Island,WSE N VICTORY BLVD - SOUTH AVENUE
58.4,101,Staten Island,SIE W FINGERBOARD ROAD - CLOVE ROAD
56.54,47,Staten Island,SIE E SOUTH AVENUE - RICHMOND AVENUE
21.74,539,Queens,CIP N LIE ramp - TNB
43.49,249,Queens,CVE NB LIE - WILLETS PT BLVD
36.03,74,Queens,TNB S Qns Anchorage - CIP S @ TNB
34.79,232,Bronx,I-87 NYST S Exit 1 - MDE S Van Cortlandt Park
31.06,327,Manhattan,FDR N Catherine Slip - 25th St
41.63,173,Queens,MDE S TBB EXIT RAMP - QUEENS ANCHORAGE
43.49,158,Manhattan,FDR S 63rd - 25th St
44.73,245,Queens,CIP N Hempstead Tpk - LIE
46.6,46,Brooklyn,GOW S VNB W 92ND STREET - BKLYN GANTRY UPPER LEVEL
29.2,253,Bronx,BE S Griswold - Castle Hill Avenue
0.0,0,Brooklyn,GOW S 9TH STREET - 7TH AVENUE
25.47,93,Manhattan,TBB W - FDR S MANHATTAN TRUSS - E116TH STREET
50.33,183,Queens,Laurelton Pkwy S @ SSP - Belt Pkwy W 182nd St
59.03,42,Bronx,CBE W CASTLE HILL AVENUE - TAYLOR AVENUE
57.16,87,Queens,LIE W 108TH ST - 84TH ST
49.7,43,Staten island,VNB W-SIE W SI GANTRY UPPER LEVEL - FINGERBOARD ROAD
0.0,0,Manhattan,12th Ave N 40th - 57th St
14.91,415,Manhattan,12th ave @ 45th - 11 ave ganservoort st
41.63,103,Bronx,CBE AMSTERDAM AVE (L/LVL) - MORRIS AVE
57.16,87,Staten Island,WSE N BLOOMUINGDALE ROAD - ARDEN AVENUE
46.6,100,Queens,BWB N Queens Anchorage - Toll Plaza
14.29,384,Manhattan,LINCOLN TUNNEL E SOUTH TUBE - NJ - NY
0.0,0,Brooklyn,GOW N 7TH AVENUE - 9TH STREET
38.52,178,Manhattan,FDR S 63rd - 25th St
49.7,93,Brooklyn,VNB W BROOKLYN GANTRY UPPER LEVEL - SI GANTRY UPPER LEVEL
31.68,168,Manhattan,QMT E Manhattan Side - Toll Plaza
0.0,0,Staten Island,ROUTE 169 S - MLK WALKER STREET
3.72,1412,Manhattan,LINCOLN TUNNEL W CENTER TUBE NY - NJ
51.57,212,Queens,CVE NB LIE - WILLETS PT BLVD
55.3,51,Staten Island,WSE S SOUTH AVENUE - VICTORY BOULEVARD
52.81,125,Staten Island,SIE E BRADLEY AVENUE - CLOVE ROAD
3.72,2137,Bronx,CBE W L/LE V AMSTERDAM AVE - I 95 S LOC LNS
55.92,90,Staten Island,WSE N BLOOMUINGDALE ROAD - ARDEN AVENUE
41.63,61,Bronx,CBE E TAYLOR AVENUE - CASTLE HILL AVENUE
11.18,400,Bronx,MDE S HARLEM RIVER PARK - GWB W AMSTERDAM AVENUE LOWER LEVEL
47.84,97,Brooklyn,VNB E SI GANTRY UPPER LEVEL - BROOKLYN GANTRY UPPER LEVEL
47.84,48,Staten Island,SIE E VNB E FINGERBOARD ROAD - SI GANTRY UPPER LEVEL
0.0,0,Bronx,BRP S FORDHAM ROAD - WATSON AVENUE
17.39,244,Bronx,CBE W MORRIS AVE - GWB W AMSTERDAM AVE (U/LVL)
49.7,50,Bronx,BWB N Toll Plaza - HRP N Lafayatte Ave
31.06,229,Brooklyn,BQE S 46TH STREET - LEONARD STREET
53.43,93,Queens,LIE E 84TH ST - 108TH ST
20.5,341,Brooklyn,BQE N LEONARD STREET - 46TH STREET
52.19,126,Staten Island,SIE E BRADLEY AVENUE - CLOVE ROAD
17.39,426,Queens,TBB S MANHATTAN LIFT SPAN - QUEENS ANCHORAGE
50.95,134,Queens,TNB N Queens Anchorage - Toll Plaza
45.36,166,Queens,TBB S MANHATTAN LIFT SPAN - QUEENS ANCHORAGE
9.94,266,Queens,TNB S Qns Anchorage - CIP S @ TNB
44.73,47,Staten Island,VNB W-SIE W SI GANTRY LOWER LEVEL - FINGERBOARD ROAD
52.19,120,Staten Island,WSE S BLLOMINGDALE ROAD - TYRELLAN AVENUE
43.49,171,Queens,TBB S MANHATTAN LIFT SPAN - QUEENS ANCHORAGE
0.0,0,Manhattan,BQE N Atlantic Ave - MAN Bridge Manhattan Side
47.84,44,Brooklyn,GOW S VNB W 92ND STREET - BKLYN GANTRY LOWER LEVEL
27.34,156,Bronx,CBE E AMSTERDAM AVE(U/LVL) - MORRIS AVE
39.14,190,Queens,TBB S MANHATTAN LIFT SPAN - QUEENS ANCHORAGE
50.95,140,Queens,MDE S TBB EXIT RAMP - QUEENS ANCHORAGE
26.09,260,Queens,VWE S MP4.63 (Exit 6 Jamaica Ave) - MP2.66 (Exit 2 Roackaway Blvd)
0.0,0,Staten Island,MLK S - SIE E WALKER STREET - WOOLEY AVENUE
8.69,530,Brooklyn,VNB E SI GANTRY UPPER LEVEL - BROOKLYN GANTRY UPPER LEVEL
40.38,124,Manhattan,LINCOLN TUNNEL W NORTH TUBE NY - NJ
55.3,136,Staten Island,WSE N TYRELLAN AVENUE - BLOOMINGDALE ROAD
48.46,185,Queens,VWE S MP6.39 (Exit 11 Jewel Ave) - MP4.63 (Exit 6 Jamaica Ave)
52.19,54,Staten Island,SIE W RICHMOND AVENUE - SOUTH AVENUE
4.97,1332,Manhattan,FDR N 25th - 63rd St
54.68,101,Queens,Whitestone Expwy S Exit 14 (Linden Pl) - VWE S MP8.65 (Exit 13 Northern Blvd)
21.12,154,Manhattan,11th ave s ganservoort - west st @ spring st
38.52,60,Staten Island,SIE E VNB E FINGERBOARD ROAD - SI GANTRY LOWER LEVEL
18.64,291,Manhattan,LINCOLN TUNNEL E CENTER TUBE NJ - NY
41.63,260,Queens,CVE NB LIE - WILLETS PT BLVD
0.0,0,Staten Island,ROUTE 169 S - MLK WALKER STREET
41.01,52,Staten Island,VNB W-SIE W SI GANTRY LOWER LEVEL - FINGERBOARD ROAD
45.98,50,Staten Island,SIE E VNB E FINGERBOARD ROAD - SI GANTRY UPPER LEVEL
19.88,248,Manhattan,LINCOLN TUNNEL W NORTH TUBE NY - NJ
33.55,323,Queens,VWE S MP2.66 (Exit 2 Rockaway Blvd) - Belt Pkwy E 182nd St
47.84,52,Bronx,BWB N Toll Plaza - HRP N Lafayatte Ave
0.0,0,Staten Island,SIE E-MLK N RICHMOND AVENUE - WALKER STREET
49.7,154,Staten Island,440 N FRANCIS STREET - WSE N TYRELLAN AVE
21.12,154,Manhattan,11th ave s ganservoort - west st @ spring st
61.51,52,Staten Island,WSE N VICTORY BLVD - SOUTH AVENUE
46.6,30,Staten Island,SIE W BRADLEY AVENUE - WOOLEY AVENUE
49.08,94,Bronx,BE N STRATFORD AVENUE - CASTLE HILL AVE
6.83,826,Manhattan,West St S Spring St - BBT Manhattan Portal outbound
11.8,530,Manhattan,BBT W Toll Plaza - Manhattan Portal
41.01,478,Manhattan,Westside Hwy N 57th St - GWB
18.64,286,Queens,QMT W Toll Plaza - Manhattan Side
0.0,0,Bronx,CBE W L/LE V AMSTERDAM AVE - I 95 S LOC LNS
41.01,182,Bronx,BE N Castle Hill Avenue - Griswold Ave
32.31,223,Queens,MDE S TBB EXIT RAMP - QUEENS ANCHORAGE
31.06,219,Manhattan,FDR S 63rd - 25th St
5.59,1397,Bronx,CBE W L/LE V AMSTERDAM AVE - I 95 S LOC LNS
42.87,193,Bronx,CBE E CASTLE HILL AVE - BE N WATERBURY AVE
54.05,85,Bronx,BWB S Toll Plaza - Queens Anchorage
50.95,139,Brooklyn,BQE S 46TH STREET - LEONARD STREET
36.03,64,Staten Island,SIE E VNB E FINGERBOARD ROAD - SI GANTRY LOWER LEVEL
57.16,81,Brooklyn,VNB W BROOKLYN GANTRY LOWER LEVEL - SI GANTRY LOWER LEVEL
37.9,69,Manhattan,FDR S Catherine Slip - BKN Bridge Manhattan Side
60.27,130,Staten Island,WSE N ARDEN AVENUE - VICTORY BLVD
0.0,0,Bronx,BRP S FORDHAM ROAD - WATSON AVENUE
0.0,0,Bronx,CBE W L/LE V AMSTERDAM AVE - I 95 S LOC LNS
21.12,184,Staten Island,SIE E RICHMOND AVENUE - WOOLEY AVENUE
0.0,0,Manhattan,12th Ave N 40th - 57th St
42.25,54,Staten Island,SIE E VNB E FINGERBOARD ROAD - SI GANTRY LOWER LEVEL
24.23,99,Manhattan,TBB W - FDR S MANHATTAN TRUSS - E116TH STREET
35.41,111,Queens,LIE WB LITTLE NECK PKWY - NB CIP
52.81,173,Queens,Belt Pkwy E 182nd St - Laurelton Pkwy N @ SSP
10.56,402,Bronx,CBE E AMSTERDAM AVE(U/LVL) - MORRIS AVE
48.46,159,Staten Island,WSE S TYRELLAN AVENUE - 440 S FRANCIS STREET
55.3,90,Queens,LIE W 108TH ST - 84TH ST
6.21,810,Bronx,MDE N RFK Bridge - 142nd St
57.78,136,Staten Island,WSE S VICTORY BOULEVARD - ARDEN AVENUE
45.98,100,Bronx,BE N STRATFORD AVENUE - CASTLE HILL AVE
58.4,103,Staten Island,WSE N-SIE E SOUTH AVENUE - SOUTH AVENUE
42.87,99,Bronx,CBE W MORRIS AVE - GWB W AMSTERDAM AVE (L/LVL)
46.6,426,Manhattan,Westside Hwy S GWB - 57th St
50.95,83,Brooklyn,GOW N 92ND STREET - 7TH AVENUE
55.92,47,Staten Island,SIE E SOUTH AVENUE - RICHMOND AVENUE
19.88,120,Manhattan,TBB W - FDR S MANHATTAN TRUSS - E116TH STREET
59.03,133,Staten Island,WSE N ARDEN AVENUE - VICTORY BLVD
59.03,133,Staten Island,WSE S VICTORY BOULEVARD - ARDEN AVENUE
47.84,97,Brooklyn,VNB W BROOKLYN GANTRY UPPER LEVEL - SI GANTRY UPPER LEVEL
32.31,163,Queens,VWE N MP8.64 (Exit 13 Northern Blvd) - Whitestone Expwy Exit 14 (Linden Pl)
56.54,147,Bronx,CBE E CASTLE HILL AVE - BE N WATERBURY AVE
44.73,443,Manhattan,Westside Hwy N 57th St - GWB
0.0,0,Staten Island,SIE W - MLK N WOOLEY AVENUE - WLAKER STREET
0.0,0,Staten Island,SIE E-MLK N RICHMOND AVENUE - WALKER STREET
34.17,258,Queens,VWE N MP4.63 (Exit 6 - Jamaica Ave) - MP6.39 (Exit 11 Jewel Ave)
49.7,184,Queens,Laurelton Pkwy S @ SSP - Belt Pkwy W 182nd St
47.84,52,Bronx,BWB N Toll Plaza - HRP N Lafayatte Ave
24.23,296,Queens,TBB N QUEENS ANCHORAGE - BE N
47.22,98,Bronx,BWB S Toll Plaza - Queens Anchorage
42.87,53,Staten Island,SIE E VNB E FINGERBOARD ROAD - SI GANTRY LOWER LEVEL
50.33,92,Bronx,BWB S Toll Plaza - Queens Anchorage
41.01,267,Queens,CIP S LIE - Hempstead Tpk
47.22,98,Brooklyn,VNB E SI GANTRY UPPER LEVEL - BROOKLYN GANTRY UPPER LEVEL
26.09,100,Manhattan,FDR S Catherine Slip - BKN Bridge Manhattan Side
14.29,226,Manhattan,12th Ave N 40th - 57th St
0.0,0,Manhattan,BQE N Atlantic Ave - MAN Bridge Manhattan Side
29.2,371,Queens,CVE NB LIE - WILLETS PT BLVD
11.8,209,Bronx,HRP S Lafayette Ave - BWB S Toll Plaza
41.63,277,Queens,CIP N TNB - Whitestone Expwy S Exit 14 (Linden Pl)
0.0,0,Manhattan,BQE N Atlantic Ave - BKN Bridge Manhattan Side
39.76,496,Manhattan,Westside Hwy N 57th St - GWB
18.01,143,Manhattan,BKN Bridge Manhattan Side - FDR N Catherine Slip
0.0,0,Bronx,CBE W L/LE V AMSTERDAM AVE - I 95 S LOC LNS
42.87,208,Queens,VWE S MP6.39 (Exit 11 Jewel Ave) - MP4.63 (Exit 6 Jamaica Ave)
49.7,107,Queens,VWE S MP8.65 (Exit 13 Northern Blvd) - MP6.39 (Exit 11 Jewel Ave)
29.82,260,Queens,Laurelton Pkwy N @ SSP - CIP N Hempstead Tpk
49.08,159,Staten Island,WSE S VICTORY BOULEVARD - ARDEN AVENUE
0.0,0,Manhattan,BQE N Atlantic Ave - BKN Bridge Manhattan Side
55.92,48,Queens,TNB S Qns Anchorage - CIP S @ TNB
33.55,70,Manhattan,FDR N - TBB E 116TH STREET - MANHATTAN TRUSS
32.31,250,Queens,TBB N QUEENS ANCHORAGE - MANHATTAN LIFT SPAN
57.16,137,Staten Island,WSE N ARDEN AVENUE - VICTORY BLVD
0.0,0,Brooklyn,GOW N 7TH AVENUE - 9TH STREET
34.17,212,Queens,MDE S TBB EXIT RAMP - QUEENS ANCHORAGE
47.22,98,Brooklyn,VNB E SI GANTRY LOWER LEVEL - BROOLKYN GANTRY LOWER LEVEL
35.41,157,Manhattan,LINCOLN TUNNEL W CENTER TUBE NY - NJ
18.64,238,Bronx,MDE S HARLEM RIVER PARK - GWB W AMSTERDAM AVENUE LOWER LEVEL
42.87,92,Queens,LIE WB LITTLE NECK PKWY - NB CIP
54.05,79,Brooklyn,GOW S 7TH AVENUE - 92ND STREET
11.18,641,Brooklyn,BQE S 46TH STREET - LEONARD STREET
65.86,79,Staten Island,WSE S ARDEN AVENUE - BLOOMINGDALE ROAD
56.54,147,Bronx,CBE E CASTLE HILL AVE - BE N WATERBURY AVE
43.49,49,Brooklyn,GOW S VNB W 92ND STREET - BKLYN GANTRY LOWER LEVEL
34.79,567,Manhattan,Westside Hwy S GWB - 57th St
41.01,58,Manhattan,TBB W - FDR S MANHATTAN TRUSS - E116TH STREET
21.74,312,Manhattan,FDR N 25th - 63rd St
47.84,82,Staten Island,SIE E RICHMOND AVENUE - WOOLEY AVENUE
51.57,173,Queens,VWE N MP4.63 (Exit 6 - Jamaica Ave) - MP6.39 (Exit 11 Jewel Ave)
47.84,33,Staten Island,SIE E WOOLEY AVENUE - BRADLEY AVENUE
54.68,126,Queens,TNB S Toll Plaza - Queens Anchorage
55.3,91,Queens,LIE E 84TH ST - 108TH ST
22.36,219,Queens,LIE W 108TH ST - 84TH ST
56.54,135,Staten Island,WSE S TYRELLAN AVENUE - 440 S FRANCIS STREET
64.62,60,Staten Island,SIE W WOOLEY AVENUE - RICHMOND AVENUE
61.51,127,Staten Island,WSE N ARDEN AVENUE - VICTORY BLVD
0.0,0,Queens,QMT W Toll Plaza - Manhattan Side
18.01,602,Queens,VWE S MP2.66 (Exit 2 Rockaway Blvd) - Belt Pkwy E 182nd St
25.47,424,Queens,VWE S MP2.66 (Exit 2 Rockaway Blvd) - Belt Pkwy E 182nd St
50.95,31,Staten Island,SIE E WOOLEY AVENUE - BRADLEY AVENUE
21.12,479,Manhattan,FDR S 25th St - Catherine Slip
8.07,1515,Queens,Belt Pkwy W JFK Expressway - VWE N Jamaica Ave
11.18,282,Manhattan,11th ave s ganservoort - west st @ spring st
0.0,0,Manhattan,BQE N Atlantic Ave - BKN Bridge Manhattan Side
16.15,305,Queens,LIE W 108TH ST - 84TH ST
47.84,52,Bronx,CBE E TAYLOR AVENUE - CASTLE HILL AVENUE
60.89,271,Queens,CVE NB GCP - WILLETS PT BLVD
38.52,101,Queens,LIE WB LITTLE NECK PKWY - NB CIP
11.8,362,Bronx,CBE W MORRIS AVE - GWB W AMSTERDAM AVE (L/LVL)
56.54,57,Staten Island,WSE N VICTORY BLVD - SOUTH AVENUE
33.55,111,Queens,Belt Pkwy W 182nd St - JFK Expressway
32.93,206,Manhattan,FDR N 25th - 63rd St
50.33,136,Queens,TNB N Queens Anchorage - Toll Plaza
0.0,0,Bronx,BRP S FORDHAM ROAD - WATSON AVENUE
42.25,92,Staten Island,SIE E RICHMOND AVENUE - WOOLEY AVENUE
21.74,499,Queens,CIP N Hempstead Tpk - LIE
52.81,101,Queens,VWE S MP8.65 (Exit 13 Northern Blvd) - MP6.39 (Exit 11 Jewel Ave)
37.28,530,Manhattan,Westside Hwy S GWB - 57th St
23.61,129,Queens,BE S TBB EXIT RAMP - MANHATTAN LIFT SPAN
55.92,83,Bronx,BE N STRATFORD AVENUE - CASTLE HILL AVE
38.52,195,Queens,TBB S MANHATTAN LIFT SPAN - QUEENS ANCHORAGE
17.39,188,Manhattan,12th Ave N 40th - 57th St
64.62,80,Staten Island,WSE S ARDEN AVENUE - BLOOMINGDALE ROAD
0.0,0,Staten Island,MLK S - SIE E WALKER STREET - WOOLEY AVENUE
55.92,164,Queens,Laurelton Pkwy S @ SSP - Belt Pkwy W 182nd St
58.4,55,Staten Island,WSE N VICTORY BLVD - SOUTH AVENUE
20.5,216,Bronx,BE S CASTLE HILL AVENUE - STRATFORD AVENUE
54.68,143,Staten Island,WSE S VICTORY BOULEVARD - ARDEN AVENUE
15.53,273,Bronx,MDE S HARLEM RIVER PARK - GWB W AMSTERDAM AVENUE UPPER LEVEL
46.6,46,Brooklyn,GOW S VNB W 92ND STREET - BKLYN GANTRY LOWER LEVEL
0.0,0,Staten Island,MLK N WALKER STREET - NJ ROUTE 169
22.36,455,Manhattan,FDR S 25th St - Catherine Slip
54.05,103,Staten Island,SIE E CLOVE ROAD - FINGERBOARD ROAD
45.98,85,Staten Island,SIE W WOOLEY AVENUE - RICHMOND AVENUE
36.66,58,Brooklyn,VNB E-GOWANUS N BROOKLYN GANTRY UPPER LEVEL - 92ND STREET
55.3,48,Staten Island,SIE E SOUTH AVENUE - RICHMOND AVENUE
21.12,271,Manhattan,West St S Spring St - BBT Manhattan Portal outbound
48.46,52,Bronx,CBE W CASTLE HILL AVENUE - TAYLOR AVENUE
57.78,279,Queens,CIP NB GCP - TNB
48.46,96,Queens,BWB N Queens Anchorage - Toll Plaza
36.66,195,Queens,MDE S TBB EXIT RAMP - QUEENS ANCHORAGE
55.3,124,Queens,TNB S Toll Plaza - Queens Anchorage
10.56,456,Queens,LIE E 84TH ST - 108TH ST
31.68,228,Queens,MDE S TBB EXIT RAMP - QUEENS ANCHORAGE
8.69,161,Staten Island,SIE W BRADLEY AVENUE - WOOLEY AVENUE
37.28,205,Staten Island,440 N FRANCIS STREET - WSE N TYRELLAN AVE
56.54,94,Queens,VWE N MP6.39 (Exit 11 Jewel Ave) - MP8.65 (Exit 13 Northern Blvd)
57.78,136,Staten Island,WSE S VICTORY BOULEVARD - ARDEN AVENUE
21.12,252,Manhattan,11th ave n ganservoort - 12th ave @ 40th st
41.01,197,Bronx,I-87 NYST S Exit 1 - MDE S Van Cortlandt Park
32.93,193,Queens,Whitestone Expwy N Exit 14 (Linden Pl) - BWB N Queens Anchorage
4.34,871,Bronx,CBE W MORRIS AVE - GWB W AMSTERDAM AVE (L/LVL)
18.01,275,Queens,LIE E 84TH ST - 108TH ST
45.98,157,Queens,MDE S TBB EXIT RAMP - QUEENS ANCHORAGE
0.0,0,Brooklyn,GOW N 7TH AVENUE - 9TH STREET
24.85,285,Manhattan,BQE N Atlantic Ave - BKN Bridge Manhattan Side
53.43,47,Bronx,CBE E TAYLOR AVENUE - CASTLE HILL AVENUE
52.81,88,Brooklyn,VNB W BROOKLYN GANTRY LOWER LEVEL - SI GANTRY LOWER LEVEL
36.66,119,Bronx,MDE S HARLEM RIVER PARK - GWB W AMSTERDAM AVENUE UPPER LEVEL
39.76,58,Staten Island,SIE E VNB E FINGERBOARD ROAD - SI GANTRY UPPER LEVEL
56.54,47,Queens,TNB S Qns Anchorage - CIP S @ TNB
44.11,52,Staten Island,SIE E VNB E FINGERBOARD ROAD - SI GANTRY LOWER LEVEL
43.49,49,Brooklyn,GOW S VNB W 92ND STREET - BKLYN GANTRY UPPER LEVEL
0.0,0,Staten Island,MLK S - SIE E WALKER STREET - WOOLEY AVENUE
59.65,154,Queens,Belt Pkwy E 182nd St - Laurelton Pkwy N @ SSP
42.25,125,Queens,VWE N MP8.64 (Exit 13 Northern Blvd) - Whitestone Expwy Exit 14 (Linden Pl)
44.11,144,Queens,Whitestone Expwy N Exit 14 (Linden Pl) - BWB N Queens Anchorage
11.18,624,Queens,TBB N QUEENS ANCHORAGE - BE N
45.36,122,Bronx,BRP N WATSON AVENUE - FORDHAM ROAD
56.54,290,Queens,CVE NB GCP - WILLETS PT BLVD
44.11,154,Queens,TNB S Toll Plaza - Queens Anchorage
39.14,136,Queens,VWE S MP8.65 (Exit 13 Northern Blvd) - MP6.39 (Exit 11 Jewel Ave)
3.1,714,Manhattan,12th Ave S 57th St - 45th St
45.36,47,Brooklyn,GOW S VNB W 92ND STREET - BKLYN GANTRY LOWER LEVEL
3.72,1354,Manhattan,West St S Spring St - BBT Manhattan Portal outbound
55.3,81,Bronx,HRP N LAFAYETTE AVENUE - E TREMONT AVENUE
19.88,193,Staten Island,SIE E RICHMOND AVENUE - WOOLEY AVENUE
11.8,270,Manhattan,12th Ave N 40th - 57th St
41.01,108,Bronx,BE S CASTLE HILL AVENUE - STRATFORD AVENUE
3.72,1329,Manhattan,West St S Spring St - BBT Manhattan Portal outbound
40.38,53,Staten island,VNB W-SIE W SI GANTRY UPPER LEVEL - FINGERBOARD ROAD
39.76,53,Brooklyn,VNB E-GOWANUS N BROOKLYN GANTRY UPPER LEVEL - 92ND STREET
33.55,138,Queens,BWB N Queens Anchorage - Toll Plaza
25.47,252,Manhattan,BBT E Manhattan Portal - Toll Plaza
9.94,1215,Queens,Belt Pkwy W JFK Expressway - VWE N Jamaica Ave
31.68,146,Bronx,BE N STRATFORD AVENUE - CASTLE HILL AVE
9.32,569,Manhattan,LINCOLN TUNNEL W CENTER TUBE NY - NJ
36.03,66,Manhattan,FDR N - TBB E 116TH STREET - MANHATTAN TRUSS
31.68,156,Manhattan,LINCOLN TUNNEL W NORTH TUBE NY - NJ
31.68,96,Queens,BE S TBB EXIT RAMP - MANHATTAN LIFT SPAN
44.11,202,Queens,VWE N MP4.63 (Exit 6 - Jamaica Ave) - MP6.39 (Exit 11 Jewel Ave)
0.0,0,Brooklyn,GOW N 7TH AVENUE - 9TH STREET
55.3,96,Queens,VWE N MP8.64 (Exit 13 Northern Blvd) - Whitestone Expwy Exit 14 (Linden Pl)
20.5,361,Queens,TBB S MANHATTAN LIFT SPAN - QUEENS ANCHORAGE
0.0,0,Queens,BE S TBB EXIT RAMP - QUEENS ANCHORAGE
0.0,0,Manhattan,BQE N Atlantic Ave - MAN Bridge Manhattan Side
57.78,55,Staten Island,WSE N VICTORY BLVD - SOUTH AVENUE
47.22,53,Bronx,BWB N Toll Plaza - HRP N Lafayatte Ave
40.38,185,Bronx,BE S Griswold - Castle Hill Avenue
60.27,86,Staten Island,WSE S ARDEN AVENUE - BLOOMINGDALE ROAD
47.22,30,Staten Island,SIE W BRADLEY AVENUE - WOOLEY AVENUE
40.38,57,Staten Island,SIE E VNB E FINGERBOARD ROAD - SI GANTRY LOWER LEVEL
6.83,592,Bronx,MDE S HARLEM RIVER PARK - GWB W AMSTERDAM AVENUE UPPER LEVEL
55.3,124,Queens,TNB S Toll Plaza - Queens Anchorage
13.67,466,Queens,Whitestone Expwy N Exit 14 (Linden Pl) - BWB N Queens Anchorage
14.29,380,Manhattan,LINCOLN TUNNEL E SOUTH TUBE - NJ - NY
55.3,68,Queens,Belt Pkwy W 182nd St - JFK Expressway
25.47,459,Queens,CIP N LIE ramp - TNB
11.18,376,Bronx,CBE AMSTERDAM AVE (L/LVL) - MORRIS AVE
32.31,313,Manhattan,FDR N Catherine Slip - 25th St
52.19,145,Queens,CIP S Hempstead Tpk - Laurelton Pkwy @ SSP
55.92,124,Staten Island,SIE W - WSE S SOUTH AVENUE - SOUTH AVENUE
52.19,75,Staten Island,SIE E RICHMOND AVENUE - WOOLEY AVENUE
52.19,89,Queens,BWB N Queens Anchorage - Toll Plaza
14.29,606,Queens,VWE S MP6.39 (Exit 11 Jewel Ave) - MP4.63 (Exit 6 Jamaica Ave)
35.41,181,Queens,BWB S Queens Anchorage - WSE S Exit 14 (Linden Pl)
0.0,0,Staten Island,SIE E-MLK N RICHMOND AVENUE - WALKER STREET
53.43,142,Queens,CIP S Hempstead Tpk - Laurelton Pkwy @ SSP
0.0,0,Staten Island,MLK S - SIE E WALKER STREET - WOOLEY AVENUE
10.56,523,Manhattan,LINCOLN TUNNEL W CENTER TUBE NY - NJ
50.95,91,Brooklyn,VNB W BROOKLYN GANTRY UPPER LEVEL - SI GANTRY UPPER LEVEL
0.0,0,Queens,VWE S MP2.66 (Exit 2 Rockaway Blvd) - Belt Pkwy E 182nd St
0.0,0,Brooklyn,GOW S 9TH STREET - 7TH AVENUE
14.29,1348,Manhattan,Westside Hwy N 57th St - GWB
56.54,107,Staten Island,WSE N-SIE E SOUTH AVENUE - SOUTH AVENUE
36.03,246,Queens,VWE N MP4.63 (Exit 6 - Jamaica Ave) - MP6.39 (Exit 11 Jewel Ave)
11.8,118,Staten Island,SIE W BRADLEY AVENUE - WOOLEY AVENUE
44.11,246,Queens,VWE S MP2.66 (Exit 2 Rockaway Blvd) - Belt Pkwy E 182nd St
57.16,102,Staten Island,SIE W FINGERBOARD ROAD - CLOVE ROAD
57.78,135,Staten Island,WSE S VICTORY BOULEVARD - ARDEN AVENUE
15.53,318,Manhattan,LINCOLN TUNNEL W NORTH TUBE NY - NJ
13.67,309,Bronx,CBE AMSTERDAM AVE (L/LVL) - MORRIS AVE
47.22,53,Bronx,CBE E TAYLOR AVENUE - CASTLE HILL AVENUE
41.01,121,Manhattan,LINCOLN TUNNEL W NORTH TUBE NY - NJ
33.55,165,Bronx,BRP N WATSON AVENUE - FORDHAM ROAD
44.73,182,Queens,TBB N QUEENS ANCHORAGE - MANHATTAN LIFT SPAN
52.19,48,Bronx,CBE W CASTLE HILL AVENUE - TAYLOR AVENUE
0.0,0,Staten Island,MLK S - SIE W WALKER STREET - RICHMOND AVENUE
0.0,0,Brooklyn,GOW S 9TH STREET - 7TH AVENUE
10.56,393,Bronx,CBE AMSTERDAM AVE (L/LVL) - MORRIS AVE
33.55,159,Queens,QMT W Toll Plaza - Manhattan Side
3.1,688,Manhattan,12th Ave S 57th St - 45th St
48.46,44,Brooklyn,VNB E-GOWANUS N BROOKLYN GANTRY LOWER LEVEL - 92ND STREET
46.6,49,Staten Island,SIE E VNB E FINGERBOARD ROAD - SI GANTRY UPPER LEVEL
53.43,83,Bronx,HRP N LAFAYETTE AVENUE - E TREMONT AVENUE
0.0,0,Brooklyn,BQE S - GOW S ALTANTIC AVENUE - 9TH STREET
31.68,342,Queens,CIP N Hempstead Tpk - LIE
51.57,139,Queens,MDE S TBB EXIT RAMP - QUEENS ANCHORAGE
60.27,116,Staten Island,SIE W - WSE S SOUTH AVENUE - SOUTH AVENUE
10.56,1010,Queens,CIP S LIE - Hempstead Tpk
4.34,1300,Manhattan,West St S Spring St - BBT Manhattan Portal outbound
49.08,43,Brooklyn,VNB E-GOWANUS N BROOKLYN GANTRY LOWER LEVEL - 92ND STREET
44.11,64,Staten Island,SIE W RICHMOND AVENUE - SOUTH AVENUE
42.87,175,Queens,TBB S MANHATTAN LIFT SPAN - QUEENS ANCHORAGE
0.0,0,Brooklyn,BQE S - GOW S ALTANTIC AVENUE - 9TH STREET
21.74,200,Bronx,MDE S HARLEM RIVER PARK - GWB W AMSTERDAM AVENUE UPPER LEVEL
59.03,54,Staten Island,WSE N VICTORY BLVD - SOUTH AVENUE
14.29,621,Queens,VWE S MP6.39 (Exit 11 Jewel Ave) - MP4.63 (Exit 6 Jamaica Ave)
49.08,87,Brooklyn,GOW S 7TH AVENUE - 92ND STREET
44.73,167,Queens,TBB S MANHATTAN LIFT SPAN - QUEENS ANCHORAGE
41.01,52,Brooklyn,GOW S VNB W 92ND STREET - BKLYN GANTRY UPPER LEVEL
59.65,137,Bronx,I-87 NYST S Exit 1 - MDE S Van Cortlandt Park
0.0,0,Manhattan,BBT E Manhattan Portal - Toll Plaza
27.34,348,Queens,LIE WB LITTLE NECK PKWY - NB CVE
0.0,0,Queens,BE S TBB EXIT RAMP - QUEENS ANCHORAGE
52.19,88,Brooklyn,VNB W BROOKLYN GANTRY UPPER LEVEL - SI GANTRY UPPER LEVEL
47.84,29,Staten Island,SIE W BRADLEY AVENUE - WOOLEY AVENUE
9.32,938,Queens,VWE S MP6.39 (Exit 11 Jewel Ave) - MP4.63 (Exit 6 Jamaica Ave)
31.68,168,Queens,QMT W Toll Plaza - Manhattan Side
0.0,0,Bronx,BRP S FORDHAM ROAD - WATSON AVENUE
22.36,117,Manhattan,FDR S Catherine Slip - BKN Bridge Manhattan Side
16.77,597,Manhattan,FDR S 25th St - Catherine Slip
49.08,140,Queens,TNB N Queens Anchorage - Toll Plaza
61.51,84,Staten Island,WSE S ARDEN AVENUE - BLOOMINGDALE ROAD
35.41,151,Manhattan,QMT E Manhattan Side - Toll Plaza
52.81,88,Bronx,BE N STRATFORD AVENUE - CASTLE HILL AVE
51.57,106,Staten Island,SIE E CLOVE ROAD - FINGERBOARD ROAD
0.0,0,Brooklyn,BQE S - GOW S ALTANTIC AVENUE - 9TH STREET
10.56,308,Manhattan,11th ave s ganservoort - west st @ spring st
36.03,179,Queens,BWB S Queens Anchorage - WSE S Exit 14 (Linden Pl)
44.73,52,Staten Island,SIE E VNB E FINGERBOARD ROAD - SI GANTRY UPPER LEVEL
12.42,1592,Manhattan,Westside Hwy N 57th St - GWB
34.17,69,Manhattan,FDR N - TBB E 116TH STREET - MANHATTAN TRUSS
52.81,311,Queens,CVE NB GCP - WILLETS PT BLVD
11.18,478,Manhattan,11th ave n ganservoort - 12th ave @ 40th st
37.9,122,Brooklyn,VNB E SI GANTRY UPPER LEVEL - BROOKLYN GANTRY UPPER LEVEL
52.19,175,Queens,Laurelton Pkwy S @ SSP - Belt Pkwy W 182nd St
14.29,508,Queens,TBB S MANHATTAN LIFT SPAN - QUEENS ANCHORAGE
60.27,83,Staten Island,WSE N BLOOMUINGDALE ROAD - ARDEN AVENUE
38.52,184,Brooklyn,BQE N LEONARD STREET - 46TH STREET
17.39,524,Queens,Belt Pkwy E 182nd St - Laurelton Pkwy N @ SSP
41.01,232,Queens,LIE WB LITTLE NECK PKWY - NB CVE
44.73,48,Brooklyn,GOW S VNB W 92ND STREET - BKLYN GANTRY LOWER LEVEL
53.43,53,Staten Island,WSE S SOUTH AVENUE - VICTORY BOULEVARD
55.92,90,Staten Island,WSE N BLOOMUINGDALE ROAD - ARDEN AVENUE
0.0,0,Staten Island,SIE E-MLK N RICHMOND AVENUE - WALKER STREET
8.07,898,Manhattan,GWB E LOWER LEVEL PLAZA - CBE E LOWER LEVEL AMSTERDAM AVE
54.68,120,Staten Island,SIE E BRADLEY AVENUE - CLOVE ROAD
18.64,287,Manhattan,11th ave n ganservoort - 12th ave @ 40th st
13.67,393,Manhattan,LINCOLN TUNNEL E CENTER TUBE NJ - NY
17.39,307,Manhattan,QMT E Manhattan Side - Toll Plaza
41.01,52,Staten Island,VNB W-SIE W SI GANTRY LOWER LEVEL - FINGERBOARD ROAD
44.73,83,Queens,Belt Pkwy W 182nd St - JFK Expressway
52.81,139,Manhattan,GWB E LOWER LEVEL PLAZA - CBE E LOWER LEVEL AMSTERDAM AVE
46.6,163,Queens,CIP S Hempstead Tpk - Laurelton Pkwy @ SSP
50.33,131,Staten Island,SIE E BRADLEY AVENUE - CLOVE ROAD
41.01,263,Queens,VWE S MP2.66 (Exit 2 Rockaway Blvd) - Belt Pkwy E 182nd St
1.24,5272,Bronx,CBE W L/LE V AMSTERDAM AVE - I 95 S LOC LNS
41.63,174,Queens,TBB N QUEENS ANCHORAGE - BE N
41.01,92,Queens,Belt Pkwy W 182nd St - JFK Expressway
13.67,329,Brooklyn,VNB E SI GANTRY UPPER LEVEL - BROOKLYN GANTRY UPPER LEVEL
0.0,0,Staten Island,SIE W - MLK N WOOLEY AVENUE - WLAKER STREET
52.19,85,Bronx,BE S CASTLE HILL AVENUE - STRATFORD AVENUE
57.16,94,Queens,VWE N MP6.39 (Exit 11 Jewel Ave) - MP8.65 (Exit 13 Northern Blvd)
18.01,143,Manhattan,FDR S Catherine Slip - BKN Bridge Manhattan Side
53.43,215,Queens,CIP N TNB - Whitestone Expwy S Exit 14 (Linden Pl)
0.0,0,Staten Island,MLK N WALKER STREET - NJ ROUTE 169
23.61,455,Queens,VWE S MP2.66 (Exit 2 Rockaway Blvd) - Belt Pkwy E 182nd St
4.97,484,Bronx,CBE W CASTLE HILL AVENUE - TAYLOR AVENUE
28.58,136,Queens,LIE WB LITTLE NECK PKWY - NB CIP
31.06,232,Queens,TBB N QUEENS ANCHORAGE - BE N
55.3,58,Staten Island,WSE N VICTORY BLVD - SOUTH AVENUE
0.0,0,Manhattan,LINCOLN TUNNEL E CENTER TUBE NJ - NY
45.36,101,Brooklyn,VNB E SI GANTRY LOWER LEVEL - BROOLKYN GANTRY LOWER LEVEL
59.03,42,Bronx,CBE E TAYLOR AVENUE - CASTLE HILL AVENUE
41.63,215,Queens,VWE S MP6.39 (Exit 11 Jewel Ave) - MP4.63 (Exit 6 Jamaica Ave)
49.08,138,Manhattan,FDR S 63rd - 25th St
8.69,613,Manhattan,11th ave n ganservoort - 12th ave @ 40th st
39.76,128,Bronx,MDE N RFK Bridge - 142nd St
58.4,140,Bronx,I-87 NYST S Exit 1 - MDE S Van Cortlandt Park
0.0,0,Staten Island,MLK N WALKER STREET - NJ ROUTE 169
12.42,860,Queens,VWE S MP2.66 (Exit 2 Rockaway Blvd) - Belt Pkwy E 182nd St
52.81,105,Queens,Whitestone Expwy S Exit 14 (Linden Pl) - VWE S MP8.65 (Exit 13 Northern Blvd)
31.68,216,Queens,VWE S MP4.63 (Exit 6 Jamaica Ave) - MP2.66 (Exit 2 Roackaway Blvd)
57.16,81,Queens,BWB N Queens Anchorage - Toll Plaza
8.69,734,Manhattan,BBT W Toll Plaza - Manhattan Portal
29.2,403,Queens,CIP N LIE ramp - TNB
46.6,45,Brooklyn,GOW S VNB W 92ND STREET - BKLYN GANTRY UPPER LEVEL
41.01,51,Staten island,VNB W-SIE W SI GANTRY UPPER LEVEL - FINGERBOARD ROAD
48.46,44,Brooklyn,VNB E-GOWANUS N BROOKLYN GANTRY UPPER LEVEL - 92ND STREET
20.5,311,Manhattan,BBT E Manhattan Portal - Toll Plaza
55.92,137,Staten Island,440 N FRANCIS STREET - WSE N TYRELLAN AVE
52.19,55,Staten Island,SIE W RICHMOND AVENUE - SOUTH AVENUE
32.93,161,Manhattan,QMT E Manhattan Side - Toll Plaza
45.36,182,Bronx,CBE E CASTLE HILL AVE - BE N WATERBURY AVE
51.57,107,Queens,Whitestone Expwy S Exit 14 (Linden Pl) - VWE S MP8.65 (Exit 13 Northern Blvd)
44.11,85,Queens,Belt Pkwy W 182nd St - JFK Expressway
58.4,43,Bronx,CBE E TAYLOR AVENUE - CASTLE HILL AVENUE
41.01,51,Staten Island,VNB W-SIE W SI GANTRY LOWER LEVEL - FINGERBOARD ROAD
11.8,189,Manhattan,12th Ave S 57th St - 45th St
25.47,248,Queens,Whitestone Expwy N Exit 14 (Linden Pl) - BWB N Queens Anchorage
33.55,160,Manhattan,QMT E Manhattan Side - Toll Plaza
52.81,104,Queens,Whitestone Expwy S Exit 14 (Linden Pl) - VWE S MP8.65 (Exit 13 Northern Blvd)
64.62,80,Staten Island,WSE S ARDEN AVENUE - BLOOMINGDALE ROAD
0.0,0,Bronx,BRP S FORDHAM ROAD - WATSON AVENUE
9.94,427,Bronx,MDE S HARLEM RIVER PARK - GWB W AMSTERDAM AVENUE UPPER LEVEL
46.6,169,Staten Island,WSE S VICTORY BOULEVARD - ARDEN AVENUE
53.43,86,Bronx,BE N STRATFORD AVENUE - CASTLE HILL AVE
12.42,497,Manhattan,12th ave @ 45th - 11 ave ganservoort st
18.01,379,Manhattan,FDR N 25th - 63rd St
27.34,252,Queens,VWE S MP4.63 (Exit 6 Jamaica Ave) - MP2.66 (Exit 2 Roackaway Blvd)
0.0,0,Staten Island,SIE W - MLK N WOOLEY AVENUE - WLAKER STREET
0.0,0,Brooklyn,GOW N 7TH AVENUE - 9TH STREET
53.43,30,Staten Island,SIE E WOOLEY AVENUE - BRADLEY AVENUE
39.14,126,Manhattan,LINCOLN TUNNEL W NORTH TUBE NY - NJ
13.04,428,Manhattan,West St S Spring St - BBT Manhattan Portal outbound
14.29,293,Bronx,CBE AMSTERDAM AVE (L/LVL) - MORRIS AVE
0.0,0,Staten Island,MLK S - SIE W WALKER STREET - RICHMOND AVENUE
61.51,187,Queens,CIP N TNB - Whitestone Expwy S Exit 14 (Linden Pl)
30.44,294,Queens,VWE S MP6.39 (Exit 11 Jewel Ave) - MP4.63 (Exit 6 Jamaica Ave)
27.96,254,Brooklyn,BQE S 46TH STREET - LEONARD STREET
55.3,143,Staten Island,WSE N ARDEN AVENUE - VICTORY BLVD
26.09,245,Manhattan,BBT E Manhattan Portal - Toll Plaza
39.14,55,Staten Island,VNB W-SIE W SI GANTRY LOWER LEVEL - FINGERBOARD ROAD
0.0,0,Brooklyn,BQE S - GOW S ALTANTIC AVENUE - 9TH STREET
52.19,123,Queens,BWB S Queens Anchorage - WSE S Exit 14 (Linden Pl)
0.0,0,Queens,BE S TBB EXIT RAMP - QUEENS ANCHORAGE
13.67,402,Manhattan,LINCOLN TUNNEL W CENTER TUBE NY - NJ
60.27,44,Staten Island,SIE E SOUTH AVENUE - RICHMOND AVENUE
58.4,88,Staten Island,WSE S ARDEN AVENUE - BLOOMINGDALE ROAD
50.33,31,Staten Island,SIE E WOOLEY AVENUE - BRADLEY AVENUE
45.98,46,Brooklyn,GOW S VNB W 92ND STREET - BKLYN GANTRY LOWER LEVEL
49.08,58,Staten Island,WSE S SOUTH AVENUE - VICTORY BOULEVARD
51.57,48,Bronx,BWB N Toll Plaza - HRP N Lafayatte Ave
50.33,92,Brooklyn,VNB E SI GANTRY LOWER LEVEL - BROOLKYN GANTRY LOWER LEVEL
57.16,38,Queens,CIP N ramp to TNB - TNB Queens Anchorage
39.76,188,Queens,TBB S MANHATTAN LIFT SPAN - QUEENS ANCHORAGE
26.71,198,Queens,QMT W Toll Plaza - Manhattan Side
0.0,0,Queens,BE S TBB EXIT RAMP - QUEENS ANCHORAGE
25.47,265,Queens,VWE S MP4.63 (Exit 6 Jamaica Ave) - MP2.66 (Exit 2 Roackaway Blvd)
22.36,98,Queens,CIP N ramp to TNB - TNB Queens Anchorage
0.0,0,Manhattan,BQE N Atlantic Ave - BKN Bridge Manhattan Side
47.84,96,Bronx,BE N STRATFORD AVENUE - CASTLE HILL AVE
59.65,276,Queens,CVE NB GCP - WILLETS PT BLVD
44.73,120,Queens,VWE S MP8.65 (Exit 13 Northern Blvd) - MP6.39 (Exit 11 Jewel Ave)
0.0,0,Staten Island,SIE E-MLK N RICHMOND AVENUE - WALKER STREET
60.89,108,Staten Island,SIE E BRADLEY AVENUE - CLOVE ROAD
31.06,380,Queens,CIP N LIE ramp - TNB
44.11,48,Brooklyn,GOW S VNB W 92ND STREET - BKLYN GANTRY UPPER LEVEL
47.22,231,Queens,CIP N Hempstead Tpk - LIE
62.13,126,Staten Island,WSE N ARDEN AVENUE - VICTORY BLVD
55.3,133,Manhattan,GWB E LOWER LEVEL PLAZA - CBE E LOWER LEVEL AMSTERDAM AVE
44.11,69,Queens,BE S TBB EXIT RAMP - MANHATTAN LIFT SPAN
41.01,483,Manhattan,Westside Hwy S GWB - 57th St
45.98,48,Queens,CIP N ramp to TNB - TNB Queens Anchorage
60.89,52,Staten Island,WSE N VICTORY BLVD - SOUTH AVENUE
42.25,193,Queens,TBB N QUEENS ANCHORAGE - MANHATTAN LIFT SPAN
15.53,340,Queens,VWE S MP8.65 (Exit 13 Northern Blvd) - MP6.39 (Exit 11 Jewel Ave)
36.03,59,Staten island,VNB W-SIE W SI GANTRY UPPER LEVEL - FINGERBOARD ROAD
25.47,322,Bronx,CBE W U/LEV AMSTERDAM AVE - I95 S EXP LNS
53.43,144,Staten Island,440 N FRANCIS STREET - WSE N TYRELLAN AVE
0.0,0,Staten Island,MLK N WALKER STREET - NJ ROUTE 169
36.66,65,Manhattan,TBB W - FDR S MANHATTAN TRUSS - E116TH STREET
38.52,143,Manhattan,LINCOLN TUNNEL E SOUTH TUBE - NJ - NY
54.68,108,Staten Island,SIE W FINGERBOARD ROAD - CLOVE ROAD
44.73,56,Bronx,HRP S Lafayette Ave - BWB S Toll Plaza
44.11,48,Brooklyn,GOW S VNB W 92ND STREET - BKLYN GANTRY LOWER LEVEL
5.59,766,Bronx,CBE W MORRIS AVE - GWB W AMSTERDAM AVE (L/LVL)
37.9,199,Queens,CIP S Hempstead Tpk - Laurelton Pkwy @ SSP
44.11,150,Staten Island,SIE E BRADLEY AVENUE - CLOVE ROAD
4.34,1488,Queens,TBB N QUEENS ANCHORAGE - BE N
26.09,98,Manhattan,BKN Bridge Manhattan Side - FDR N Catherine Slip
52.81,182,Queens,LIE WB LITTLE NECK PKWY - NB CVE
29.82,180,Queens,QMT W Toll Plaza - Manhattan Side
21.74,344,Bronx,BE S Griswold - Castle Hill Avenue
42.87,255,Queens,CVE NB LIE - WILLETS PT BLVD
53.43,87,Brooklyn,VNB E SI GANTRY LOWER LEVEL - BROOLKYN GANTRY LOWER LEVEL
40.38,125,Bronx,MDE N RFK Bridge - 142nd St
54.68,78,Brooklyn,GOW S 7TH AVENUE - 92ND STREET
57.78,121,Staten Island,SIE W - WSE S SOUTH AVENUE - SOUTH AVENUE
1.24,3833,Queens,LIE W 108TH ST - 84TH ST
14.91,546,Bronx,CBE W L/LE V AMSTERDAM AVE - I 95 S LOC LNS
22.99,228,Manhattan,QMT E Manhattan Side - Toll Plaza
53.43,86,Bronx,BE N STRATFORD AVENUE - CASTLE HILL AVE
49.7,28,Staten Island,SIE W BRADLEY AVENUE - WOOLEY AVENUE
49.7,53,Staten Island,SIE E SOUTH AVENUE - RICHMOND AVENUE
49.08,112,Queens,Whitestone Expwy S Exit 14 (Linden Pl) - VWE S MP8.65 (Exit 13 Northern Blvd)
55.3,126,Staten Island,SIE W - WSE S SOUTH AVENUE - SOUTH AVENUE
46.6,34,Staten Island,SIE E WOOLEY AVENUE - BRADLEY AVENUE
39.76,53,Staten Island,VNB W-SIE W SI GANTRY LOWER LEVEL - FINGERBOARD ROAD
63.37,129,Bronx,I-87 NYST S Exit 1 - MDE S Van Cortlandt Park
51.57,145,Bronx,BE N Castle Hill Avenue - Griswold Ave
41.63,200,Bronx,CBE E CASTLE HILL AVE - BE N WATERBURY AVE
41.01,198,Queens,TBB N QUEENS ANCHORAGE - MANHATTAN LIFT SPAN
0.0,0,Queens,Laurelton Pkwy N @ SSP - CIP N Hempstead Tpk
11.8,381,Brooklyn,VNB W BROOKLYN GANTRY UPPER LEVEL - SI GANTRY UPPER LEVEL
49.08,94,Brooklyn,VNB E SI GANTRY LOWER LEVEL - BROOLKYN GANTRY LOWER LEVEL
12.42,448,Staten Island,SIE E CLOVE ROAD - FINGERBOARD ROAD
4.34,1922,Bronx,CBE W L/LE V AMSTERDAM AVE - I 95 S LOC LNS
56.54,121,Queens,VWE S MP4.63 (Exit 6 Jamaica Ave) - MP2.66 (Exit 2 Roackaway Blvd)
50.33,42,Staten island,VNB W-SIE W SI GANTRY UPPER LEVEL - FINGERBOARD ROAD
32.31,210,Queens,TNB S Toll Plaza - Queens Anchorage
5.59,1225,Queens,TBB N QUEENS ANCHORAGE - BE N
32.31,282,Queens,Laurelton Pkwy S @ SSP - Belt Pkwy W 182nd St
44.73,47,Brooklyn,VNB E-GOWANUS N BROOKLYN GANTRY UPPER LEVEL - 92ND STREET
42.25,168,Brooklyn,BQE S 46TH STREET - LEONARD STREET
50.33,85,Bronx,CBE E AMSTERDAM AVE(U/LVL) - MORRIS AVE
47.84,90,Brooklyn,GOW N 92ND STREET - 7TH AVENUE
57.16,137,Staten Island,WSE N ARDEN AVENUE - VICTORY BLVD
51.57,31,Staten Island,SIE E WOOLEY AVENUE - BRADLEY AVENUE
0.0,0,Staten Island,440 N FRANCIS STREET - WSE N TYRELLAN AVE
39.76,497,Manhattan,Westside Hwy N 57th St - GWB
32.93,130,Bronx,CBE AMSTERDAM AVE (L/LVL) - MORRIS AVE
55.92,165,Queens,Laurelton Pkwy S @ SSP - Belt Pkwy W 182nd St
18.64,151,Staten Island,WSE S SOUTH AVENUE - VICTORY BOULEVARD
47.84,130,Staten Island,WSE S BLLOMINGDALE ROAD - TYRELLAN AVENUE
33.55,116,Queens,LIE WB LITTLE NECK PKWY - NB CIP
0.0,0,Staten Island,MLK N WALKER STREET - NJ ROUTE 169
0.0,0,Staten Island,MLK N WALKER STREET - NJ ROUTE 169
43.49,190,Bronx,CBE E CASTLE HILL AVE - BE N WATERBURY AVE
0.0,0,Queens,CVE NB GCP - WILLETS PT BLVD
55.92,136,Queens,CIP S Hempstead Tpk - Laurelton Pkwy @ SSP
50.95,91,Bronx,BE N STRATFORD AVENUE - CASTLE HILL AVE
46.6,91,Brooklyn,GOW N 92ND STREET - 7TH AVENUE
50.95,108,Staten Island,SIE E CLOVE ROAD - FINGERBOARD ROAD
22.99,233,Manhattan,QMT E Manhattan Side - Toll Plaza
9.32,437,Bronx,CBE E AMSTERDAM AVE(U/LVL) - MORRIS AVE
0.0,0,Bronx,BRP S FORDHAM ROAD - WATSON AVENUE
44.11,48,Brooklyn,VNB E-GOWANUS N BROOKLYN GANTRY UPPER LEVEL - 92ND STREET
0.0,0,Queens,BE S TBB EXIT RAMP - QUEENS ANCHORAGE
45.36,164,Queens,TBB S MANHATTAN LIFT SPAN - QUEENS ANCHORAGE
24.85,272,Queens,VWE S MP4.63 (Exit 6 Jamaica Ave) - MP2.66 (Exit 2 Roackaway Blvd)
19.88,288,Manhattan,West St S Spring St - BBT Manhattan Portal outbound
16.15,305,Queens,LIE E 84TH ST - 108TH ST
14.91,93,Staten Island,SIE W BRADLEY AVENUE - WOOLEY AVENUE
0.0,0,Manhattan,BQE N Atlantic Ave - MAN Bridge Manhattan Side
0.0,0,Queens,BE S TBB EXIT RAMP - QUEENS ANCHORAGE
33.55,158,Queens,VWE S MP8.65 (Exit 13 Northern Blvd) - MP6.39 (Exit 11 Jewel Ave)
59.65,83,Staten Island,WSE N BLOOMUINGDALE ROAD - ARDEN AVENUE
38.52,101,Queens,LIE WB LITTLE NECK PKWY - NB CIP
19.26,521,Manhattan,FDR S 25th St - Catherine Slip
41.63,171,Brooklyn,BQE N LEONARD STREET - 46TH STREET
44.11,115,Bronx,MDE N RFK Bridge - 142nd St
16.15,348,Manhattan,West St S Spring St - BBT Manhattan Portal outbound
48.46,103,Queens,LIE W 108TH ST - 84TH ST
42.87,149,Queens,Whitestone Expwy N Exit 14 (Linden Pl) - BWB N Queens Anchorage
0.0,0,Staten Island,440 N FRANCIS STREET - WSE N TYRELLAN AVE
55.3,25,Staten Island,SIE W BRADLEY AVENUE - WOOLEY AVENUE
12.42,337,Bronx,MDE S HARLEM RIVER PARK - GWB W AMSTERDAM AVENUE UPPER LEVEL
54.68,168,Queens,Laurelton Pkwy S @ SSP - Belt Pkwy W 182nd St
41.63,259,Queens,VWE S MP2.66 (Exit 2 Rockaway Blvd) - Belt Pkwy E 182nd St
29.82,244,Queens,TBB N QUEENS ANCHORAGE - BE N
22.36,545,Queens,Belt Pkwy W JFK Expressway - VWE N Jamaica Ave
50.95,389,Manhattan,Westside Hwy N 57th St - GWB
50.33,182,Queens,Laurelton Pkwy S @ SSP - Belt Pkwy W 182nd St
52.19,54,Staten Island,WSE S SOUTH AVENUE - VICTORY BOULEVARD
17.39,318,Manhattan,LINCOLN TUNNEL E SOUTH TUBE - NJ - NY
49.7,107,Queens,VWE N MP8.64 (Exit 13 Northern Blvd) - Whitestone Expwy Exit 14 (Linden Pl)
49.08,157,Staten Island,440 N FRANCIS STREET - WSE N TYRELLAN AVE
28.58,152,Bronx,MDE S HARLEM RIVER PARK - GWB W AMSTERDAM AVENUE UPPER LEVEL
11.18,285,Manhattan,11th ave s ganservoort - west st @ spring st
13.67,312,Bronx,CBE W MORRIS AVE - GWB W AMSTERDAM AVE (U/LVL)
26.09,55,Staten Island,SIE W BRADLEY AVENUE - WOOLEY AVENUE
54.05,138,Staten Island,WSE N TYRELLAN AVENUE - BLOOMINGDALE ROAD
39.14,302,Queens,CIP N LIE ramp - TNB
45.98,101,Queens,BWB N Queens Anchorage - Toll Plaza
49.7,76,Queens,Belt Pkwy W 182nd St - JFK Expressway
55.3,96,Queens,VWE N MP6.39 (Exit 11 Jewel Ave) - MP8.65 (Exit 13 Northern Blvd)
30.44,267,Bronx,I-87 NYST S Exit 1 - MDE S Van Cortlandt Park
41.63,102,Bronx,CBE W MORRIS AVE - GWB W AMSTERDAM AVE (U/LVL)
34.79,218,Queens,CIP S Hempstead Tpk - Laurelton Pkwy @ SSP
55.3,124,Queens,TNB N Queens Anchorage - Toll Plaza
0.0,0,Staten Island,SIE W - MLK N WOOLEY AVENUE - WLAKER STREET
0.0,0,Brooklyn,GOW S 9TH STREET - 7TH AVENUE
47.84,30,Staten Island,SIE W BRADLEY AVENUE - WOOLEY AVENUE
37.28,209,Queens,Laurelton Pkwy N @ SSP - CIP N Hempstead Tpk
50.33,229,Queens,CIP N TNB - Whitestone Expwy S Exit 14 (Linden Pl)
6.83,1067,Queens,TBB N QUEENS ANCHORAGE - BE N
46.6,100,Brooklyn,VNB E SI GANTRY LOWER LEVEL - BROOLKYN GANTRY LOWER LEVEL
51.57,145,Staten Island,WSE N TYRELLAN AVENUE - BLOOMINGDALE ROAD
28.58,161,Bronx,BWB S Toll Plaza - Queens Anchorage
45.98,350,Queens,CIP NB GCP - TNB
8.69,467,Bronx,CBE AMSTERDAM AVE (L/LVL) - MORRIS AVE
0.0,0,Staten Island,MLK S - SIE W WALKER STREET - RICHMOND AVENUE
41.63,120,Manhattan,LINCOLN TUNNEL W NORTH TUBE NY - NJ
47.84,52,Bronx,HRP S Lafayette Ave - BWB S Toll Plaza
41.01,124,Bronx,MDE N RFK Bridge - 142nd St
6.21,679,Bronx,CBE W MORRIS AVE - GWB W AMSTERDAM AVE (U/LVL)
43.49,49,Staten Island,VNB W-SIE W SI GANTRY LOWER LEVEL - FINGERBOARD ROAD
54.68,292,Queens,CIP NB GCP - TNB
49.08,149,Manhattan,GWB E LOWER LEVEL PLAZA - CBE E LOWER LEVEL AMSTERDAM AVE
53.43,116,Staten Island,WSE S BLLOMINGDALE ROAD - TYRELLAN AVENUE
37.9,180,Manhattan,FDR S 63rd - 25th St
49.08,94,Brooklyn,VNB E SI GANTRY UPPER LEVEL - BROOKLYN GANTRY UPPER LEVEL
69.59,74,Staten Island,WSE S ARDEN AVENUE - BLOOMINGDALE ROAD
26.71,256,Manhattan,FDR S 63rd - 25th St
0.0,0,Manhattan,12th Ave N 40th - 57th St
35.41,182,Manhattan,BBT E Manhattan Portal - Toll Plaza
10.56,304,Manhattan,12th Ave N 40th - 57th St
0.0,0,Staten Island,MLK N WALKER STREET - NJ ROUTE 169
57.78,104,Staten Island,WSE N-SIE E SOUTH AVENUE - SOUTH AVENUE
14.91,480,Manhattan,GWB E LOWER LEVEL PLAZA - CBE E LOWER LEVEL AMSTERDAM AVE
49.7,323,Queens,CIP NB GCP - TNB
8.69,777,Manhattan,FDR N 25th - 63rd St
18.64,547,Manhattan,FDR N Catherine Slip - 25th St
34.79,68,Manhattan,FDR N - TBB E 116TH STREET - MANHATTAN TRUSS
0.0,0,Staten Island,SIE W - MLK N WOOLEY AVENUE - WLAKER STREET
38.52,304,Queens,CIP N LIE ramp - TNB
46.6,47,Queens,CIP N ramp to TNB - TNB Queens Anchorage
31.68,147,Brooklyn,VNB E SI GANTRY UPPER LEVEL - BROOKLYN GANTRY UPPER LEVEL
14.29,388,Manhattan,West St S Spring St - BBT Manhattan Portal outbound
16.77,151,Manhattan,BKN Bridge Manhattan Side - FDR N Catherine Slip
57.16,47,Queens,TNB S Qns Anchorage - CIP S @ TNB
18.64,233,Bronx,BE S CASTLE HILL AVENUE - STRATFORD AVENUE
45.36,116,Queens,VWE N MP8.64 (Exit 13 Northern Blvd) - Whitestone Expwy Exit 14 (Linden Pl)
43.49,49,Brooklyn,VNB E-GOWANUS N BROOKLYN GANTRY UPPER LEVEL - 92ND STREET
0.0,0,Staten Island,SIE E VNB E FINGERBOARD ROAD - SI GANTRY LOWER LEVEL
0.0,0,Brooklyn,GOW N 9TH STREET - ATLANTIC AVENUE
0.0,0,Brooklyn,GOW N 7TH AVENUE - 9TH STREET
0.0,0,Staten Island,MLK S - SIE W WALKER STREET - RICHMOND AVENUE
45.98,85,Staten Island,SIE E RICHMOND AVENUE - WOOLEY AVENUE
13.67,207,Staten Island,WSE S SOUTH AVENUE - VICTORY BOULEVARD
0.0,0,Bronx,BRP N WATSON AVENUE - FORDHAM ROAD
55.3,135,Staten Island,WSE N TYRELLAN AVENUE - BLOOMINGDALE ROAD
41.63,58,Manhattan,TBB W - FDR S MANHATTAN TRUSS - E116TH STREET
52.81,118,Staten Island,WSE S BLLOMINGDALE ROAD - TYRELLAN AVENUE
51.57,89,Brooklyn,VNB W BROOKLYN GANTRY UPPER LEVEL - SI GANTRY UPPER LEVEL
49.7,164,Bronx,I-87 NYST S Exit 1 - MDE S Van Cortlandt Park
48.46,154,Bronx,BE N Castle Hill Avenue - Griswold Ave
49.7,128,Queens,BWB S Queens Anchorage - WSE S Exit 14 (Linden Pl)
46.6,45,Brooklyn,GOW S VNB W 92ND STREET - BKLYN GANTRY LOWER LEVEL
14.29,150,Queens,CIP N ramp to TNB - TNB Queens Anchorage
52.19,143,Staten Island,WSE N TYRELLAN AVENUE - BLOOMINGDALE ROAD
56.54,162,Queens,Laurelton Pkwy S @ SSP - Belt Pkwy W 182nd St
12.42,335,Bronx,CBE E AMSTERDAM AVE(U/LVL) - MORRIS AVE
0.0,0,Brooklyn,GOW S 9TH STREET - 7TH AVENUE
47.22,114,Queens,VWE N MP6.39 (Exit 11 Jewel Ave) - MP8.65 (Exit 13 Northern Blvd)
0.0,0,Bronx,CBE W L/LE V AMSTERDAM AVE - I 95 S LOC LNS
14.91,584,Queens,VWE N MP4.63 (Exit 6 - Jamaica Ave) - MP6.39 (Exit 11 Jewel Ave)
17.39,303,Manhattan,11th ave n ganservoort - 12th ave @ 40th st
14.91,352,Queens,VWE N MP6.39 (Exit 11 Jewel Ave) - MP8.65 (Exit 13 Northern Blvd)
18.01,603,Queens,CIP N Hempstead Tpk - LIE
0.0,0,Bronx,BRP S FORDHAM ROAD - WATSON AVENUE
36.03,44,Staten Island,SIE E WOOLEY AVENUE - BRADLEY AVENUE
54.05,138,Bronx,BE S Griswold - Castle Hill Avenue
55.92,134,Bronx,BE N Castle Hill Avenue - Griswold Ave
41.63,181,Queens,TBB S MANHATTAN LIFT SPAN - QUEENS ANCHORAGE
12.42,187,Manhattan,TBB W - FDR S MANHATTAN TRUSS - E116TH STREET
30.44,332,Manhattan,FDR N Catherine Slip - 25th St
48.46,55,Queens,TNB S Qns Anchorage - CIP S @ TNB
50.95,91,Brooklyn,VNB E SI GANTRY UPPER LEVEL - BROOKLYN GANTRY UPPER LEVEL
41.63,55,Staten Island,SIE E VNB E FINGERBOARD ROAD - SI GANTRY LOWER LEVEL
31.68,135,Bronx,CBE E AMSTERDAM AVE(U/LVL) - MORRIS AVE
19.26,137,Queens,TNB S Qns Anchorage - CIP S @ TNB
49.7,111,Queens,Whitestone Expwy S Exit 14 (Linden Pl) - VWE S MP8.65 (Exit 13 Northern Blvd)
9.32,237,Manhattan,12th Ave S 57th St - 45th St
7.45,576,Bronx,MDE S HARLEM RIVER PARK - GWB W AMSTERDAM AVENUE LOWER LEVEL
55.3,107,Staten Island,SIE W FINGERBOARD ROAD - CLOVE ROAD
51.57,48,Bronx,BWB N Toll Plaza - HRP N Lafayatte Ave
13.67,314,Bronx,CBE AMSTERDAM AVE (L/LVL) - MORRIS AVE
0.0,0,Staten Island,SIE W - MLK N WOOLEY AVENUE - WLAKER STREET
0.0,0,Brooklyn,GOW S 7TH AVENUE - 92ND STREET
0.0,0,Staten Island,MLK N WALKER STREET - NJ ROUTE 169
59.65,127,Queens,CIP S Hempstead Tpk - Laurelton Pkwy @ SSP
18.64,240,Bronx,MDE S HARLEM RIVER PARK - GWB W AMSTERDAM AVENUE LOWER LEVEL
32.93,167,Bronx,BRP S FORDHAM ROAD - WATSON AVENUE
42.25,131,Bronx,BRP N WATSON AVENUE - FORDHAM ROAD
11.18,473,Manhattan,LINCOLN TUNNEL E SOUTH TUBE - NJ - NY
56.54,69,Staten Island,SIE E RICHMOND AVENUE - WOOLEY AVENUE
13.67,466,Manhattan,12th ave @ 45th - 11 ave ganservoort st
44.11,48,Brooklyn,GOW S VNB W 92ND STREET - BKLYN GANTRY LOWER LEVEL
0.0,0,Brooklyn,GOW N 9TH STREET - ATLANTIC AVENUE
48.46,44,Brooklyn,VNB E-GOWANUS N BROOKLYN GANTRY LOWER LEVEL - 92ND STREET
52.19,103,Queens,VWE S MP8.65 (Exit 13 Northern Blvd) - MP6.39 (Exit 11 Jewel Ave)
42.87,49,Staten Island,VNB W-SIE W SI GANTRY LOWER LEVEL - FINGERBOARD ROAD
0.0,0,Staten Island,MLK S - SIE W WALKER STREET - RICHMOND AVENUE
45.36,121,Staten Island,SIE E CLOVE ROAD - FINGERBOARD ROAD
55.92,98,Queens,Whitestone Expwy S Exit 14 (Linden Pl) - VWE S MP8.65 (Exit 13 Northern Blvd)
57.78,77,Bronx,BE S CASTLE HILL AVENUE - STRATFORD AVENUE
45.36,47,Brooklyn,VNB E-GOWANUS N BROOKLYN GANTRY LOWER LEVEL - 92ND STREET
42.25,89,Queens,Belt Pkwy W 182nd St - JFK Expressway
55.3,84,Brooklyn,VNB W BROOKLYN GANTRY LOWER LEVEL - SI GANTRY LOWER LEVEL
2.48,1546,Bronx,CBE E AMSTERDAM AVE(U/LVL) - MORRIS AVE
0.62,7215,Bronx,CBE W L/LE V AMSTERDAM AVE - I 95 S LOC LNS
52.81,101,Queens,VWE N MP8.64 (Exit 13 Northern Blvd) - Whitestone Expwy Exit 14 (Linden Pl)
24.85,174,Bronx,MDE S HARLEM RIVER PARK - GWB W AMSTERDAM AVENUE UPPER LEVEL
49.08,76,Queens,Belt Pkwy W 182nd St - JFK Expressway
27.34,156,Bronx,CBE W MORRIS AVE - GWB W AMSTERDAM AVE (U/LVL)
50.33,218,Queens,CVE NB LIE - WILLETS PT BLVD
9.32,276,Manhattan,FDR S Catherine Slip - BKN Bridge Manhattan Side
37.28,274,Manhattan,FDR S 25th St - Catherine Slip
48.46,133,Queens,BWB S Queens Anchorage - WSE S Exit 14 (Linden Pl)
50.95,232,Queens,CIP N LIE ramp - TNB
34.17,155,Queens,QMT W Toll Plaza - Manhattan Side
41.01,104,Brooklyn,GOW N 92ND STREET - 7TH AVENUE
36.66,71,Manhattan,FDR S Catherine Slip - BKN Bridge Manhattan Side
47.84,174,Bronx,CBE E CASTLE HILL AVE - BE N WATERBURY AVE
22.99,191,Bronx,MDE S HARLEM RIVER PARK - GWB W AMSTERDAM AVENUE LOWER LEVEL
40.38,53,Staten island,VNB W-SIE W SI GANTRY UPPER LEVEL - FINGERBOARD ROAD
39.14,118,Brooklyn,VNB W BROOKLYN GANTRY LOWER LEVEL - SI GANTRY LOWER LEVEL
34.17,126,Bronx,CBE W MORRIS AVE - GWB W AMSTERDAM AVE (U/LVL)
41.01,250,Manhattan,FDR S 25th St - Catherine Slip
52.19,144,Staten Island,WSE N TYRELLAN AVENUE - BLOOMINGDALE ROAD
4.97,438,Manhattan,12th Ave S 57th St - 45th St
27.96,102,Staten Island,WSE S SOUTH AVENUE - VICTORY BOULEVARD
46.6,46,Brooklyn,VNB E-GOWANUS N BROOKLYN GANTRY LOWER LEVEL - 92ND STREET
21.12,203,Bronx,CBE E AMSTERDAM AVE(U/LVL) - MORRIS AVE
5.59,418,Bronx,CBE W CASTLE HILL AVENUE - TAYLOR AVENUE
45.36,158,Queens,MDE S TBB EXIT RAMP - QUEENS ANCHORAGE
30.44,180,Manhattan,LINCOLN TUNNEL E CENTER TUBE NJ - NY
31.68,124,Queens,LIE WB LITTLE NECK PKWY - NB CIP
55.92,141,Staten Island,WSE N ARDEN AVENUE - VICTORY BLVD
45.98,46,Brooklyn,GOW S VNB W 92ND STREET - BKLYN GANTRY LOWER LEVEL
41.63,58,Manhattan,TBB W - FDR S MANHATTAN TRUSS - E116TH STREET
32.31,170,Bronx,BRP N WATSON AVENUE - FORDHAM ROAD
40.38,53,Staten island,VNB W-SIE W SI GANTRY UPPER LEVEL - FINGERBOARD ROAD
30.44,144,Bronx,MDE S HARLEM RIVER PARK - GWB W AMSTERDAM AVENUE UPPER LEVEL
50.33,77,Staten Island,SIE E RICHMOND AVENUE - WOOLEY AVENUE
49.7,168,Bronx,CBE E CASTLE HILL AVE - BE N WATERBURY AVE
5.59,1260,Queens,TBB N QUEENS ANCHORAGE - BE N
14.29,692,Manhattan,FDR N Catherine Slip - 25th St
45.36,103,Brooklyn,VNB E SI GANTRY LOWER LEVEL - BROOLKYN GANTRY LOWER LEVEL
52.81,175,Queens,Laurelton Pkwy S @ SSP - Belt Pkwy W 182nd St
49.7,154,Staten Island,440 N FRANCIS STREET - WSE N TYRELLAN AVE
8.07,768,Manhattan,12th ave @ 45th - 11 ave ganservoort st
0.0,0,Staten Island,SIE E-MLK N RICHMOND AVENUE - WALKER STREET
57.78,67,Staten Island,SIE W WOOLEY AVENUE - RICHMOND AVENUE
11.18,366,Bronx,CBE W MORRIS AVE - GWB W AMSTERDAM AVE (U/LVL)
44.73,181,Queens,TBB N QUEENS ANCHORAGE - MANHATTAN LIFT SPAN
55.92,80,Bronx,HRP N LAFAYETTE AVENUE - E TREMONT AVENUE
24.85,411,Manhattan,FDR N Catherine Slip - 25th St
45.98,430,Manhattan,Westside Hwy N 57th St - GWB
55.92,80,Bronx,BE S CASTLE HILL AVENUE - STRATFORD AVENUE
33.55,264,Queens,VWE N MP4.63 (Exit 6 - Jamaica Ave) - MP6.39 (Exit 11 Jewel Ave)
53.43,79,Brooklyn,GOW N 92ND STREET - 7TH AVENUE
30.44,211,Manhattan,BBT E Manhattan Portal - Toll Plaza
50.33,92,Queens,BWB N Queens Anchorage - Toll Plaza
26.09,316,Bronx,CBE W U/LEV AMSTERDAM AVE - I95 S EXP LNS
16.15,160,Manhattan,BKN Bridge Manhattan Side - FDR N Catherine Slip
11.8,185,Manhattan,12th Ave S 57th St - 45th St
29.2,392,Queens,CIP N TNB - Whitestone Expwy S Exit 14 (Linden Pl)
0.0,0,Staten Island,SIE E-MLK N RICHMOND AVENUE - WALKER STREET
52.81,146,Staten Island,WSE S TYRELLAN AVENUE - 440 S FRANCIS STREET
32.93,155,Bronx,MDE N RFK Bridge - 142nd St
43.49,49,Staten Island,VNB W-SIE W SI GANTRY LOWER LEVEL - FINGERBOARD ROAD
53.43,128,Queens,TNB N Queens Anchorage - Toll Plaza
43.49,457,Manhattan,Westside Hwy S GWB - 57th St
24.85,440,Queens,CIP N Hempstead Tpk - LIE
45.98,101,Queens,BWB N Queens Anchorage - Toll Plaza
43.49,53,Staten Island,SIE E VNB E FINGERBOARD ROAD - SI GANTRY UPPER LEVEL
10.56,1196,Brooklyn,GOW N 7TH AVENUE - 9TH STREET
42.25,50,Brooklyn,VNB E-GOWANUS N BROOKLYN GANTRY UPPER LEVEL - 92ND STREET
44.11,231,Manhattan,FDR N Catherine Slip - 25th St
11.8,608,Manhattan,GWB E LOWER LEVEL PLAZA - CBE E LOWER LEVEL AMSTERDAM AVE
46.6,54,Bronx,HRP S Lafayette Ave - BWB S Toll Plaza
55.92,67,Queens,Belt Pkwy W 182nd St - JFK Expressway
10.56,497,Manhattan,11th ave n ganservoort - 12th ave @ 40th st
0.0,0,Staten Island,MLK S - SIE W WALKER STREET - RICHMOND AVENUE
25.47,195,Queens,LIE E 84TH ST - 108TH ST
42.25,110,Brooklyn,VNB W BROOKLYN GANTRY UPPER LEVEL - SI GANTRY UPPER LEVEL
14.91,483,Queens,MDE S TBB EXIT RAMP - QUEENS ANCHORAGE
47.22,114,Queens,VWE N MP6.39 (Exit 11 Jewel Ave) - MP8.65 (Exit 13 Northern Blvd)
0.0,0,Staten Island,MLK S - SIE W WALKER STREET - RICHMOND AVENUE
46.6,84,Queens,LIE WB LITTLE NECK PKWY - NB CIP
38.52,37,Staten Island,SIE W BRADLEY AVENUE - WOOLEY AVENUE
0.0,0,Staten Island,MLK S - SIE E WALKER STREET - WOOLEY AVENUE
45.98,97,Bronx,BE S CASTLE HILL AVENUE - STRATFORD AVENUE
44.11,203,Queens,VWE S MP6.39 (Exit 11 Jewel Ave) - MP4.63 (Exit 6 Jamaica Ave)
49.7,79,Queens,LIE WB LITTLE NECK PKWY - NB CIP
25.47,93,Manhattan,TBB W - FDR S MANHATTAN TRUSS - E116TH STREET
9.32,236,Manhattan,12th Ave S 57th St - 45th St
47.84,337,Queens,CIP NB GCP - TNB
22.36,303,Manhattan,FDR S 63rd - 25th St
7.45,1116,Queens,VWE S MP6.39 (Exit 11 Jewel Ave) - MP4.63 (Exit 6 Jamaica Ave)
31.06,142,Bronx,MDE S HARLEM RIVER PARK - GWB W AMSTERDAM AVENUE LOWER LEVEL
0.0,0,Staten Island,SIE E-MLK N RICHMOND AVENUE - WALKER STREET
45.36,95,Bronx,CBE W MORRIS AVE - GWB W AMSTERDAM AVE (U/LVL)
45.98,92,Bronx,CBE E AMSTERDAM AVE(U/LVL) - MORRIS AVE
44.73,47,Brooklyn,VNB E-GOWANUS N BROOKLYN GANTRY LOWER LEVEL - 92ND STREET
54.05,79,Brooklyn,GOW S 7TH AVENUE - 92ND STREET
26.09,300,Queens,Laurelton Pkwy N @ SSP - CIP N Hempstead Tpk
36.66,64,Manhattan,FDR N - TBB E 116TH STREET - MANHATTAN TRUSS
50.95,27,Staten Island,SIE W BRADLEY AVENUE - WOOLEY AVENUE
11.18,550,Manhattan,12th ave @ 45th - 11 ave ganservoort st
41.63,51,Staten Island,VNB W-SIE W SI GANTRY LOWER LEVEL - FINGERBOARD ROAD
47.84,63,Queens,BE S TBB EXIT RAMP - MANHATTAN LIFT SPAN
8.69,1333,Queens,Belt Pkwy W JFK Expressway - VWE N Jamaica Ave
8.07,2412,Manhattan,Westside Hwy N 57th St - GWB
29.82,230,Queens,VWE S MP4.63 (Exit 6 Jamaica Ave) - MP2.66 (Exit 2 Roackaway Blvd)
25.47,292,Bronx,BE S Griswold - Castle Hill Avenue
52.81,88,Brooklyn,VNB W BROOKLYN GANTRY UPPER LEVEL - SI GANTRY UPPER LEVEL
0.0,0,Staten Island,MLK N WALKER STREET - NJ ROUTE 169
54.68,144,Staten Island,WSE S VICTORY BOULEVARD - ARDEN AVENUE
51.57,90,Brooklyn,VNB E SI GANTRY LOWER LEVEL - BROOLKYN GANTRY LOWER LEVEL
0.0,0,Staten Island,ROUTE 169 S - MLK WALKER STREET
47.22,45,Staten island,VNB W-SIE W SI GANTRY UPPER LEVEL - FINGERBOARD ROAD
6.21,667,Bronx,CBE W MORRIS AVE - GWB W AMSTERDAM AVE (L/LVL)
6.83,1217,Queens,VWE S MP6.39 (Exit 11 Jewel Ave) - MP4.63 (Exit 6 Jamaica Ave)
0.0,0,Brooklyn,GOW S 9TH STREET - 7TH AVENUE
49.7,154,Staten Island,440 N FRANCIS STREET - WSE N TYRELLAN AVE
37.9,242,Queens,Laurelton Pkwy S @ SSP - Belt Pkwy W 182nd St
0.0,0,Bronx,CBE AMSTERDAM AVE (L/LVL) - MORRIS AVE
49.7,93,Brooklyn,VNB W BROOKLYN GANTRY LOWER LEVEL - SI GANTRY LOWER LEVEL
0.0,0,Manhattan,BQE N Atlantic Ave - MAN Bridge Manhattan Side
55.3,99,Staten Island,SIE E CLOVE ROAD - FINGERBOARD ROAD
57.78,43,Bronx,CBE W CASTLE HILL AVENUE - TAYLOR AVENUE
0.0,0,Staten Island,ROUTE 169 S - MLK WALKER STREET
22.99,437,Manhattan,FDR S 25th St - Catherine Slip
26.09,259,Queens,VWE S MP4.63 (Exit 6 Jamaica Ave) - MP2.66 (Exit 2 Roackaway Blvd)
56.54,122,Queens,VWE S MP4.63 (Exit 6 Jamaica Ave) - MP2.66 (Exit 2 Roackaway Blvd)
42.25,122,Staten Island,WSE S ARDEN AVENUE - BLOOMINGDALE ROAD
47.84,412,Manhattan,Westside Hwy S GWB - 57th St
50.33,142,Queens,MDE S TBB EXIT RAMP - QUEENS ANCHORAGE
26.09,101,Manhattan,FDR S Catherine Slip - BKN Bridge Manhattan Side
47.84,97,Brooklyn,VNB W BROOKLYN GANTRY UPPER LEVEL - SI GANTRY UPPER LEVEL
19.26,378,Queens,TBB N QUEENS ANCHORAGE - BE N
45.98,427,Manhattan,Westside Hwy N 57th St - GWB
57.16,87,Queens,LIE W 108TH ST - 84TH ST
55.3,90,Staten Island,WSE N BLOOMUINGDALE ROAD - ARDEN AVENUE
9.94,244,Manhattan,TBB W - FDR S MANHATTAN TRUSS - E116TH STREET
45.36,47,Brooklyn,GOW S VNB W 92ND STREET - BKLYN GANTRY UPPER LEVEL
17.39,629,Queens,CIP N Hempstead Tpk - LIE
14.29,369,Manhattan,QMT E Manhattan Side - Toll Plaza
41.01,121,Queens,LIE E 84TH ST - 108TH ST
47.84,155,Manhattan,GWB E LOWER LEVEL PLAZA - CBE E LOWER LEVEL AMSTERDAM AVE
16.77,152,Manhattan,BKN Bridge Manhattan Side - FDR N Catherine Slip
53.43,87,Brooklyn,VNB E SI GANTRY UPPER LEVEL - BROOKLYN GANTRY UPPER LEVEL
4.97,821,Bronx,CBE W MORRIS AVE - GWB W AMSTERDAM AVE (U/LVL)
34.17,203,Staten Island,SIE W - WSE S SOUTH AVENUE - SOUTH AVENUE
19.26,370,Queens,TBB N QUEENS ANCHORAGE - BE N
11.18,380,Bronx,CBE W MORRIS AVE - GWB W AMSTERDAM AVE (U/LVL)
41.63,58,Manhattan,TBB W - FDR S MANHATTAN TRUSS - E116TH STREET
10.56,247,Manhattan,FDR S Catherine Slip - BKN Bridge Manhattan Side
34.79,315,Queens,CIP S LIE - Hempstead Tpk
46.6,45,Brooklyn,VNB E-GOWANUS N BROOKLYN GANTRY LOWER LEVEL - 92ND STREET
50.33,156,Staten Island,WSE N ARDEN AVENUE - VICTORY BLVD
29.82,655,Manhattan,Westside Hwy S GWB - 57th St
26.09,203,Manhattan,QMT E Manhattan Side - Toll Plaza
31.06,219,Queens,VWE S MP4.63 (Exit 6 Jamaica Ave) - MP2.66 (Exit 2 Roackaway Blvd)
47.84,213,Manhattan,FDR S 25th St - Catherine Slip
52.19,143,Bronx,BE N Castle Hill Avenue - Griswold Ave
36.66,135,Queens,LIE W 108TH ST - 84TH ST
21.74,330,Brooklyn,BQE S 46TH STREET - LEONARD STREET
62.13,112,Staten Island,SIE W - WSE S SOUTH AVENUE - SOUTH AVENUE
19.26,382,Queens,TBB S MANHATTAN LIFT SPAN - QUEENS ANCHORAGE
0.0,0,Staten Island,MLK N WALKER STREET - NJ ROUTE 169
11.18,500,Manhattan,West St S Spring St - BBT Manhattan Portal outbound
3.72,548,Manhattan,12th Ave S 57th St - 45th St
35.41,309,Queens,CIP N Hempstead Tpk - LIE
11.18,795,Queens,VWE N MP4.63 (Exit 6 - Jamaica Ave) - MP6.39 (Exit 11 Jewel Ave)
42.87,190,Queens,TBB N QUEENS ANCHORAGE - MANHATTAN LIFT SPAN
16.15,203,Manhattan,11th ave s ganservoort - west st @ spring st
61.51,128,Staten Island,WSE N ARDEN AVENUE - VICTORY BLVD
50.95,140,Brooklyn,BQE N LEONARD STREET - 46TH STREET
12.42,446,Manhattan,LINCOLN TUNNEL E CENTER TUBE NJ - NY
14.91,203,Queens,BE S TBB EXIT RAMP - MANHATTAN LIFT SPAN
49.7,86,Brooklyn,GOW S 7TH AVENUE - 92ND STREET
0.0,0,Bronx,CBE W L/LE V AMSTERDAM AVE - I 95 S LOC LNS
0.0,0,Bronx,BRP S FORDHAM ROAD - WATSON AVENUE
0.0,0,Staten Island,MLK S - SIE W WALKER STREET - RICHMOND AVENUE
6.83,637,Bronx,BE N STRATFORD AVENUE - CASTLE HILL AVE
59.03,117,Staten Island,SIE W - WSE S SOUTH AVENUE - SOUTH AVENUE
47.84,44,Brooklyn,GOW S VNB W 92ND STREET - BKLYN GANTRY UPPER LEVEL
44.73,51,Staten Island,SIE E VNB E FINGERBOARD ROAD - SI GANTRY UPPER LEVEL
54.05,109,Staten Island,SIE W FINGERBOARD ROAD - CLOVE ROAD
47.84,90,Brooklyn,GOW S 7TH AVENUE - 92ND STREET
32.31,222,Queens,MDE S TBB EXIT RAMP - QUEENS ANCHORAGE
30.44,542,Queens,CVE NB GCP - WILLETS PT BLVD
39.14,108,Bronx,CBE W MORRIS AVE - GWB W AMSTERDAM AVE (L/LVL)
50.33,152,Staten Island,WSE S TYRELLAN AVENUE - 440 S FRANCIS STREET
3.72,1992,Bronx,CBE W L/LE V AMSTERDAM AVE - I 95 S LOC LNS
1.24,2198,Manhattan,11th ave s ganservoort - west st @ spring st
28.58,188,Queens,QMT W Toll Plaza - Manhattan Side
50.33,135,Queens,TNB S Toll Plaza - Queens Anchorage
47.84,48,Staten Island,SIE E VNB E FINGERBOARD ROAD - SI GANTRY UPPER LEVEL
36.66,117,Bronx,CBE AMSTERDAM AVE (L/LVL) - MORRIS AVE
26.71,398,Queens,VWE S MP2.66 (Exit 2 Rockaway Blvd) - Belt Pkwy E 182nd St
8.69,709,Manhattan,12th ave @ 45th - 11 ave ganservoort st
45.36,47,Staten Island,VNB W-SIE W SI GANTRY LOWER LEVEL - FINGERBOARD ROAD
45.98,55,Bronx,HRP S Lafayette Ave - BWB S Toll Plaza
29.82,143,Bronx,CBE E AMSTERDAM AVE(U/LVL) - MORRIS AVE
12.42,252,Manhattan,12th Ave N 40th - 57th St
44.11,48,Brooklyn,VNB E-GOWANUS N BROOKLYN GANTRY LOWER LEVEL - 92ND STREET
39.14,164,Manhattan,BBT W Toll Plaza - Manhattan Portal
49.08,94,Brooklyn,VNB W BROOKLYN GANTRY LOWER LEVEL - SI GANTRY LOWER LEVEL
0.0,0,Staten Island,MLK S - SIE E WALKER STREET - WOOLEY AVENUE
42.87,71,Queens,BE S TBB EXIT RAMP - MANHATTAN LIFT SPAN
49.7,219,Queens,CVE NB LIE - WILLETS PT BLVD
47.84,59,Staten Island,WSE S SOUTH AVENUE - VICTORY BOULEVARD
51.57,148,Staten Island,WSE S TYRELLAN AVENUE - 440 S FRANCIS STREET
47.22,98,Brooklyn,VNB E SI GANTRY LOWER LEVEL - BROOLKYN GANTRY LOWER LEVEL
4.97,446,Manhattan,12th Ave S 57th St - 45th St
34.17,162,Manhattan,LINCOLN TUNNEL E SOUTH TUBE - NJ - NY
36.66,121,Bronx,MDE S HARLEM RIVER PARK - GWB W AMSTERDAM AVENUE LOWER LEVEL
59.03,42,Bronx,CBE E TAYLOR AVENUE - CASTLE HILL AVENUE
45.36,51,Staten Island,SIE E VNB E FINGERBOARD ROAD - SI GANTRY UPPER LEVEL
31.68,140,Bronx,BE S CASTLE HILL AVENUE - STRATFORD AVENUE
46.6,178,Bronx,CBE W U/LEV AMSTERDAM AVE - I95 S EXP LNS
46.6,46,Brooklyn,VNB E-GOWANUS N BROOKLYN GANTRY UPPER LEVEL - 92ND STREET
0.0,0,Manhattan,BQE N Atlantic Ave - MAN Bridge Manhattan Side
16.77,722,Queens,Belt Pkwy W JFK Expressway - VWE N Jamaica Ave
52.81,142,Staten Island,WSE N TYRELLAN AVENUE - BLOOMINGDALE ROAD
34.79,160,Bronx,BRP N WATSON AVENUE - FORDHAM ROAD
32.31,165,Queens,QMT W Toll Plaza - Manhattan Side
43.49,98,Brooklyn,GOW S 7TH AVENUE - 92ND STREET
45.36,35,Staten Island,SIE E WOOLEY AVENUE - BRADLEY AVENUE
25.47,302,Queens,Laurelton Pkwy N @ SSP - CIP N Hempstead Tpk
59.65,115,Queens,TNB S Toll Plaza - Queens Anchorage
43.49,452,Manhattan,Westside Hwy N 57th St - GWB
54.05,109,Staten Island,SIE W FINGERBOARD ROAD - CLOVE ROAD
0.0,0,Manhattan,BQE N Atlantic Ave - BKN Bridge Manhattan Side
0.0,0,Brooklyn,GOW S 9TH STREET - 7TH AVENUE
39.14,262,Manhattan,FDR S 25th St - Catherine Slip
47.22,90,Brooklyn,GOW N 92ND STREET - 7TH AVENUE
29.2,150,Bronx,BE S CASTLE HILL AVENUE - STRATFORD AVENUE
0.0,0,Manhattan,BQE N Atlantic Ave - BKN Bridge Manhattan Side
0.0,0,Queens,VWE S MP4.63 (Exit 6 Jamaica Ave) - MP2.66 (Exit 2 Roackaway Blvd)
0.0,0,Bronx,CBE W L/LE V AMSTERDAM AVE - I 95 S LOC LNS
39.76,53,Staten Island,VNB W-SIE W SI GANTRY LOWER LEVEL - FINGERBOARD ROAD
46.6,190,Queens,VWE S MP6.39 (Exit 11 Jewel Ave) - MP4.63 (Exit 6 Jamaica Ave)
22.99,201,Bronx,BE N STRATFORD AVENUE - CASTLE HILL AVE
65.24,60,Staten Island,SIE W WOOLEY AVENUE - RICHMOND AVENUE
42.25,152,Queens,Whitestone Expwy N Exit 14 (Linden Pl) - BWB N Queens Anchorage
16.77,377,Queens,Whitestone Expwy N Exit 14 (Linden Pl) - BWB N Queens Anchorage
44.73,68,Queens,BE S TBB EXIT RAMP - MANHATTAN LIFT SPAN
42.87,49,Brooklyn,VNB E-GOWANUS N BROOKLYN GANTRY UPPER LEVEL - 92ND STREET
54.68,200,Queens,CIP S LIE - Hempstead Tpk
46.6,147,Manhattan,FDR N 25th - 63rd St
36.03,129,Brooklyn,VNB E SI GANTRY UPPER LEVEL - BROOKLYN GANTRY UPPER LEVEL
0.0,0,Staten Island,SIE E-MLK N RICHMOND AVENUE - WALKER STREET
51.57,124,Queens,BWB S Queens Anchorage - WSE S Exit 14 (Linden Pl)
50.33,99,Queens,LIE E 84TH ST - 108TH ST
54.05,115,Staten Island,WSE S BLLOMINGDALE ROAD - TYRELLAN AVENUE
7.45,1203,Queens,VWE S MP6.39 (Exit 11 Jewel Ave) - MP4.63 (Exit 6 Jamaica Ave)
54.05,86,Brooklyn,VNB W BROOKLYN GANTRY LOWER LEVEL - SI GANTRY LOWER LEVEL
59.03,84,Staten Island,WSE N BLOOMUINGDALE ROAD - ARDEN AVENUE
41.63,106,Bronx,MDE S HARLEM RIVER PARK - GWB W AMSTERDAM AVENUE LOWER LEVEL
50.95,109,Queens,Whitestone Expwy S Exit 14 (Linden Pl) - VWE S MP8.65 (Exit 13 Northern Blvd)
34.17,189,Manhattan,BBT E Manhattan Portal - Toll Plaza
40.38,492,Manhattan,Westside Hwy S GWB - 57th St
58.4,55,Staten Island,WSE N VICTORY BLVD - SOUTH AVENUE
51.57,90,Brooklyn,VNB W BROOKLYN GANTRY UPPER LEVEL - SI GANTRY UPPER LEVEL
40.38,62,Bronx,CBE E TAYLOR AVENUE - CASTLE HILL AVENUE
0.0,0,Manhattan,BQE N Atlantic Ave - BKN Bridge Manhattan Side
16.77,317,Queens,QMT W Toll Plaza - Manhattan Side
59.65,44,Staten Island,SIE E SOUTH AVENUE - RICHMOND AVENUE
45.98,46,Brooklyn,GOW S VNB W 92ND STREET - BKLYN GANTRY LOWER LEVEL
51.57,83,Bronx,CBE E AMSTERDAM AVE(U/LVL) - MORRIS AVE
44.11,364,Queens,CIP NB GCP - TNB
19.88,131,Manhattan,FDR S Catherine Slip - BKN Bridge Manhattan Side
0.0,0,Manhattan,LINCOLN TUNNEL E CENTER TUBE NJ - NY
21.74,333,Manhattan,GWB E LOWER LEVEL PLAZA - CBE E LOWER LEVEL AMSTERDAM AVE
39.14,140,Manhattan,LINCOLN TUNNEL W CENTER TUBE NY - NJ
45.98,100,Brooklyn,VNB W BROOKLYN GANTRY UPPER LEVEL - SI GANTRY UPPER LEVEL
0.0,0,Staten Island,MLK S - SIE W WALKER STREET - RICHMOND AVENUE
46.6,45,Brooklyn,GOW S VNB W 92ND STREET - BKLYN GANTRY LOWER LEVEL
33.55,349,Queens,CIP N LIE ramp - TNB
0.0,0,Staten Island,SIE W - MLK N WOOLEY AVENUE - WLAKER STREET
16.15,251,Brooklyn,BQE S - GOW S ALTANTIC AVENUE - 9TH STREET
49.08,109,Queens,VWE S MP8.65 (Exit 13 Northern Blvd) - MP6.39 (Exit 11 Jewel Ave)
0.0,0,Manhattan,LINCOLN TUNNEL E SOUTH TUBE - NJ - NY
51.57,106,Staten Island,SIE E CLOVE ROAD - FINGERBOARD ROAD
21.74,533,Queens,CIP N LIE ramp - TNB
49.7,111,Queens,Whitestone Expwy S Exit 14 (Linden Pl) - VWE S MP8.65 (Exit 13 Northern Blvd)
63.37,82,Staten Island,WSE S ARDEN AVENUE - BLOOMINGDALE ROAD
0.0,0,Manhattan,LINCOLN TUNNEL E CENTER TUBE NJ - NY
46.6,109,Bronx,MDE N RFK Bridge - 142nd St
36.66,152,Bronx,BRP N WATSON AVENUE - FORDHAM ROAD
47.84,52,Bronx,BWB N Toll Plaza - HRP N Lafayatte Ave
28.58,689,Manhattan,Westside Hwy N 57th St - GWB
53.43,146,Staten Island,WSE N ARDEN AVENUE - VICTORY BLVD
44.73,60,Queens,TNB S Qns Anchorage - CIP S @ TNB
17.39,307,Manhattan,QMT E Manhattan Side - Toll Plaza
44.73,48,Brooklyn,GOW S VNB W 92ND STREET - BKLYN GANTRY LOWER LEVEL
0.0,0,Manhattan,BQE N Atlantic Ave - BKN Bridge Manhattan Side
19.26,145,Staten Island,WSE S SOUTH AVENUE - VICTORY BOULEVARD
0.0,0,Staten Island,SIE E-MLK N RICHMOND AVENUE - WALKER STREET
47.22,99,Bronx,BWB S Toll Plaza - Queens Anchorage
0.0,0,Bronx,CBE W L/LE V AMSTERDAM AVE - I 95 S LOC LNS
44.11,104,Brooklyn,VNB W BROOKLYN GANTRY LOWER LEVEL - SI GANTRY LOWER LEVEL
21.74,293,Manhattan,12th ave @ 45th - 11 ave ganservoort st
13.67,308,Bronx,MDE S HARLEM RIVER PARK - GWB W AMSTERDAM AVENUE UPPER LEVEL
45.98,143,Staten Island,SIE E BRADLEY AVENUE - CLOVE ROAD
39.14,40,Staten Island,SIE E WOOLEY AVENUE - BRADLEY AVENUE
12.42,704,Queens,VWE N MP4.63 (Exit 6 - Jamaica Ave) - MP6.39 (Exit 11 Jewel Ave)
34.79,197,Queens,TNB S Toll Plaza - Queens Anchorage
56.54,139,Staten Island,WSE N ARDEN AVENUE - VICTORY BLVD
58.4,187,Queens,CIP S LIE - Hempstead Tpk
52.81,104,Staten Island,SIE E CLOVE ROAD - FINGERBOARD ROAD
16.15,161,Manhattan,BKN Bridge Manhattan Side - FDR N Catherine Slip
26.09,142,Queens,Belt Pkwy W 182nd St - JFK Expressway
45.36,121,Staten Island,SIE E CLOVE ROAD - FINGERBOARD ROAD
54.68,49,Queens,TNB S Qns Anchorage - CIP S @ TNB
25.47,196,Queens,LIE W 108TH ST - 84TH ST
55.3,25,Staten Island,SIE W BRADLEY AVENUE - WOOLEY AVENUE
53.43,154,Bronx,CBE E CASTLE HILL AVE - BE N WATERBURY AVE
29.2,170,Queens,LIE W 108TH ST - 84TH ST
43.49,57,Bronx,HRP S Lafayette Ave - BWB S Toll Plaza
9.94,314,Manhattan,12th Ave N 40th - 57th St
42.87,49,Brooklyn,GOW S VNB W 92ND STREET - BKLYN GANTRY UPPER LEVEL
37.28,245,Queens,Belt Pkwy E 182nd St - Laurelton Pkwy N @ SSP
34.79,215,Queens,TBB S MANHATTAN LIFT SPAN - QUEENS ANCHORAGE
54.05,82,Bronx,HRP N LAFAYETTE AVENUE - E TREMONT AVENUE
13.67,731,Manhattan,FDR S 25th St - Catherine Slip
54.68,118,Queens,BWB S Queens Anchorage - WSE S Exit 14 (Linden Pl)
32.31,212,Manhattan,FDR N 25th - 63rd St
27.34,267,Manhattan,GWB E LOWER LEVEL PLAZA - CBE E LOWER LEVEL AMSTERDAM AVE
52.19,75,Staten Island,SIE E RICHMOND AVENUE - WOOLEY AVENUE
45.36,55,Bronx,BWB N Toll Plaza - HRP N Lafayatte Ave
0.0,0,Staten Island,SIE W - MLK N WOOLEY AVENUE - WLAKER STREET
15.53,473,Queens,TBB S MANHATTAN LIFT SPAN - QUEENS ANCHORAGE
55.3,141,Staten Island,WSE N ARDEN AVENUE - VICTORY BLVD
59.65,98,Staten Island,SIE W FINGERBOARD ROAD - CLOVE ROAD
37.9,198,Queens,CIP S Hempstead Tpk - Laurelton Pkwy @ SSP
48.46,340,Queens,CVE NB GCP - WILLETS PT BLVD
0.0,0,Brooklyn,GOW S 9TH STREET - 7TH AVENUE
0.0,0,Manhattan,BQE N Atlantic Ave - MAN Bridge Manhattan Side
61.51,128,Staten Island,WSE S VICTORY BOULEVARD - ARDEN AVENUE
37.28,43,Staten Island,SIE E WOOLEY AVENUE - BRADLEY AVENUE
44.11,48,Brooklyn,VNB E-GOWANUS N BROOKLYN GANTRY UPPER LEVEL - 92ND STREET
16.15,184,Queens,BE S TBB EXIT RAMP - MANHATTAN LIFT SPAN
57.16,106,Staten Island,WSE N-SIE E SOUTH AVENUE - SOUTH AVENUE
6.83,764,Manhattan,11th ave n ganservoort - 12th ave @ 40th st
53.43,86,Bronx,BWB S Toll Plaza - Queens Anchorage
0.0,0,Staten Island,SIE W - MLK N WOOLEY AVENUE - WLAKER STREET
26.71,240,Manhattan,BBT E Manhattan Portal - Toll Plaza
50.95,90,Brooklyn,VNB W BROOKLYN GANTRY LOWER LEVEL - SI GANTRY LOWER LEVEL
44.11,163,Queens,MDE S TBB EXIT RAMP - QUEENS ANCHORAGE
0.0,0,Staten Island,MLK S - SIE W WALKER STREET - RICHMOND AVENUE
50.33,78,Staten Island,SIE E RICHMOND AVENUE - WOOLEY AVENUE
25.47,181,Brooklyn,VNB E SI GANTRY UPPER LEVEL - BROOKLYN GANTRY UPPER LEVEL
42.87,50,Brooklyn,VNB E-GOWANUS N BROOKLYN GANTRY UPPER LEVEL - 92ND STREET
37.9,42,Staten Island,SIE E WOOLEY AVENUE - BRADLEY AVENUE
0.0,0,Manhattan,BQE N Atlantic Ave - MAN Bridge Manhattan Side
44.11,85,Queens,Belt Pkwy W 182nd St - JFK Expressway
43.49,158,Manhattan,FDR S 63rd - 25th St
61.51,113,Staten Island,SIE W - WSE S SOUTH AVENUE - SOUTH AVENUE
25.47,473,Queens,Belt Pkwy W JFK Expressway - VWE N Jamaica Ave
51.57,148,Staten Island,WSE S TYRELLAN AVENUE - 440 S FRANCIS STREET
20.5,342,Brooklyn,BQE N LEONARD STREET - 46TH STREET
0.0,0,Brooklyn,GOW S 9TH STREET - 7TH AVENUE
45.36,55,Bronx,HRP S Lafayette Ave - BWB S Toll Plaza
54.68,293,Queens,CIP NB GCP - TNB
51.57,213,Queens,CIP S LIE - Hempstead Tpk
39.76,58,Staten Island,SIE E VNB E FINGERBOARD ROAD - SI GANTRY LOWER LEVEL
34.17,131,Bronx,MDE S HARLEM RIVER PARK - GWB W AMSTERDAM AVENUE LOWER LEVEL
38.52,144,Bronx,BRP N WATSON AVENUE - FORDHAM ROAD
32.93,167,Bronx,BRP N WATSON AVENUE - FORDHAM ROAD
16.15,343,Manhattan,LINCOLN TUNNEL E SOUTH TUBE - NJ - NY
45.98,46,Brooklyn,GOW S VNB W 92ND STREET - BKLYN GANTRY UPPER LEVEL
0.0,0,Manhattan,BQE N Atlantic Ave - MAN Bridge Manhattan Side
13.67,455,Manhattan,12th ave @ 45th - 11 ave ganservoort st
39.76,256,Manhattan,FDR N Catherine Slip - 25th St
52.81,54,Staten Island,WSE S SOUTH AVENUE - VICTORY BOULEVARD
59.65,87,Staten Island,WSE S ARDEN AVENUE - BLOOMINGDALE ROAD
49.7,112,Staten Island,SIE E CLOVE ROAD - FINGERBOARD ROAD
34.79,187,Manhattan,BBT E Manhattan Portal - Toll Plaza
0.0,0,Staten Island,MLK N WALKER STREET - NJ ROUTE 169
22.99,523,Queens,Belt Pkwy W JFK Expressway - VWE N Jamaica Ave
52.81,100,Queens,VWE N MP8.64 (Exit 13 Northern Blvd) - Whitestone Expwy Exit 14 (Linden Pl)
47.22,45,Brooklyn,VNB E-GOWANUS N BROOKLYN GANTRY LOWER LEVEL - 92ND STREET
53.43,86,Brooklyn,VNB W BROOKLYN GANTRY UPPER LEVEL - SI GANTRY UPPER LEVEL
59.03,116,Queens,TNB S Toll Plaza - Queens Anchorage
10.56,253,Queens,TNB S Qns Anchorage - CIP S @ TNB
26.09,271,Brooklyn,BQE N LEONARD STREET - 46TH STREET
65.24,79,Staten Island,WSE S ARDEN AVENUE - BLOOMINGDALE ROAD
57.16,202,Queens,CIP N TNB - Whitestone Expwy S Exit 14 (Linden Pl)
54.05,86,Brooklyn,VNB W BROOKLYN GANTRY LOWER LEVEL - SI GANTRY LOWER LEVEL
0.0,0,Brooklyn,GOW S VNB W 92ND STREET - BKLYN GANTRY UPPER LEVEL
4.34,982,Bronx,CBE W MORRIS AVE - GWB W AMSTERDAM AVE (U/LVL)
60.27,53,Staten Island,WSE N VICTORY BLVD - SOUTH AVENUE
52.81,27,Staten Island,SIE W BRADLEY AVENUE - WOOLEY AVENUE
28.58,321,Queens,Belt Pkwy E 182nd St - Laurelton Pkwy N @ SSP
59.65,116,Staten Island,SIE W - WSE S SOUTH AVENUE - SOUTH AVENUE
0.0,0,Bronx,BWB N Toll Plaza - HRP N Lafayatte Ave
48.46,44,Brooklyn,GOW S VNB W 92ND STREET - BKLYN GANTRY UPPER LEVEL
16.15,328,Manhattan,QMT E Manhattan Side - Toll Plaza
54.05,79,Brooklyn,GOW S 7TH AVENUE - 92ND STREET
9.94,536,Manhattan,LINCOLN TUNNEL E SOUTH TUBE - NJ - NY
48.46,51,Bronx,BWB N Toll Plaza - HRP N Lafayatte Ave
44.11,48,Brooklyn,GOW S VNB W 92ND STREET - BKLYN GANTRY LOWER LEVEL
34.79,159,Bronx,BRP N WATSON AVENUE - FORDHAM ROAD
0.0,0,Staten Island,ROUTE 169 S - MLK WALKER STREET
49.08,160,Staten Island,WSE N ARDEN AVENUE - VICTORY BLVD
23.61,404,Queens,LIE WB LITTLE NECK PKWY - NB CVE
26.09,163,Brooklyn,GOW N 92ND STREET - 7TH AVENUE
23.61,304,Queens,MDE S TBB EXIT RAMP - QUEENS ANCHORAGE
47.22,98,Brooklyn,VNB E SI GANTRY LOWER LEVEL - BROOLKYN GANTRY LOWER LEVEL
52.19,27,Staten Island,SIE W BRADLEY AVENUE - WOOLEY AVENUE
19.88,130,Manhattan,BKN Bridge Manhattan Side - FDR N Catherine Slip
0.0,0,Manhattan,LINCOLN TUNNEL E CENTER TUBE NJ - NY
45.36,113,Bronx,MDE N RFK Bridge - 142nd St
0.0,0,Queens,Whitestone Expwy S Exit 14 (Linden Pl) - VWE S MP8.65 (Exit 13 Northern Blvd)
55.92,140,Staten Island,WSE S VICTORY BOULEVARD - ARDEN AVENUE
27.96,188,Queens,QMT W Toll Plaza - Manhattan Side
47.22,53,Bronx,BWB N Toll Plaza - HRP N Lafayatte Ave
34.79,185,Manhattan,BBT E Manhattan Portal - Toll Plaza
53.43,147,Staten Island,WSE N ARDEN AVENUE - VICTORY BLVD
10.56,247,Manhattan,FDR S Catherine Slip - BKN Bridge Manhattan Side
57.16,283,Queens,CIP NB GCP - TNB
55.92,206,Queens,CIP N TNB - Whitestone Expwy S Exit 14 (Linden Pl)
16.77,292,Queens,LIE E 84TH ST - 108TH ST
52.81,30,Staten Island,SIE E WOOLEY AVENUE - BRADLEY AVENUE
0.0,0,Staten Island,MLK S - SIE W WALKER STREET - RICHMOND AVENUE
6.83,1125,Bronx,CBE W L/LE V AMSTERDAM AVE - I 95 S LOC LNS
13.67,236,Manhattan,11th ave s ganservoort - west st @ spring st
34.79,122,Bronx,CBE AMSTERDAM AVE (L/LVL) - MORRIS AVE
0.0,0,Brooklyn,BQE S - GOW S ALTANTIC AVENUE - 9TH STREET
7.45,1616,Queens,Belt Pkwy W JFK Expressway - VWE N Jamaica Ave
0.0,0,Staten Island,MLK S - SIE W WALKER STREET - RICHMOND AVENUE
11.18,225,Bronx,HRP S Lafayette Ave - BWB S Toll Plaza
46.6,50,Staten Island,SIE E VNB E FINGERBOARD ROAD - SI GANTRY UPPER LEVEL
39.14,109,Bronx,CBE AMSTERDAM AVE (L/LVL) - MORRIS AVE
49.08,94,Queens,BWB N Queens Anchorage - Toll Plaza
45.36,166,Queens,TBB S MANHATTAN LIFT SPAN - QUEENS ANCHORAGE
37.9,60,Staten Island,SIE E VNB E FINGERBOARD ROAD - SI GANTRY LOWER LEVEL
43.49,49,Brooklyn,GOW S VNB W 92ND STREET - BKLYN GANTRY LOWER LEVEL
16.77,311,Queens,QMT W Toll Plaza - Manhattan Side
55.92,28,Staten Island,SIE E WOOLEY AVENUE - BRADLEY AVENUE
22.99,170,Queens,LIE WB LITTLE NECK PKWY - NB CIP
68.97,75,Staten Island,WSE S ARDEN AVENUE - BLOOMINGDALE ROAD
59.65,136,Bronx,I-87 NYST S Exit 1 - MDE S Van Cortlandt Park
0.0,0,Staten Island,MLK N WALKER STREET - NJ ROUTE 169
16.77,153,Manhattan,FDR S Catherine Slip - BKN Bridge Manhattan Side
54.68,138,Staten Island,WSE N TYRELLAN AVENUE - BLOOMINGDALE ROAD
58.4,85,Staten Island,WSE N BLOOMUINGDALE ROAD - ARDEN AVENUE
0.0,0,Brooklyn,GOW N 9TH STREET - ATLANTIC AVENUE
45.98,237,Queens,CVE NB LIE - WILLETS PT BLVD
43.49,107,Brooklyn,VNB E SI GANTRY UPPER LEVEL - BROOKLYN GANTRY UPPER LEVEL
44.73,96,Brooklyn,GOW S 7TH AVENUE - 92ND STREET
43.49,61,Staten Island,SIE E SOUTH AVENUE - RICHMOND AVENUE
47.84,174,Bronx,CBE E CASTLE HILL AVE - BE N WATERBURY AVE
6.21,349,Manhattan,12th Ave S 57th St - 45th St
57.78,77,Bronx,BE S CASTLE HILL AVENUE - STRATFORD AVENUE
26.71,197,Queens,VWE N MP8.64 (Exit 13 Northern Blvd) - Whitestone Expwy Exit 14 (Linden Pl)
50.33,152,Staten Island,WSE S TYRELLAN AVENUE - 440 S FRANCIS STREET
0.0,0,Manhattan,BQE N Atlantic Ave - BKN Bridge Manhattan Side
58.4,283,Queens,CVE NB GCP - WILLETS PT BLVD
24.23,368,Queens,VWE S MP6.39 (Exit 11 Jewel Ave) - MP4.63 (Exit 6 Jamaica Ave)
34.79,262,Queens,Belt Pkwy E 182nd St - Laurelton Pkwy N @ SSP
11.18,618,Brooklyn,BQE S 46TH STREET - LEONARD STREET
17.39,582,Manhattan,FDR S 25th St - Catherine Slip
19.88,120,Manhattan,TBB W - FDR S MANHATTAN TRUSS - E116TH STREET
26.09,175,Brooklyn,VNB E SI GANTRY UPPER LEVEL - BROOKLYN GANTRY UPPER LEVEL
26.71,334,Queens,VWE N MP4.63 (Exit 6 - Jamaica Ave) - MP6.39 (Exit 11 Jewel Ave)
49.08,87,Brooklyn,GOW N 92ND STREET - 7TH AVENUE
21.12,765,Queens,CIP NB GCP - TNB
0.0,0,Brooklyn,BQE S - GOW S ALTANTIC AVENUE - 9TH STREET
57.16,137,Staten Island,WSE N ARDEN AVENUE - VICTORY BLVD
55.3,96,Queens,VWE N MP8.64 (Exit 13 Northern Blvd) - Whitestone Expwy Exit 14 (Linden Pl)
42.25,152,Manhattan,BBT E Manhattan Portal - Toll Plaza
54.68,98,Queens,VWE N MP6.39 (Exit 11 Jewel Ave) - MP8.65 (Exit 13 Northern Blvd)
26.71,334,Queens,VWE N MP4.63 (Exit 6 - Jamaica Ave) - MP6.39 (Exit 11 Jewel Ave)
59.03,84,Queens,LIE W 108TH ST - 84TH ST
50.95,84,Bronx,CBE W MORRIS AVE - GWB W AMSTERDAM AVE (L/LVL)
41.63,57,Manhattan,FDR N - TBB E 116TH STREET - MANHATTAN TRUSS
52.19,102,Queens,VWE S MP8.65 (Exit 13 Northern Blvd) - MP6.39 (Exit 11 Jewel Ave)
30.44,233,Brooklyn,BQE S 46TH STREET - LEONARD STREET
49.08,146,Queens,MDE S TBB EXIT RAMP - QUEENS ANCHORAGE
53.43,80,Brooklyn,GOW S 7TH AVENUE - 92ND STREET
37.28,239,Queens,VWE N MP4.63 (Exit 6 - Jamaica Ave) - MP6.39 (Exit 11 Jewel Ave)
0.0,0,Queens,BE S TBB EXIT RAMP - QUEENS ANCHORAGE
31.06,51,Staten Island,SIE E WOOLEY AVENUE - BRADLEY AVENUE
16.77,314,Manhattan,11th ave n ganservoort - 12th ave @ 40th st
17.39,302,Manhattan,QMT E Manhattan Side - Toll Plaza
0.0,0,Staten Island,MLK S - SIE W WALKER STREET - RICHMOND AVENUE
24.23,305,Bronx,BE S Griswold - Castle Hill Avenue
33.55,65,Queens,CIP N ramp to TNB - TNB Queens Anchorage
27.34,182,Manhattan,LINCOLN TUNNEL W NORTH TUBE NY - NJ
52.81,304,Queens,CIP NB GCP - TNB
44.11,104,Brooklyn,VNB W BROOKLYN GANTRY UPPER LEVEL - SI GANTRY UPPER LEVEL
42.25,464,Manhattan,Westside Hwy S GWB - 57th St
16.77,159,Staten Island,SIE E SOUTH AVENUE - RICHMOND AVENUE
0.0,0,Brooklyn,GOW N 9TH STREET - ATLANTIC AVENUE
52.81,112,Staten Island,SIE W FINGERBOARD ROAD - CLOVE ROAD
16.15,87,Staten Island,SIE W BRADLEY AVENUE - WOOLEY AVENUE
44.11,36,Staten Island,SIE E WOOLEY AVENUE - BRADLEY AVENUE
50.95,108,Queens,Whitestone Expwy S Exit 14 (Linden Pl) - VWE S MP8.65 (Exit 13 Northern Blvd)
49.08,79,Staten Island,SIE E RICHMOND AVENUE - WOOLEY AVENUE
42.87,100,Bronx,CBE W MORRIS AVE - GWB W AMSTERDAM AVE (L/LVL)
41.63,165,Manhattan,FDR N 25th - 63rd St
34.17,161,Manhattan,LINCOLN TUNNEL E CENTER TUBE NJ - NY
0.0,0,Manhattan,FDR S Catherine Slip - BKN Bridge Manhattan Side
49.08,169,Bronx,CBE W U/LEV AMSTERDAM AVE - I95 S EXP LNS
54.68,29,Staten Island,SIE E WOOLEY AVENUE - BRADLEY AVENUE
25.47,118,Queens,BE S TBB EXIT RAMP - MANHATTAN LIFT SPAN
47.22,45,Brooklyn,GOW S VNB W 92ND STREET - BKLYN GANTRY LOWER LEVEL
33.55,223,Bronx,BE N Castle Hill Avenue - Griswold Ave
15.53,411,Manhattan,BBT W Toll Plaza - Manhattan Portal
52.81,145,Staten Island,WSE S TYRELLAN AVENUE - 440 S FRANCIS STREET
15.53,355,Manhattan,LINCOLN TUNNEL E SOUTH TUBE - NJ - NY
34.79,68,Manhattan,TBB W - FDR S MANHATTAN TRUSS - E116TH STREET
0.0,0,Staten Island,ROUTE 169 S - MLK WALKER STREET
60.27,130,Staten Island,WSE S VICTORY BOULEVARD - ARDEN AVENUE
56.54,28,Staten Island,SIE E WOOLEY AVENUE - BRADLEY AVENUE
16.77,145,Manhattan,TBB W - FDR S MANHATTAN TRUSS - E116TH STREET
24.23,207,Queens,LIE E 84TH ST - 108TH ST
0.0,0,Queens,BE S TBB EXIT RAMP - QUEENS ANCHORAGE
40.38,161,Manhattan,BBT W Toll Plaza - Manhattan Portal
45.36,102,Brooklyn,VNB W BROOKLYN GANTRY UPPER LEVEL - SI GANTRY UPPER LEVEL
19.88,225,Bronx,MDE S HARLEM RIVER PARK - GWB W AMSTERDAM AVENUE LOWER LEVEL
45.36,353,Queens,CIP NB GCP - TNB
33.55,147,Manhattan,LINCOLN TUNNEL W NORTH TUBE NY - NJ
0.0,0,Brooklyn,GOW S 9TH STREET - 7TH AVENUE
48.46,89,Brooklyn,GOW S 7TH AVENUE - 92ND STREET
37.9,288,Queens,CIP S LIE - Hempstead Tpk
38.52,306,Queens,CIP N LIE ramp - TNB
46.6,219,Manhattan,FDR S 25th St - Catherine Slip
53.43,79,Brooklyn,GOW S 7TH AVENUE - 92ND STREET
45.36,31,Staten Island,SIE W BRADLEY AVENUE - WOOLEY AVENUE
44.11,69,Queens,BE S TBB EXIT RAMP - MANHATTAN LIFT SPAN
44.73,99,Bronx,HRP N LAFAYETTE AVENUE - E TREMONT AVENUE
39.14,190,Queens,TBB S MANHATTAN LIFT SPAN - QUEENS ANCHORAGE
32.93,120,Queens,LIE WB LITTLE NECK PKWY - NB CIP
52.81,94,Queens,LIE W 108TH ST - 84TH ST
48.46,88,Brooklyn,GOW S 7TH AVENUE - 92ND STREET
4.34,1320,Manhattan,BBT W Toll Plaza - Manhattan Portal
0.0,0,Staten Island,ROUTE 169 S - MLK WALKER STREET
6.21,851,Manhattan,West St S Spring St - BBT Manhattan Portal outbound
43.49,98,Bronx,CBE AMSTERDAM AVE (L/LVL) - MORRIS AVE
0.0,0,Staten Island,MLK S - SIE E WALKER STREET - WOOLEY AVENUE
0.0,0,Brooklyn,BQE S - GOW S ALTANTIC AVENUE - 9TH STREET
56.54,146,Bronx,CBE E CASTLE HILL AVE - BE N WATERBURY AVE
22.36,302,Queens,VWE S MP4.63 (Exit 6 Jamaica Ave) - MP2.66 (Exit 2 Roackaway Blvd)
30.44,379,Queens,CIP N TNB - Whitestone Expwy S Exit 14 (Linden Pl)
51.57,41,Brooklyn,GOW S VNB W 92ND STREET - BKLYN GANTRY UPPER LEVEL
48.46,141,Manhattan,FDR S 63rd - 25th St
42.25,272,Queens,CIP N TNB - Whitestone Expwy S Exit 14 (Linden Pl)
0.0,0,Staten Island,MLK N WALKER STREET - NJ ROUTE 169
13.67,416,Manhattan,West St S Spring St - BBT Manhattan Portal outbound
23.61,193,Bronx,BE N STRATFORD AVENUE - CASTLE HILL AVE
0.0,0,Staten Island,SIE E-MLK N RICHMOND AVENUE - WALKER STREET
16.15,144,Manhattan,FDR N - TBB E 116TH STREET - MANHATTAN TRUSS
23.61,298,Brooklyn,BQE S 46TH STREET - LEONARD STREET
26.71,383,Manhattan,FDR S 25th St - Catherine Slip
48.46,133,Queens,Whitestone Expwy N Exit 14 (Linden Pl) - BWB N Queens Anchorage
56.54,122,Queens,TNB S Toll Plaza - Queens Anchorage
50.33,42,Staten island,VNB W-SIE W SI GANTRY UPPER LEVEL - FINGERBOARD ROAD
53.43,130,Staten Island,SIE W - WSE S SOUTH AVENUE - SOUTH AVENUE
20.5,340,Staten Island,SIE W - WSE S SOUTH AVENUE - SOUTH AVENUE
0.0,0,Queens,VWE N MP6.39 (Exit 11 Jewel Ave) - MP8.65 (Exit 13 Northern Blvd)
30.44,246,Bronx,BE S Griswold - Castle Hill Avenue
13.04,426,Queens,Whitestone Expwy S Exit 14 (Linden Pl) - VWE S MP8.65 (Exit 13 Northern Blvd)
58.4,76,Bronx,HRP N LAFAYETTE AVENUE - E TREMONT AVENUE
43.49,127,Staten Island,SIE E CLOVE ROAD - FINGERBOARD ROAD
20.5,377,Queens,Laurelton Pkwy N @ SSP - CIP N Hempstead Tpk
0.0,0,Staten Island,MLK S - SIE W WALKER STREET - RICHMOND AVENUE
57.16,122,Staten Island,SIE W - WSE S SOUTH AVENUE - SOUTH AVENUE
54.05,127,Queens,VWE S MP4.63 (Exit 6 Jamaica Ave) - MP2.66 (Exit 2 Roackaway Blvd)
3.72,1328,Manhattan,LINCOLN TUNNEL W CENTER TUBE NY - NJ
19.88,275,Bronx,BRP N WATSON AVENUE - FORDHAM ROAD
35.41,60,Brooklyn,GOW S VNB W 92ND STREET - BKLYN GANTRY LOWER LEVEL
16.15,284,Brooklyn,VNB E SI GANTRY UPPER LEVEL - BROOKLYN GANTRY UPPER LEVEL
47.84,130,Staten Island,WSE S BLLOMINGDALE ROAD - TYRELLAN AVENUE
44.73,99,Bronx,BE S CASTLE HILL AVENUE - STRATFORD AVENUE
1.86,1213,Bronx,CBE W CASTLE HILL AVENUE - TAYLOR AVENUE
47.22,53,Bronx,BWB N Toll Plaza - HRP N Lafayatte Ave
52.19,308,Queens,CIP NB GCP - TNB
16.77,293,Manhattan,LINCOLN TUNNEL W NORTH TUBE NY - NJ
39.76,126,Manhattan,LINCOLN TUNNEL W NORTH TUBE NY - NJ
0.0,0,Brooklyn,GOW N 7TH AVENUE - 9TH STREET
0.0,0,Brooklyn,GOW N 7TH AVENUE - 9TH STREET
15.53,636,Manhattan,FDR S 25th St - Catherine Slip
20.5,218,Bronx,MDE S HARLEM RIVER PARK - GWB W AMSTERDAM AVENUE LOWER LEVEL
45.98,50,Staten Island,SIE E VNB E FINGERBOARD ROAD - SI GANTRY UPPER LEVEL
40.38,270,Queens,CIP S LIE - Hempstead Tpk
21.12,391,Bronx,CBE W L/LE V AMSTERDAM AVE - I 95 S LOC LNS
37.9,234,Queens,VWE N MP4.63 (Exit 6 - Jamaica Ave) - MP6.39 (Exit 11 Jewel Ave)
21.12,344,Queens,TBB N QUEENS ANCHORAGE - BE N
21.74,379,Bronx,CBE W U/LEV AMSTERDAM AVE - I95 S EXP LNS
51.57,107,Queens,Whitestone Expwy S Exit 14 (Linden Pl) - VWE S MP8.65 (Exit 13 Northern Blvd)
50.33,85,Bronx,CBE E AMSTERDAM AVE(U/LVL) - MORRIS AVE
50.95,105,Queens,VWE N MP6.39 (Exit 11 Jewel Ave) - MP8.65 (Exit 13 Northern Blvd)
7.45,1177,Queens,VWE S MP6.39 (Exit 11 Jewel Ave) - MP4.63 (Exit 6 Jamaica Ave)
44.73,48,Brooklyn,GOW S VNB W 92ND STREET - BKLYN GANTRY UPPER LEVEL
49.08,87,Bronx,CBE W MORRIS AVE - GWB W AMSTERDAM AVE (L/LVL)
56.54,293,Queens,CVE NB GCP - WILLETS PT BLVD
0.0,0,Bronx,CBE W L/LE V AMSTERDAM AVE - I 95 S LOC LNS
0.0,0,Staten Island,SIE W - MLK N WOOLEY AVENUE - WLAKER STREET
49.08,140,Queens,TNB N Queens Anchorage - Toll Plaza
40.38,490,Manhattan,Westside Hwy N 57th St - GWB
55.92,108,Staten Island,WSE N-SIE E SOUTH AVENUE - SOUTH AVENUE
36.66,145,Queens,VWE S MP8.65 (Exit 13 Northern Blvd) - MP6.39 (Exit 11 Jewel Ave)
50.95,31,Staten Island,SIE E WOOLEY AVENUE - BRADLEY AVENUE
9.94,490,Manhattan,LINCOLN TUNNEL W NORTH TUBE NY - NJ
52.19,377,Manhattan,Westside Hwy N 57th St - GWB
42.87,49,Staten Island,VNB W-SIE W SI GANTRY LOWER LEVEL - FINGERBOARD ROAD
0.0,0,Staten Island,MLK S - SIE E WALKER STREET - WOOLEY AVENUE
59.65,131,Staten Island,WSE N ARDEN AVENUE - VICTORY BLVD
27.34,367,Manhattan,FDR S 25th St - Catherine Slip
27.34,95,Manhattan,BKN Bridge Manhattan Side - FDR N Catherine Slip
0.0,0,Manhattan,BQE N Atlantic Ave - MAN Bridge Manhattan Side
0.0,0,Staten Island,MLK S - SIE E WALKER STREET - WOOLEY AVENUE
49.7,93,Brooklyn,VNB E SI GANTRY LOWER LEVEL - BROOLKYN GANTRY LOWER LEVEL
4.97,448,Manhattan,12th Ave S 57th St - 45th St
44.11,207,Queens,Belt Pkwy E 182nd St - Laurelton Pkwy N @ SSP
47.22,91,Brooklyn,GOW N 92ND STREET - 7TH AVENUE
59.65,78,Bronx,BE N STRATFORD AVENUE - CASTLE HILL AVE
0.0,0,Brooklyn,GOW S 9TH STREET - 7TH AVENUE
46.6,162,Queens,CIP S Hempstead Tpk - Laurelton Pkwy @ SSP
21.74,115,Bronx,BWB N Toll Plaza - HRP N Lafayatte Ave
32.31,116,Queens,Belt Pkwy W 182nd St - JFK Expressway
10.56,746,Queens,Laurelton Pkwy N @ SSP - CIP N Hempstead Tpk
31.68,144,Brooklyn,VNB E SI GANTRY UPPER LEVEL - BROOKLYN GANTRY UPPER LEVEL
53.43,83,Bronx,HRP N LAFAYETTE AVENUE - E TREMONT AVENUE
60.89,133,Bronx,I-87 NYST S Exit 1 - MDE S Van Cortlandt Park
44.73,205,Queens,Belt Pkwy E 182nd St - Laurelton Pkwy N @ SSP
47.22,53,Bronx,BWB N Toll Plaza - HRP N Lafayatte Ave
33.55,273,Queens,Laurelton Pkwy S @ SSP - Belt Pkwy W 182nd St
35.41,334,Queens,CIP N LIE ramp - TNB
0.0,0,Staten Island,MLK S - SIE E WALKER STREET - WOOLEY AVENUE
0.0,0,Brooklyn,GOW N 9TH STREET - ATLANTIC AVENUE
48.46,77,Queens,Belt Pkwy W 182nd St - JFK Expressway
41.01,233,Queens,LIE WB LITTLE NECK PKWY - NB CVE
1.86,1289,Bronx,CBE W CASTLE HILL AVENUE - TAYLOR AVENUE
60.89,134,Bronx,I-87 NYST S Exit 1 - MDE S Van Cortlandt Park
4.34,479,Manhattan,12th Ave S 57th St - 45th St
55.92,140,Staten Island,WSE N ARDEN AVENUE - VICTORY BLVD
15.53,533,Bronx,CBE W L/LE V AMSTERDAM AVE - I 95 S LOC LNS
4.97,424,Manhattan,12th Ave S 57th St - 45th St
16.15,304,Queens,LIE W 108TH ST - 84TH ST
47.22,53,Bronx,CBE E TAYLOR AVENUE - CASTLE HILL AVENUE
0.0,0,Staten Island,MLK N WALKER STREET - NJ ROUTE 169
54.68,85,Brooklyn,VNB E SI GANTRY LOWER LEVEL - BROOLKYN GANTRY LOWER LEVEL
18.01,403,Manhattan,GWB E LOWER LEVEL PLAZA - CBE E LOWER LEVEL AMSTERDAM AVE
60.27,131,Staten Island,WSE N ARDEN AVENUE - VICTORY BLVD
22.99,217,Queens,LIE E 84TH ST - 108TH ST
42.87,460,Manhattan,Westside Hwy N 57th St - GWB
37.28,137,Bronx,MDE N RFK Bridge - 142nd St
45.36,55,Bronx,BWB N Toll Plaza - HRP N Lafayatte Ave
14.91,352,Queens,QMT W Toll Plaza - Manhattan Side
16.15,308,Queens,LIE W 108TH ST - 84TH ST
13.04,413,Manhattan,LINCOLN TUNNEL E SOUTH TUBE - NJ - NY
50.33,28,Staten Island,SIE W BRADLEY AVENUE - WOOLEY AVENUE
14.29,500,Manhattan,GWB E LOWER LEVEL PLAZA - CBE E LOWER LEVEL AMSTERDAM AVE
39.14,413,Queens,CIP NB GCP - TNB
55.3,80,Bronx,HRP N LAFAYETTE AVENUE - E TREMONT AVENUE
14.91,181,Queens,TNB S Qns Anchorage - CIP S @ TNB
26.71,382,Manhattan,FDR N Catherine Slip - 25th St
45.98,46,Brooklyn,GOW S VNB W 92ND STREET - BKLYN GANTRY UPPER LEVEL
0.0,0,Staten Island,SIE E-MLK N RICHMOND AVENUE - WALKER STREET
46.6,343,Queens,CIP NB GCP - TNB
41.01,52,Brooklyn,GOW S VNB W 92ND STREET - BKLYN GANTRY LOWER LEVEL
34.17,214,Manhattan,GWB E LOWER LEVEL PLAZA - CBE E LOWER LEVEL AMSTERDAM AVE
51.57,145,Bronx,BE N Castle Hill Avenue - Griswold Ave
60.27,100,Staten Island,WSE N-SIE E SOUTH AVENUE - SOUTH AVENUE
38.52,55,Staten island,VNB W-SIE W SI GANTRY UPPER LEVEL - FINGERBOARD ROAD
49.7,93,Brooklyn,VNB W BROOKLYN GANTRY LOWER LEVEL - SI GANTRY LOWER LEVEL
44.73,95,Brooklyn,GOW N 92ND STREET - 7TH AVENUE
17.39,249,Bronx,BE S CASTLE HILL AVENUE - STRATFORD AVENUE
21.12,257,Manhattan,LINCOLN TUNNEL W CENTER TUBE NY - NJ
54.05,138,Staten Island,WSE N TYRELLAN AVENUE - BLOOMINGDALE ROAD
50.33,124,Staten Island,WSE S BLLOMINGDALE ROAD - TYRELLAN AVENUE
7.45,1121,Bronx,CBE W L/LE V AMSTERDAM AVE - I 95 S LOC LNS
14.29,492,Brooklyn,BQE S 46TH STREET - LEONARD STREET
57.78,136,Staten Island,WSE N ARDEN AVENUE - VICTORY BLVD
21.74,383,Bronx,CBE W U/LEV AMSTERDAM AVE - I95 S EXP LNS
42.87,50,Staten Island,VNB W-SIE W SI GANTRY LOWER LEVEL - FINGERBOARD ROAD
45.98,31,Staten Island,SIE W BRADLEY AVENUE - WOOLEY AVENUE
4.97,1313,Queens,TBB N QUEENS ANCHORAGE - BE N
52.19,88,Brooklyn,VNB W BROOKLYN GANTRY LOWER LEVEL - SI GANTRY LOWER LEVEL
62.13,265,Queens,CVE NB GCP - WILLETS PT BLVD
0.0,0,Staten Island,MLK S - SIE E WALKER STREET - WOOLEY AVENUE
0.0,0,Manhattan,BQE N Atlantic Ave - BKN Bridge Manhattan Side
57.16,93,Queens,VWE N MP6.39 (Exit 11 Jewel Ave) - MP8.65 (Exit 13 Northern Blvd)
59.65,44,Staten Island,SIE E SOUTH AVENUE - RICHMOND AVENUE
41.63,58,Manhattan,TBB W - FDR S MANHATTAN TRUSS - E116TH STREET
1.86,1132,Manhattan,12th Ave S 57th St - 45th St
14.29,180,Manhattan,BKN Bridge Manhattan Side - FDR N Catherine Slip
52.81,101,Queens,VWE S MP8.65 (Exit 13 Northern Blvd) - MP6.39 (Exit 11 Jewel Ave)
54.05,86,Brooklyn,VNB E SI GANTRY LOWER LEVEL - BROOLKYN GANTRY LOWER LEVEL
0.0,0,Queens,VWE S MP4.63 (Exit 6 Jamaica Ave) - MP2.66 (Exit 2 Roackaway Blvd)
47.84,44,Brooklyn,GOW S VNB W 92ND STREET - BKLYN GANTRY UPPER LEVEL
0.0,0,Staten Island,MLK S - SIE E WALKER STREET - WOOLEY AVENUE
29.2,92,Queens,TNB S Qns Anchorage - CIP S @ TNB
49.08,239,Queens,CIP N LIE ramp - TNB
44.11,268,Queens,CIP N LIE ramp - TNB
38.52,61,Manhattan,FDR N - TBB E 116TH STREET - MANHATTAN TRUSS
0.0,0,Staten Island,MLK S - SIE W WALKER STREET - RICHMOND AVENUE
50.33,106,Queens,VWE N MP8.64 (Exit 13 Northern Blvd) - Whitestone Expwy Exit 14 (Linden Pl)
43.49,86,Queens,Belt Pkwy W 182nd St - JFK Expressway
0.0,0,Brooklyn,GOW N 9TH STREET - ATLANTIC AVENUE
1.86,1098,Bronx,CBE W CASTLE HILL AVENUE - TAYLOR AVENUE
21.74,312,Queens,VWE S MP4.63 (Exit 6 Jamaica Ave) - MP2.66 (Exit 2 Roackaway Blvd)
8.69,360,Manhattan,12th Ave N 40th - 57th St
57.16,122,Staten Island,SIE W - WSE S SOUTH AVENUE - SOUTH AVENUE
16.15,163,Staten Island,SIE E SOUTH AVENUE - RICHMOND AVENUE
39.76,71,Staten Island,SIE W RICHMOND AVENUE - SOUTH AVENUE
42.87,268,Queens,CIP N TNB - Whitestone Expwy S Exit 14 (Linden Pl)
44.11,88,Staten Island,SIE E RICHMOND AVENUE - WOOLEY AVENUE
55.92,45,Bronx,CBE W CASTLE HILL AVENUE - TAYLOR AVENUE
0.0,0,Bronx,BRP S FORDHAM ROAD - WATSON AVENUE
54.68,136,Staten Island,WSE N TYRELLAN AVENUE - BLOOMINGDALE ROAD
54.05,202,Queens,CIP S LIE - Hempstead Tpk
26.71,355,Queens,LIE WB LITTLE NECK PKWY - NB CVE
41.01,191,Queens,Laurelton Pkwy N @ SSP - CIP N Hempstead Tpk
41.01,113,Bronx,BE N STRATFORD AVENUE - CASTLE HILL AVE
62.13,187,Queens,CIP N TNB - Whitestone Expwy S Exit 14 (Linden Pl)
19.26,239,Bronx,BWB S Toll Plaza - Queens Anchorage
51.57,83,Bronx,CBE W MORRIS AVE - GWB W AMSTERDAM AVE (L/LVL)
16.15,414,Manhattan,FDR N 25th - 63rd St
45.98,100,Brooklyn,VNB E SI GANTRY LOWER LEVEL - BROOLKYN GANTRY LOWER LEVEL
49.08,131,Queens,Whitestone Expwy N Exit 14 (Linden Pl) - BWB N Queens Anchorage
42.87,59,Bronx,CBE E TAYLOR AVENUE - CASTLE HILL AVENUE
56.54,82,Brooklyn,VNB W BROOKLYN GANTRY LOWER LEVEL - SI GANTRY LOWER LEVEL
7.45,426,Manhattan,12th Ave N 40th - 57th St
49.08,131,Queens,BWB S Queens Anchorage - WSE S Exit 14 (Linden Pl)
33.55,193,Manhattan,BBT E Manhattan Portal - Toll Plaza
33.55,160,Queens,QMT W Toll Plaza - Manhattan Side
4.34,1822,Bronx,CBE W L/LE V AMSTERDAM AVE - I 95 S LOC LNS
19.26,218,Bronx,CBE AMSTERDAM AVE (L/LVL) - MORRIS AVE
0.0,0,Manhattan,BQE N Atlantic Ave - BKN Bridge Manhattan Side
40.38,57,Staten Island,SIE E VNB E FINGERBOARD ROAD - SI GANTRY LOWER LEVEL
45.36,130,Staten Island,SIE W FINGERBOARD ROAD - CLOVE ROAD
49.08,45,Queens,CIP N ramp to TNB - TNB Queens Anchorage
63.37,50,Staten Island,WSE N VICTORY BLVD - SOUTH AVENUE
56.54,79,Bronx,HRP N LAFAYETTE AVENUE - E TREMONT AVENUE
51.57,86,Bronx,HRP N LAFAYETTE AVENUE - E TREMONT AVENUE
0.0,0,Staten Island,WSE S TYRELLAN AVENUE - 440 S FRANCIS STREET
0.0,0,Manhattan,BQE N Atlantic Ave - BKN Bridge Manhattan Side
16.77,641,Queens,CIP N Hempstead Tpk - LIE
52.81,27,Staten Island,SIE W BRADLEY AVENUE - WOOLEY AVENUE
47.22,106,Queens,LIE E 84TH ST - 108TH ST
39.76,107,Bronx,CBE W MORRIS AVE - GWB W AMSTERDAM AVE (U/LVL)
35.41,156,Manhattan,LINCOLN TUNNEL E CENTER TUBE NJ - NY
45.98,46,Staten island,VNB W-SIE W SI GANTRY UPPER LEVEL - FINGERBOARD ROAD
40.38,53,Staten island,VNB W-SIE W SI GANTRY UPPER LEVEL - FINGERBOARD ROAD
3.1,731,Manhattan,12th Ave S 57th St - 45th St
18.01,305,Queens,Whitestone Expwy S Exit 14 (Linden Pl) - VWE S MP8.65 (Exit 13 Northern Blvd)
46.6,51,Manhattan,TBB W - FDR S MANHATTAN TRUSS - E116TH STREET
42.87,100,Brooklyn,GOW N 92ND STREET - 7TH AVENUE
0.0,0,Manhattan,BQE N Atlantic Ave - MAN Bridge Manhattan Side
31.06,208,Manhattan,BBT E Manhattan Portal - Toll Plaza
46.6,193,Queens,VWE N MP4.63 (Exit 6 - Jamaica Ave) - MP6.39 (Exit 11 Jewel Ave)
13.67,355,Manhattan,LINCOLN TUNNEL W NORTH TUBE NY - NJ
52.81,88,Brooklyn,VNB E SI GANTRY LOWER LEVEL - BROOLKYN GANTRY LOWER LEVEL
37.28,174,Manhattan,BBT W Toll Plaza - Manhattan Portal
16.15,309,Queens,LIE W 108TH ST - 84TH ST
13.67,164,Manhattan,12th Ave S 57th St - 45th St
57.16,116,Staten Island,SIE E BRADLEY AVENUE - CLOVE ROAD
55.92,123,Queens,TNB S Toll Plaza - Queens Anchorage
42.87,168,Queens,MDE S TBB EXIT RAMP - QUEENS ANCHORAGE
21.12,569,Queens,Belt Pkwy W JFK Expressway - VWE N Jamaica Ave
57.78,96,Staten Island,SIE E CLOVE ROAD - FINGERBOARD ROAD
52.81,141,Bronx,BE N Castle Hill Avenue - Griswold Ave
54.68,144,Staten Island,WSE S VICTORY BOULEVARD - ARDEN AVENUE
26.09,163,Brooklyn,GOW N 92ND STREET - 7TH AVENUE
49.08,139,Queens,TNB S Toll Plaza - Queens Anchorage
20.5,126,Manhattan,FDR S Catherine Slip - BKN Bridge Manhattan Side
39.14,140,Manhattan,LINCOLN TUNNEL W CENTER TUBE NY - NJ
19.26,278,Manhattan,11th ave n ganservoort - 12th ave @ 40th st
0.0,0,Staten Island,ROUTE 169 S - MLK WALKER STREET
34.17,281,Queens,LIE WB LITTLE NECK PKWY - NB CVE
15.53,641,Manhattan,FDR N Catherine Slip - 25th St
9.94,583,Staten Island,WSE N-SIE E SOUTH AVENUE - SOUTH AVENUE
7.45,1519,Queens,Belt Pkwy W JFK Expressway - VWE N Jamaica Ave
52.81,148,Staten Island,WSE S VICTORY BOULEVARD - ARDEN AVENUE
22.99,325,Queens,TBB S MANHATTAN LIFT SPAN - QUEENS ANCHORAGE
24.23,207,Queens,LIE E 84TH ST - 108TH ST
0.0,0,Queens,TNB N Queens Anchorage - Toll Plaza
0.0,0,Brooklyn,GOW N 9TH STREET - ATLANTIC AVENUE
31.68,75,Manhattan,TBB W - FDR S MANHATTAN TRUSS - E116TH STREET
48.46,159,Staten Island,WSE S TYRELLAN AVENUE - 440 S FRANCIS STREET
24.85,92,Staten Island,SIE E VNB E FINGERBOARD ROAD - SI GANTRY LOWER LEVEL
59.03,48,Staten Island,SIE W RICHMOND AVENUE - SOUTH AVENUE
10.56,536,Manhattan,West St S Spring St - BBT Manhattan Portal outbound
0.0,0,Brooklyn,GOW S VNB W 92ND STREET - BKLYN GANTRY LOWER LEVEL
25.47,103,Manhattan,FDR S Catherine Slip - BKN Bridge Manhattan Side
46.6,50,Staten Island,SIE E VNB E FINGERBOARD ROAD - SI GANTRY LOWER LEVEL
34.79,158,Manhattan,LINCOLN TUNNEL W CENTER TUBE NY - NJ
52.81,81,Brooklyn,GOW S 7TH AVENUE - 92ND STREET
23.61,193,Bronx,BE N STRATFORD AVENUE - CASTLE HILL AVE
45.98,100,Bronx,BWB S Toll Plaza - Queens Anchorage
0.0,0,Manhattan,BQE N Atlantic Ave - MAN Bridge Manhattan Side
0.0,0,Staten Island,MLK N WALKER STREET - NJ ROUTE 169
19.26,454,Queens,VWE S MP6.39 (Exit 11 Jewel Ave) - MP4.63 (Exit 6 Jamaica Ave)
49.08,113,Queens,Whitestone Expwy S Exit 14 (Linden Pl) - VWE S MP8.65 (Exit 13 Northern Blvd)
21.74,206,Bronx,MDE S HARLEM RIVER PARK - GWB W AMSTERDAM AVENUE LOWER LEVEL
0.0,0,Staten Island,SIE W - MLK N WOOLEY AVENUE - WLAKER STREET
14.91,212,Manhattan,12th Ave N 40th - 57th St
55.92,82,Bronx,BE N STRATFORD AVENUE - CASTLE HILL AVE
48.46,95,Brooklyn,VNB E SI GANTRY UPPER LEVEL - BROOKLYN GANTRY UPPER LEVEL
19.26,364,Brooklyn,BQE S 46TH STREET - LEONARD STREET
42.87,49,Brooklyn,VNB E-GOWANUS N BROOKLYN GANTRY UPPER LEVEL - 92ND STREET
50.95,115,Staten Island,SIE W FINGERBOARD ROAD - CLOVE ROAD
68.35,75,Staten Island,WSE S ARDEN AVENUE - BLOOMINGDALE ROAD
52.19,145,Queens,CIP S Hempstead Tpk - Laurelton Pkwy @ SSP
59.65,125,Bronx,BE N Castle Hill Avenue - Griswold Ave
50.95,56,Staten Island,WSE S SOUTH AVENUE - VICTORY BOULEVARD
0.0,0,Staten Island,SIE E-MLK N RICHMOND AVENUE - WALKER STREET
15.53,209,Manhattan,12th Ave N 40th - 57th St
14.29,372,Manhattan,QMT E Manhattan Side - Toll Plaza
19.26,368,Brooklyn,BQE S 46TH STREET - LEONARD STREET
48.46,44,Brooklyn,GOW S VNB W 92ND STREET - BKLYN GANTRY UPPER LEVEL
52.81,40,Staten Island,VNB W-SIE W SI GANTRY LOWER LEVEL - FINGERBOARD ROAD
12.42,346,Bronx,CBE W MORRIS AVE - GWB W AMSTERDAM AVE (U/LVL)
55.3,45,Bronx,BWB N Toll Plaza - HRP N Lafayatte Ave
17.39,305,Manhattan,QMT E Manhattan Side - Toll Plaza
48.46,125,Staten Island,WSE N-SIE E SOUTH AVENUE - SOUTH AVENUE
45.36,47,Brooklyn,GOW S VNB W 92ND STREET - BKLYN GANTRY LOWER LEVEL
54.05,145,Staten Island,WSE S VICTORY BOULEVARD - ARDEN AVENUE
51.57,89,Brooklyn,VNB E SI GANTRY LOWER LEVEL - BROOLKYN GANTRY LOWER LEVEL
58.4,79,Bronx,BE N STRATFORD AVENUE - CASTLE HILL AVE
16.15,147,Manhattan,TBB W - FDR S MANHATTAN TRUSS - E116TH STREET
45.98,62,Staten Island,SIE W RICHMOND AVENUE - SOUTH AVENUE
41.63,471,Manhattan,Westside Hwy S GWB - 57th St
49.7,107,Queens,VWE N MP8.64 (Exit 13 Northern Blvd) - Whitestone Expwy Exit 14 (Linden Pl)
44.11,48,Staten Island,VNB W-SIE W SI GANTRY LOWER LEVEL - FINGERBOARD ROAD
16.77,427,Brooklyn,BQE S 46TH STREET - LEONARD STREET
39.76,98,Queens,LIE WB LITTLE NECK PKWY - NB CIP
13.67,320,Bronx,MDE S HARLEM RIVER PARK - GWB W AMSTERDAM AVENUE UPPER LEVEL
8.69,248,Manhattan,12th Ave S 57th St - 45th St
55.92,111,Staten Island,WSE S BLLOMINGDALE ROAD - TYRELLAN AVENUE
42.25,182,Staten Island,440 N FRANCIS STREET - WSE N TYRELLAN AVE
50.33,50,Bronx,CBE E TAYLOR AVENUE - CASTLE HILL AVENUE
16.15,415,Manhattan,FDR N 25th - 63rd St
19.26,279,Manhattan,11th ave n ganservoort - 12th ave @ 40th st
55.3,135,Staten Island,WSE N TYRELLAN AVENUE - BLOOMINGDALE ROAD
54.68,97,Queens,VWE N MP6.39 (Exit 11 Jewel Ave) - MP8.65 (Exit 13 Northern Blvd)
0.0,0,Staten Island,440 N FRANCIS STREET - WSE N TYRELLAN AVE
56.54,122,Queens,TNB S Toll Plaza - Queens Anchorage
55.3,48,Staten Island,SIE E SOUTH AVENUE - RICHMOND AVENUE
51.57,121,Staten Island,WSE S BLLOMINGDALE ROAD - TYRELLAN AVENUE
41.63,51,Brooklyn,VNB E-GOWANUS N BROOKLYN GANTRY UPPER LEVEL - 92ND STREET
24.85,275,Queens,VWE S MP4.63 (Exit 6 Jamaica Ave) - MP2.66 (Exit 2 Roackaway Blvd)
38.52,142,Manhattan,LINCOLN TUNNEL W CENTER TUBE NY - NJ
36.66,175,Queens,BWB S Queens Anchorage - WSE S Exit 14 (Linden Pl)
14.91,214,Manhattan,11th ave s ganservoort - west st @ spring st
0.0,0,Staten Island,MLK N WALKER STREET - NJ ROUTE 169
58.4,157,Queens,Belt Pkwy E 182nd St - Laurelton Pkwy N @ SSP
4.97,1412,Queens,TBB N QUEENS ANCHORAGE - BE N
49.7,155,Staten Island,440 N FRANCIS STREET - WSE N TYRELLAN AVE
55.92,122,Queens,TNB N Queens Anchorage - Toll Plaza
26.71,614,Queens,CVE NB GCP - WILLETS PT BLVD
0.0,0,Queens,VWE S MP4.63 (Exit 6 Jamaica Ave) - MP2.66 (Exit 2 Roackaway Blvd)
0.0,0,Bronx,I-87 NYST S Exit 1 - MDE S Van Cortlandt Park
47.22,144,Manhattan,FDR N 25th - 63rd St
41.63,179,Queens,TBB S MANHATTAN LIFT SPAN - QUEENS ANCHORAGE
51.57,97,Queens,LIE W 108TH ST - 84TH ST
57.78,55,Staten Island,WSE N VICTORY BLVD - SOUTH AVENUE
0.0,0,Staten Island,MLK S - SIE W WALKER STREET - RICHMOND AVENUE
20.5,259,Manhattan,QMT E Manhattan Side - Toll Plaza
39.76,163,Manhattan,BBT W Toll Plaza - Manhattan Portal
18.01,400,Queens,MDE S TBB EXIT RAMP - QUEENS ANCHORAGE
18.01,509,Queens,Belt Pkwy E 182nd St - Laurelton Pkwy N @ SSP
49.08,32,Staten Island,SIE E WOOLEY AVENUE - BRADLEY AVENUE
9.94,534,Manhattan,QMT E Manhattan Side - Toll Plaza
0.0,0,Brooklyn,GOW N 9TH STREET - ATLANTIC AVENUE
0.0,0,Manhattan,BQE N Atlantic Ave - MAN Bridge Manhattan Side
30.44,312,Queens,LIE WB LITTLE NECK PKWY - NB CVE
29.2,256,Bronx,BE S Griswold - Castle Hill Avenue
13.04,809,Queens,CIP N Hempstead Tpk - LIE
4.34,1006,Bronx,MDE S HARLEM RIVER PARK - GWB W AMSTERDAM AVENUE LOWER LEVEL
28.58,187,Queens,QMT W Toll Plaza - Manhattan Side
0.0,0,Brooklyn,BQE S - GOW S ALTANTIC AVENUE - 9TH STREET
52.81,141,Staten Island,WSE N TYRELLAN AVENUE - BLOOMINGDALE ROAD
55.92,80,Bronx,HRP N LAFAYETTE AVENUE - E TREMONT AVENUE
52.19,89,Queens,BWB N Queens Anchorage - Toll Plaza
0.0,0,Staten Island,MLK S - SIE E WALKER STREET - WOOLEY AVENUE
18.01,554,Manhattan,FDR N Catherine Slip - 25th St
37.28,101,Queens,Belt Pkwy W 182nd St - JFK Expressway
19.88,106,Staten Island,VNB W-SIE W SI GANTRY LOWER LEVEL - FINGERBOARD ROAD
53.43,73,Staten Island,SIE E RICHMOND AVENUE - WOOLEY AVENUE
0.0,0,Queens,TBB S MANHATTAN LIFT SPAN - QUEENS ANCHORAGE
0.0,0,Queens,BE S TBB EXIT RAMP - QUEENS ANCHORAGE
13.67,394,Manhattan,LINCOLN TUNNEL E CENTER TUBE NJ - NY
46.6,106,Queens,LIE W 108TH ST - 84TH ST
52.81,149,Staten Island,WSE S VICTORY BOULEVARD - ARDEN AVENUE
16.15,433,Brooklyn,BQE S 46TH STREET - LEONARD STREET
14.29,222,Manhattan,11th ave s ganservoort - west st @ spring st
21.74,464,Manhattan,FDR S 25th St - Catherine Slip
22.99,467,Queens,CVE NB LIE - WILLETS PT BLVD
0.0,0,Staten Island,SIE W - MLK N WOOLEY AVENUE - WLAKER STREET
13.67,586,Queens,TBB N QUEENS ANCHORAGE - MANHATTAN LIFT SPAN
0.0,0,Brooklyn,GOW N 9TH STREET - ATLANTIC AVENUE
49.7,129,Queens,BWB S Queens Anchorage - WSE S Exit 14 (Linden Pl)
42.25,102,Bronx,CBE W MORRIS AVE - GWB W AMSTERDAM AVE (U/LVL)
21.12,478,Manhattan,FDR S 25th St - Catherine Slip
0.0,0,Brooklyn,BQE S - GOW S ALTANTIC AVENUE - 9TH STREET
0.0,0,Manhattan,BQE N Atlantic Ave - BKN Bridge Manhattan Side
49.7,118,Staten Island,SIE W FINGERBOARD ROAD - CLOVE ROAD
50.33,136,Manhattan,FDR N 25th - 63rd St
56.54,131,Bronx,BE N Castle Hill Avenue - Griswold Ave
0.0,0,Manhattan,BQE N Atlantic Ave - BKN Bridge Manhattan Side
21.74,101,Queens,CIP N ramp to TNB - TNB Queens Anchorage
35.41,80,Staten Island,SIE W RICHMOND AVENUE - SOUTH AVENUE
47.84,89,Bronx,CBE E AMSTERDAM AVE(U/LVL) - MORRIS AVE
24.23,99,Manhattan,TBB W - FDR S MANHATTAN TRUSS - E116TH STREET
17.39,407,Queens,TBB N QUEENS ANCHORAGE - BE N
59.03,117,Staten Island,SIE W - WSE S SOUTH AVENUE - SOUTH AVENUE
48.46,51,Bronx,BWB N Toll Plaza - HRP N Lafayatte Ave
32.31,231,Bronx,BE S Griswold - Castle Hill Avenue
6.21,724,Bronx,MDE S HARLEM RIVER PARK - GWB W AMSTERDAM AVENUE LOWER LEVEL
20.5,117,Manhattan,TBB W - FDR S MANHATTAN TRUSS - E116TH STREET
14.29,377,Manhattan,11th ave n ganservoort - 12th ave @ 40th st
14.91,799,Queens,Belt Pkwy W JFK Expressway - VWE N Jamaica Ave
42.25,60,Bronx,CBE E TAYLOR AVENUE - CASTLE HILL AVENUE
41.01,233,Queens,LIE WB LITTLE NECK PKWY - NB CVE
22.36,244,Staten Island,SIE E CLOVE ROAD - FINGERBOARD ROAD
60.27,272,Queens,CVE NB GCP - WILLETS PT BLVD
0.0,0,Staten Island,MLK S - SIE W WALKER STREET - RICHMOND AVENUE
52.81,47,Bronx,BWB N Toll Plaza - HRP N Lafayatte Ave
41.01,247,Manhattan,FDR S 25th St - Catherine Slip
47.22,53,Bronx,HRP S Lafayette Ave - BWB S Toll Plaza
44.11,144,Queens,BWB S Queens Anchorage - WSE S Exit 14 (Linden Pl)
21.12,202,Bronx,MDE S HARLEM RIVER PARK - GWB W AMSTERDAM AVENUE UPPER LEVEL
0.0,0,Staten Island,SIE W - MLK N WOOLEY AVENUE - WLAKER STREET
41.01,135,Bronx,BRP S FORDHAM ROAD - WATSON AVENUE
0.0,0,Manhattan,BQE N Atlantic Ave - MAN Bridge Manhattan Side
45.36,47,Brooklyn,VNB E-GOWANUS N BROOKLYN GANTRY LOWER LEVEL - 92ND STREET
46.6,99,Bronx,BWB S Toll Plaza - Queens Anchorage
33.55,590,Manhattan,Westside Hwy S GWB - 57th St
57.16,103,Staten Island,SIE W FINGERBOARD ROAD - CLOVE ROAD
50.33,229,Queens,CIP N TNB - Whitestone Expwy S Exit 14 (Linden Pl)
13.67,327,Bronx,MDE S HARLEM RIVER PARK - GWB W AMSTERDAM AVENUE LOWER LEVEL
47.22,53,Bronx,CBE W CASTLE HILL AVENUE - TAYLOR AVENUE
20.5,331,Manhattan,FDR S 63rd - 25th St
54.68,144,Staten Island,WSE S VICTORY BOULEVARD - ARDEN AVENUE
5.59,3202,Manhattan,Westside Hwy N 57th St - GWB
45.98,47,Queens,CIP N ramp to TNB - TNB Queens Anchorage
54.68,84,Brooklyn,VNB W BROOKLYN GANTRY LOWER LEVEL - SI GANTRY LOWER LEVEL
53.43,87,Brooklyn,VNB W BROOKLYN GANTRY UPPER LEVEL - SI GANTRY UPPER LEVEL
52.19,81,Brooklyn,GOW S 7TH AVENUE - 92ND STREET
22.36,317,Brooklyn,BQE N LEONARD STREET - 46TH STREET
54.05,203,Queens,CIP S LIE - Hempstead Tpk
1.86,3619,Bronx,CBE W L/LE V AMSTERDAM AVE - I 95 S LOC LNS
55.92,108,Staten Island,WSE N-SIE E SOUTH AVENUE - SOUTH AVENUE
0.0,0,Staten Island,SIE E-MLK N RICHMOND AVENUE - WALKER STREET
32.93,168,Manhattan,LINCOLN TUNNEL W CENTER TUBE NY - NJ
44.73,244,Queens,CIP S LIE - Hempstead Tpk
0.0,0,Brooklyn,GOW S 9TH STREET - 7TH AVENUE
49.7,43,Brooklyn,VNB E-GOWANUS N BROOKLYN GANTRY LOWER LEVEL - 92ND STREET
0.0,0,Staten Island,SIE W - MLK N WOOLEY AVENUE - WLAKER STREET
24.85,334,Bronx,CBE W U/LEV AMSTERDAM AVE - I95 S EXP LNS
42.25,260,Queens,CIP S LIE - Hempstead Tpk
0.0,0,Staten Island,MLK S - SIE E WALKER STREET - WOOLEY AVENUE
42.25,465,Manhattan,Westside Hwy S GWB - 57th St
9.32,258,Manhattan,TBB W - FDR S MANHATTAN TRUSS - E116TH STREET
48.46,163,Staten Island,WSE S VICTORY BOULEVARD - ARDEN AVENUE
34.17,202,Queens,TNB S Toll Plaza - Queens Anchorage
13.67,383,Manhattan,11th ave n ganservoort - 12th ave @ 40th st
0.0,0,Brooklyn,BQE S - GOW S ALTANTIC AVENUE - 9TH STREET
36.66,319,Queens,CIP N LIE ramp - TNB
31.68,215,Queens,VWE S MP4.63 (Exit 6 Jamaica Ave) - MP2.66 (Exit 2 Roackaway Blvd)
37.9,146,Manhattan,LINCOLN TUNNEL E SOUTH TUBE - NJ - NY
7.45,286,Manhattan,12th Ave S 57th St - 45th St
39.14,235,Queens,Belt Pkwy E 182nd St - Laurelton Pkwy N @ SSP
1.24,3085,Bronx,CBE AMSTERDAM AVE (L/LVL) - MORRIS AVE
0.0,0,Manhattan,BQE N Atlantic Ave - BKN Bridge Manhattan Side
19.26,280,Manhattan,11th ave n ganservoort - 12th ave @ 40th st
48.46,95,Bronx,BE N STRATFORD AVENUE - CASTLE HILL AVE
14.91,333,Bronx,MDE N RFK Bridge - 142nd St
56.54,28,Staten Island,SIE E WOOLEY AVENUE - BRADLEY AVENUE
37.28,203,Queens,CIP S Hempstead Tpk - Laurelton Pkwy @ SSP
55.92,296,Queens,CVE NB GCP - WILLETS PT BLVD
38.52,143,Manhattan,LINCOLN TUNNEL E CENTER TUBE NJ - NY
6.21,632,Bronx,CBE E AMSTERDAM AVE(U/LVL) - MORRIS AVE
24.23,267,Manhattan,BBT E Manhattan Portal - Toll Plaza
34.79,159,Bronx,BRP N WATSON AVENUE - FORDHAM ROAD
30.44,223,Manhattan,FDR S 63rd - 25th St
55.92,108,Staten Island,WSE N-SIE E SOUTH AVENUE - SOUTH AVENUE
34.17,261,Queens,VWE N MP4.63 (Exit 6 - Jamaica Ave) - MP6.39 (Exit 11 Jewel Ave)
29.82,179,Queens,QMT W Toll Plaza - Manhattan Side
1.86,1141,Manhattan,12th Ave S 57th St - 45th St
31.68,68,Queens,CIP N ramp to TNB - TNB Queens Anchorage
53.43,83,Bronx,HRP N LAFAYETTE AVENUE - E TREMONT AVENUE
16.77,327,Manhattan,LINCOLN TUNNEL E CENTER TUBE NJ - NY
13.67,499,Queens,VWE S MP4.63 (Exit 6 Jamaica Ave) - MP2.66 (Exit 2 Roackaway Blvd)
53.43,141,Staten Island,WSE N TYRELLAN AVENUE - BLOOMINGDALE ROAD
52.81,104,Queens,Whitestone Expwy S Exit 14 (Linden Pl) - VWE S MP8.65 (Exit 13 Northern Blvd)
8.07,668,Manhattan,11th ave n ganservoort - 12th ave @ 40th st
45.36,98,Bronx,MDE S HARLEM RIVER PARK - GWB W AMSTERDAM AVENUE LOWER LEVEL
46.6,142,Staten Island,SIE E BRADLEY AVENUE - CLOVE ROAD
58.4,283,Queens,CVE NB GCP - WILLETS PT BLVD
54.68,91,Staten Island,WSE N BLOOMUINGDALE ROAD - ARDEN AVENUE
50.95,104,Queens,VWE N MP8.64 (Exit 13 Northern Blvd) - Whitestone Expwy Exit 14 (Linden Pl)
53.43,86,Brooklyn,VNB E SI GANTRY LOWER LEVEL - BROOLKYN GANTRY LOWER LEVEL
0.0,0,Staten Island,MLK N WALKER STREET - NJ ROUTE 169
42.87,128,Staten Island,SIE E CLOVE ROAD - FINGERBOARD ROAD
35.41,86,Queens,BE S TBB EXIT RAMP - MANHATTAN LIFT SPAN
46.6,45,Brooklyn,GOW S VNB W 92ND STREET - BKLYN GANTRY UPPER LEVEL
39.76,172,Manhattan,FDR S 63rd - 25th St
4.97,1289,Manhattan,FDR N 25th - 63rd St
12.42,646,Bronx,I-87 NYST S Exit 1 - MDE S Van Cortlandt Park
62.75,82,Staten Island,WSE S ARDEN AVENUE - BLOOMINGDALE ROAD
48.46,188,Queens,Laurelton Pkwy S @ SSP - Belt Pkwy W 182nd St
49.7,93,Brooklyn,VNB E SI GANTRY LOWER LEVEL - BROOLKYN GANTRY LOWER LEVEL
37.9,305,Queens,CIP N TNB - Whitestone Expwy S Exit 14 (Linden Pl)
10.56,395,Bronx,CBE W MORRIS AVE - GWB W AMSTERDAM AVE (L/LVL)
53.43,144,Staten Island,WSE S TYRELLAN AVENUE - 440 S FRANCIS STREET
33.55,147,Queens,LIE E 84TH ST - 108TH ST
4.34,545,Bronx,HRP S Lafayette Ave - BWB S Toll Plaza
37.28,120,Bronx,BE S CASTLE HILL AVENUE - STRATFORD AVENUE
0.0,0,Bronx,BRP S FORDHAM ROAD - WATSON AVENUE
45.98,50,Staten Island,SIE E VNB E FINGERBOARD ROAD - SI GANTRY LOWER LEVEL
14.91,796,Queens,Belt Pkwy W JFK Expressway - VWE N Jamaica Ave
29.82,308,Queens,Belt Pkwy E 182nd St - Laurelton Pkwy N @ SSP
38.52,232,Queens,VWE N MP4.63 (Exit 6 - Jamaica Ave) - MP6.39 (Exit 11 Jewel Ave)
14.91,383,Manhattan,West St S Spring St - BBT Manhattan Portal outbound
58.4,67,Staten Island,SIE W WOOLEY AVENUE - RICHMOND AVENUE
9.32,349,Manhattan,11th ave s ganservoort - west st @ spring st
50.33,150,Queens,CIP S Hempstead Tpk - Laurelton Pkwy @ SSP
0.0,0,Bronx,BRP S FORDHAM ROAD - WATSON AVENUE
44.73,166,Bronx,BE S Griswold - Castle Hill Avenue
52.19,156,Bronx,I-87 NYST S Exit 1 - MDE S Van Cortlandt Park
49.08,328,Queens,CIP NB GCP - TNB
49.7,50,Bronx,BWB N Toll Plaza - HRP N Lafayatte Ave
49.7,57,Staten Island,WSE S SOUTH AVENUE - VICTORY BOULEVARD
49.08,152,Staten Island,WSE N TYRELLAN AVENUE - BLOOMINGDALE ROAD
27.96,416,Queens,CIP N TNB - Whitestone Expwy S Exit 14 (Linden Pl)
27.34,169,Bronx,BE N STRATFORD AVENUE - CASTLE HILL AVE
36.03,167,Staten Island,WSE N-SIE E SOUTH AVENUE - SOUTH AVENUE
41.63,111,Brooklyn,VNB E SI GANTRY UPPER LEVEL - BROOKLYN GANTRY UPPER LEVEL
8.69,708,Manhattan,12th ave @ 45th - 11 ave ganservoort st
0.0,0,Bronx,BRP S FORDHAM ROAD - WATSON AVENUE
0.0,0,Staten Island,SIE W - MLK N WOOLEY AVENUE - WLAKER STREET
57.16,47,Staten Island,SIE E SOUTH AVENUE - RICHMOND AVENUE
52.81,101,Queens,VWE N MP6.39 (Exit 11 Jewel Ave) - MP8.65 (Exit 13 Northern Blvd)
55.3,25,Staten Island,SIE W BRADLEY AVENUE - WOOLEY AVENUE
25.47,491,Brooklyn,GOW N 7TH AVENUE - 9TH STREET
30.44,315,Queens,LIE WB LITTLE NECK PKWY - NB CVE
60.89,41,Bronx,CBE W CASTLE HILL AVENUE - TAYLOR AVENUE
29.82,228,Queens,VWE S MP4.63 (Exit 6 Jamaica Ave) - MP2.66 (Exit 2 Roackaway Blvd)
51.57,149,Staten Island,440 N FRANCIS STREET - WSE N TYRELLAN AVE
54.05,178,Queens,LIE WB LITTLE NECK PKWY - NB CVE
0.0,0,Brooklyn,GOW S 9TH STREET - 7TH AVENUE
39.14,303,Queens,CIP N LIE ramp - TNB
39.14,60,Manhattan,FDR N - TBB E 116TH STREET - MANHATTAN TRUSS
0.0,0,Bronx,CBE W L/LE V AMSTERDAM AVE - I 95 S LOC LNS
22.99,124,Staten Island,WSE S SOUTH AVENUE - VICTORY BOULEVARD
52.81,105,Queens,Whitestone Expwy S Exit 14 (Linden Pl) - VWE S MP8.65 (Exit 13 Northern Blvd)
64.0,122,Staten Island,WSE N ARDEN AVENUE - VICTORY BLVD
29.2,156,Bronx,BWB S Toll Plaza - Queens Anchorage
47.22,245,Queens,CIP N TNB - Whitestone Expwy S Exit 14 (Linden Pl)
47.84,33,Staten Island,SIE E WOOLEY AVENUE - BRADLEY AVENUE
48.46,408,Manhattan,Westside Hwy S GWB - 57th St
49.08,94,Queens,BWB N Queens Anchorage - Toll Plaza
39.14,96,Queens,Belt Pkwy W 182nd St - JFK Expressway
36.66,126,Brooklyn,VNB E SI GANTRY UPPER LEVEL - BROOKLYN GANTRY UPPER LEVEL
56.54,104,Staten Island,SIE W FINGERBOARD ROAD - CLOVE ROAD
55.3,134,Bronx,BE N Castle Hill Avenue - Griswold Ave
55.3,77,Brooklyn,GOW N 92ND STREET - 7TH AVENUE
20.5,437,Queens,VWE N MP4.63 (Exit 6 - Jamaica Ave) - MP6.39 (Exit 11 Jewel Ave)
48.46,44,Brooklyn,GOW S VNB W 92ND STREET - BKLYN GANTRY LOWER LEVEL
50.33,50,Bronx,CBE E TAYLOR AVENUE - CASTLE HILL AVENUE
40.38,53,Brooklyn,VNB E-GOWANUS N BROOKLYN GANTRY LOWER LEVEL - 92ND STREET
18.01,133,Manhattan,TBB W - FDR S MANHATTAN TRUSS - E116TH STREET
59.65,99,Staten Island,SIE W FINGERBOARD ROAD - CLOVE ROAD
38.52,56,Staten Island,VNB W-SIE W SI GANTRY LOWER LEVEL - FINGERBOARD ROAD
50.95,154,Staten Island,WSE N ARDEN AVENUE - VICTORY BLVD
35.41,204,Queens,TBB N QUEENS ANCHORAGE - BE N
39.14,141,Manhattan,LINCOLN TUNNEL E SOUTH TUBE - NJ - NY
47.84,134,Queens,Whitestone Expwy N Exit 14 (Linden Pl) - BWB N Queens Anchorage
44.73,154,Queens,VWE S MP4.63 (Exit 6 Jamaica Ave) - MP2.66 (Exit 2 Roackaway Blvd)
6.21,1241,Queens,TBB N QUEENS ANCHORAGE - MANHATTAN LIFT SPAN
50.33,89,Bronx,HRP N LAFAYETTE AVENUE - E TREMONT AVENUE
0.0,0,Bronx,BRP S FORDHAM ROAD - WATSON AVENUE
13.04,935,Queens,Belt Pkwy W JFK Expressway - VWE N Jamaica Ave
6.83,892,Manhattan,BBT W Toll Plaza - Manhattan Portal
54.68,49,Queens,TNB S Qns Anchorage - CIP S @ TNB
13.67,330,Brooklyn,VNB W BROOKLYN GANTRY UPPER LEVEL - SI GANTRY UPPER LEVEL
52.81,40,Staten island,VNB W-SIE W SI GANTRY UPPER LEVEL - FINGERBOARD ROAD
0.0,0,Queens,BE S TBB EXIT RAMP - QUEENS ANCHORAGE
42.25,33,Staten Island,SIE W BRADLEY AVENUE - WOOLEY AVENUE
49.08,94,Brooklyn,VNB E SI GANTRY UPPER LEVEL - BROOKLYN GANTRY UPPER LEVEL
39.76,58,Staten Island,SIE E VNB E FINGERBOARD ROAD - SI GANTRY UPPER LEVEL
54.68,111,Staten Island,WSE N-SIE E SOUTH AVENUE - SOUTH AVENUE
0.0,0,Staten Island,MLK S - SIE E WALKER STREET - WOOLEY AVENUE
53.43,129,Queens,TNB N Queens Anchorage - Toll Plaza
63.37,82,Staten Island,WSE S ARDEN AVENUE - BLOOMINGDALE ROAD
42.25,54,Staten Island,SIE E VNB E FINGERBOARD ROAD - SI GANTRY LOWER LEVEL
47.22,98,Queens,BWB N Queens Anchorage - Toll Plaza
40.38,176,Brooklyn,BQE S 46TH STREET - LEONARD STREET
25.47,266,Manhattan,FDR S 63rd - 25th St
20.5,116,Manhattan,TBB W - FDR S MANHATTAN TRUSS - E116TH STREET
36.66,202,Bronx,BE S Griswold - Castle Hill Avenue
10.56,995,Queens,VWE S MP2.66 (Exit 2 Rockaway Blvd) - Belt Pkwy E 182nd St
51.57,107,Queens,Whitestone Expwy S Exit 14 (Linden Pl) - VWE S MP8.65 (Exit 13 Northern Blvd)
18.01,376,Queens,TNB S Toll Plaza - Queens Anchorage
29.2,233,Manhattan,FDR S 63rd - 25th St
6.83,332,Manhattan,12th Ave S 57th St - 45th St
50.95,87,Bronx,HRP N LAFAYETTE AVENUE - E TREMONT AVENUE
40.38,185,Queens,TBB S MANHATTAN LIFT SPAN - QUEENS ANCHORAGE
32.93,207,Manhattan,FDR S 63rd - 25th St
9.94,548,Manhattan,LINCOLN TUNNEL W CENTER TUBE NY - NJ
26.09,297,Queens,Laurelton Pkwy N @ SSP - CIP N Hempstead Tpk
11.8,439,Manhattan,11th ave n ganservoort - 12th ave @ 40th st
45.36,177,Queens,TBB N QUEENS ANCHORAGE - MANHATTAN LIFT SPAN
6.83,1256,Queens,VWE S MP6.39 (Exit 11 Jewel Ave) - MP4.63 (Exit 6 Jamaica Ave)
14.91,222,Manhattan,11th ave s ganservoort - west st @ spring st
13.67,237,Manhattan,11th ave s ganservoort - west st @ spring st
51.57,152,Staten Island,WSE S VICTORY BOULEVARD - ARDEN AVENUE
0.0,0,Staten Island,MLK N WALKER STREET - NJ ROUTE 169
22.36,223,Queens,LIE W 108TH ST - 84TH ST
35.41,106,Queens,Belt Pkwy W 182nd St - JFK Expressway
0.0,0,Staten Island,SIE W - MLK N WOOLEY AVENUE - WLAKER STREET
52.81,88,Brooklyn,VNB W BROOKLYN GANTRY LOWER LEVEL - SI GANTRY LOWER LEVEL
0.0,0,Brooklyn,GOW N 7TH AVENUE - 9TH STREET
42.25,110,Brooklyn,VNB E SI GANTRY UPPER LEVEL - BROOKLYN GANTRY UPPER LEVEL
57.78,114,Staten Island,SIE E BRADLEY AVENUE - CLOVE ROAD
45.36,182,Bronx,CBE E CASTLE HILL AVE - BE N WATERBURY AVE
58.4,135,Staten Island,WSE N ARDEN AVENUE - VICTORY BLVD
31.06,298,Queens,Laurelton Pkwy S @ SSP - Belt Pkwy W 182nd St
27.34,346,Queens,LIE WB LITTLE NECK PKWY - NB CVE
1.86,4010,Bronx,CBE W L/LE V AMSTERDAM AVE - I 95 S LOC LNS
0.0,0,Staten Island,ROUTE 169 S - MLK WALKER STREET
0.0,0,Staten Island,MLK N WALKER STREET - NJ ROUTE 169
24.23,107,Manhattan,BKN Bridge Manhattan Side - FDR N Catherine Slip
55.3,136,Bronx,BE N Castle Hill Avenue - Griswold Ave
50.95,147,Bronx,BE N Castle Hill Avenue - Griswold Ave
0.0,0,Bronx,BRP S FORDHAM ROAD - WATSON AVENUE
47.84,90,Bronx,CBE AMSTERDAM AVE (L/LVL) - MORRIS AVE
48.46,159,Staten Island,WSE S TYRELLAN AVENUE - 440 S FRANCIS STREET
11.18,223,Bronx,CBE W CASTLE HILL AVENUE - TAYLOR AVENUE
23.61,327,Queens,Laurelton Pkwy N @ SSP - CIP N Hempstead Tpk
0.0,0,Staten Island,SIE W - MLK N WOOLEY AVENUE - WLAKER STREET
52.81,81,Bronx,CBE E AMSTERDAM AVE(U/LVL) - MORRIS AVE
57.16,130,Bronx,BE N Castle Hill Avenue - Griswold Ave
3.72,601,Manhattan,12th Ave S 57th St - 45th St
49.08,156,Staten Island,440 N FRANCIS STREET - WSE N TYRELLAN AVE
35.41,184,Manhattan,BBT W Toll Plaza - Manhattan Portal
0.0,0,Staten Island,MLK N WALKER STREET - NJ ROUTE 169
26.09,150,Queens,LIE WB LITTLE NECK PKWY - NB CIP
52.81,140,Bronx,BE N Castle Hill Avenue - Griswold Ave
59.03,111,Staten Island,SIE E BRADLEY AVENUE - CLOVE ROAD
57.78,160,Queens,Belt Pkwy E 182nd St - Laurelton Pkwy N @ SSP
0.0,0,Staten Island,SIE W - MLK N WOOLEY AVENUE - WLAKER STREET
0.0,0,Staten Island,MLK S - SIE E WALKER STREET - WOOLEY AVENUE
52.81,50,Staten Island,SIE E SOUTH AVENUE - RICHMOND AVENUE
21.12,391,Bronx,CBE W U/LEV AMSTERDAM AVE - I95 S EXP LNS
39.14,277,Queens,VWE S MP2.66 (Exit 2 Rockaway Blvd) - Belt Pkwy E 182nd St
37.9,63,Manhattan,TBB W - FDR S MANHATTAN TRUSS - E116TH STREET
34.17,259,Queens,VWE S MP6.39 (Exit 11 Jewel Ave) - MP4.63 (Exit 6 Jamaica Ave)
23.61,100,Manhattan,FDR N - TBB E 116TH STREET - MANHATTAN TRUSS
54.05,99,Queens,VWE N MP6.39 (Exit 11 Jewel Ave) - MP8.65 (Exit 13 Northern Blvd)
37.9,168,Queens,Whitestone Expwy N Exit 14 (Linden Pl) - BWB N Queens Anchorage
0.0,0,Brooklyn,GOW S 9TH STREET - 7TH AVENUE
37.28,149,Bronx,BRP N WATSON AVENUE - FORDHAM ROAD
40.38,62,Bronx,CBE E TAYLOR AVENUE - CASTLE HILL AVENUE
44.11,56,Bronx,HRP S Lafayette Ave - BWB S Toll Plaza
44.73,68,Queens,BE S TBB EXIT RAMP - MANHATTAN LIFT SPAN
46.6,174,Queens,TBB N QUEENS ANCHORAGE - MANHATTAN LIFT SPAN
48.46,226,Queens,CIP N Hempstead Tpk - LIE
45.36,63,Staten Island,SIE W RICHMOND AVENUE - SOUTH AVENUE
48.46,44,Staten Island,VNB W-SIE W SI GANTRY LOWER LEVEL - FINGERBOARD ROAD
50.95,125,Queens,BWB S Queens Anchorage - WSE S Exit 14 (Linden Pl)
40.38,53,Brooklyn,GOW S VNB W 92ND STREET - BKLYN GANTRY UPPER LEVEL
44.11,57,Bronx,HRP S Lafayette Ave - BWB S Toll Plaza
50.95,42,Brooklyn,VNB E-GOWANUS N BROOKLYN GANTRY LOWER LEVEL - 92ND STREET
64.62,49,Staten Island,WSE N VICTORY BLVD - SOUTH AVENUE
20.5,114,Manhattan,FDR N - TBB E 116TH STREET - MANHATTAN TRUSS
14.29,370,Queens,VWE N MP6.39 (Exit 11 Jewel Ave) - MP8.65 (Exit 13 Northern Blvd)
11.18,384,Bronx,MDE S HARLEM RIVER PARK - GWB W AMSTERDAM AVENUE LOWER LEVEL
40.38,115,Bronx,BE N STRATFORD AVENUE - CASTLE HILL AVE
54.68,137,Bronx,BE S Griswold - Castle Hill Avenue
54.05,26,Staten Island,SIE W BRADLEY AVENUE - WOOLEY AVENUE
10.56,659,Manhattan,BQE N Atlantic Ave - BKN Bridge Manhattan Side
9.32,857,Bronx,CBE W L/LE V AMSTERDAM AVE - I 95 S LOC LNS
39.76,108,Bronx,CBE AMSTERDAM AVE (L/LVL) - MORRIS AVE
38.52,168,Manhattan,BBT W Toll Plaza - Manhattan Portal
49.08,86,Brooklyn,GOW S 7TH AVENUE - 92ND STREET
13.67,393,Manhattan,LINCOLN TUNNEL W CENTER TUBE NY - NJ
18.01,143,Manhattan,BKN Bridge Manhattan Side - FDR N Catherine Slip
52.81,119,Staten Island,WSE S BLLOMINGDALE ROAD - TYRELLAN AVENUE
0.0,0,Staten Island,MLK N WALKER STREET - NJ ROUTE 169
26.09,388,Manhattan,FDR S 25th St - Catherine Slip
45.36,55,Bronx,BWB N Toll Plaza - HRP N Lafayatte Ave
52.19,209,Queens,CVE NB LIE - WILLETS PT BLVD
55.92,140,Staten Island,WSE N ARDEN AVENUE - VICTORY BLVD
46.6,91,Bronx,CBE W MORRIS AVE - GWB W AMSTERDAM AVE (U/LVL)
54.68,81,Bronx,HRP N LAFAYETTE AVENUE - E TREMONT AVENUE
32.93,354,Queens,CIP N LIE ramp - TNB
49.7,102,Bronx,MDE N RFK Bridge - 142nd St
60.89,64,Staten Island,SIE E RICHMOND AVENUE - WOOLEY AVENUE
36.03,248,Queens,VWE N MP4.63 (Exit 6 - Jamaica Ave) - MP6.39 (Exit 11 Jewel Ave)
12.42,444,Manhattan,West St S Spring St - BBT Manhattan Portal outbound
55.3,148,Bronx,I-87 NYST S Exit 1 - MDE S Van Cortlandt Park
31.68,167,Manhattan,QMT E Manhattan Side - Toll Plaza
14.29,532,Queens,Laurelton Pkwy N @ SSP - CIP N Hempstead Tpk
60.89,99,Staten Island,WSE N-SIE E SOUTH AVENUE - SOUTH AVENUE
26.71,204,Manhattan,LINCOLN TUNNEL E CENTER TUBE NJ - NY
47.22,90,Brooklyn,GOW N 92ND STREET - 7TH AVENUE
41.63,51,Brooklyn,VNB E-GOWANUS N BROOKLYN GANTRY UPPER LEVEL - 92ND STREET
0.0,0,Staten Island,MLK N WALKER STREET - NJ ROUTE 169
18.01,607,Queens,CIP N Hempstead Tpk - LIE
16.77,139,Manhattan,FDR N - TBB E 116TH STREET - MANHATTAN TRUSS
34.17,580,Manhattan,Westside Hwy S GWB - 57th St
49.7,218,Queens,CVE NB LIE - WILLETS PT BLVD
44.11,97,Bronx,CBE W MORRIS AVE - GWB W AMSTERDAM AVE (U/LVL)
59.03,139,Bronx,I-87 NYST S Exit 1 - MDE S Van Cortlandt Park
39.76,63,Bronx,CBE W CASTLE HILL AVENUE - TAYLOR AVENUE
50.33,106,Queens,VWE S MP8.65 (Exit 13 Northern Blvd) - MP6.39 (Exit 11 Jewel Ave)
2.48,2023,Manhattan,West St S Spring St - BBT Manhattan Portal outbound
61.51,149,Queens,Laurelton Pkwy S @ SSP - Belt Pkwy W 182nd St
45.36,99,Bronx,HRP N LAFAYETTE AVENUE - E TREMONT AVENUE
26.71,240,Manhattan,BBT E Manhattan Portal - Toll Plaza
57.16,289,Queens,CVE NB GCP - WILLETS PT BLVD
56.54,78,Bronx,HRP N LAFAYETTE AVENUE - E TREMONT AVENUE
2.48,2802,Bronx,CBE W L/LE V AMSTERDAM AVE - I 95 S LOC LNS
0.0,0,Queens,VWE S MP6.39 (Exit 11 Jewel Ave) - MP4.63 (Exit 6 Jamaica Ave)
16.15,200,Manhattan,12th Ave N 40th - 57th St
42.87,174,Bronx,BE N Castle Hill Avenue - Griswold Ave
39.14,164,Queens,BWB S Queens Anchorage - WSE S Exit 14 (Linden Pl)
0.0,0,Bronx,BRP S FORDHAM ROAD - WATSON AVENUE
47.22,342,Queens,CIP NB GCP - TNB
57.16,66,Queens,Belt Pkwy W 182nd St - JFK Expressway
17.39,245,Bronx,CBE W MORRIS AVE - GWB W AMSTERDAM AVE (L/LVL)
60.89,108,Staten Island,SIE E BRADLEY AVENUE - CLOVE ROAD
10.56,516,Manhattan,West St S Spring St - BBT Manhattan Portal outbound
46.6,45,Brooklyn,VNB E-GOWANUS N BROOKLYN GANTRY LOWER LEVEL - 92ND STREET
18.64,641,Queens,Belt Pkwy W JFK Expressway - VWE N Jamaica Ave
49.08,135,Staten Island,SIE E BRADLEY AVENUE - CLOVE ROAD
41.01,198,Queens,TBB N QUEENS ANCHORAGE - MANHATTAN LIFT SPAN
34.79,81,Staten Island,SIE W RICHMOND AVENUE - SOUTH AVENUE
54.05,138,Staten Island,WSE N TYRELLAN AVENUE - BLOOMINGDALE ROAD
47.22,97,Brooklyn,VNB E SI GANTRY LOWER LEVEL - BROOLKYN GANTRY LOWER LEVEL
37.28,318,Queens,CIP N LIE ramp - TNB
3.72,2137,Bronx,CBE W L/LE V AMSTERDAM AVE - I 95 S LOC LNS
53.43,96,Bronx,MDE N RFK Bridge - 142nd St
55.3,109,Staten Island,WSE N-SIE E SOUTH AVENUE - SOUTH AVENUE
0.0,0,Manhattan,BQE N Atlantic Ave - BKN Bridge Manhattan Side
42.87,49,Staten island,VNB W-SIE W SI GANTRY UPPER LEVEL - FINGERBOARD ROAD
45.98,160,Manhattan,GWB E LOWER LEVEL PLAZA - CBE E LOWER LEVEL AMSTERDAM AVE
45.98,163,Queens,TBB S MANHATTAN LIFT SPAN - QUEENS ANCHORAGE
22.36,335,Queens,CIP S Hempstead Tpk - Laurelton Pkwy @ SSP
12.42,178,Manhattan,12th Ave S 57th St - 45th St
53.43,143,Staten Island,WSE S TYRELLAN AVENUE - 440 S FRANCIS STREET
44.73,123,Bronx,BRP N WATSON AVENUE - FORDHAM ROAD
51.57,49,Bronx,BWB N Toll Plaza - HRP N Lafayatte Ave
56.54,47,Staten Island,SIE E SOUTH AVENUE - RICHMOND AVENUE
12.42,401,Bronx,MDE N RFK Bridge - 142nd St
11.8,742,Queens,VWE S MP6.39 (Exit 11 Jewel Ave) - MP4.63 (Exit 6 Jamaica Ave)
44.11,36,Staten Island,SIE E WOOLEY AVENUE - BRADLEY AVENUE
50.95,84,Bronx,CBE E AMSTERDAM AVE(U/LVL) - MORRIS AVE
31.68,147,Bronx,BWB S Toll Plaza - Queens Anchorage
32.93,225,Bronx,BE N Castle Hill Avenue - Griswold Ave
55.3,90,Staten Island,WSE N BLOOMUINGDALE ROAD - ARDEN AVENUE
45.36,95,Brooklyn,GOW N 92ND STREET - 7TH AVENUE
55.3,134,Manhattan,GWB E LOWER LEVEL PLAZA - CBE E LOWER LEVEL AMSTERDAM AVE
50.95,147,Bronx,BE N Castle Hill Avenue - Griswold Ave
50.33,110,Staten Island,SIE E CLOVE ROAD - FINGERBOARD ROAD
7.45,704,Manhattan,11th ave n ganservoort - 12th ave @ 40th st
47.22,189,Queens,VWE S MP6.39 (Exit 11 Jewel Ave) - MP4.63 (Exit 6 Jamaica Ave)
34.79,61,Brooklyn,VNB E-GOWANUS N BROOKLYN GANTRY LOWER LEVEL - 92ND STREET
52.19,88,Brooklyn,VNB W BROOKLYN GANTRY UPPER LEVEL - SI GANTRY UPPER LEVEL
59.03,66,Staten Island,SIE W WOOLEY AVENUE - RICHMOND AVENUE
40.38,272,Queens,CIP S LIE - Hempstead Tpk
49.7,46,Staten Island,SIE E VNB E FINGERBOARD ROAD - SI GANTRY UPPER LEVEL
25.47,173,Bronx,MDE S HARLEM RIVER PARK - GWB W AMSTERDAM AVENUE LOWER LEVEL
21.12,298,Manhattan,12th ave @ 45th - 11 ave ganservoort st
48.46,55,Queens,TNB S Qns Anchorage - CIP S @ TNB
56.54,291,Queens,CVE NB GCP - WILLETS PT BLVD
0.0,0,Staten Island,SIE E-MLK N RICHMOND AVENUE - WALKER STREET
52.81,158,Bronx,CBE E CASTLE HILL AVE - BE N WATERBURY AVE
28.58,410,Queens,CIP N LIE ramp - TNB
52.19,208,Queens,CVE NB LIE - WILLETS PT BLVD
0.0,0,Manhattan,LINCOLN TUNNEL W CENTER TUBE NY - NJ
0.0,0,Staten Island,MLK S - SIE E WALKER STREET - WOOLEY AVENUE
10.56,312,Manhattan,11th ave s ganservoort - west st @ spring st
0.0,0,Staten Island,MLK S - SIE E WALKER STREET - WOOLEY AVENUE
41.01,113,Queens,BWB N Queens Anchorage - Toll Plaza
14.91,377,Manhattan,West St S Spring St - BBT Manhattan Portal outbound
32.31,121,Queens,LIE WB LITTLE NECK PKWY - NB CIP
42.87,189,Queens,TBB N QUEENS ANCHORAGE - MANHATTAN LIFT SPAN
21.12,252,Manhattan,11th ave n ganservoort - 12th ave @ 40th st
54.68,114,Staten Island,WSE S BLLOMINGDALE ROAD - TYRELLAN AVENUE
0.0,0,Brooklyn,GOW S 9TH STREET - 7TH AVENUE
50.95,84,Brooklyn,GOW N 92ND STREET - 7TH AVENUE
44.73,47,Brooklyn,VNB E-GOWANUS N BROOKLYN GANTRY LOWER LEVEL - 92ND STREET
43.49,206,Queens,VWE S MP6.39 (Exit 11 Jewel Ave) - MP4.63 (Exit 6 Jamaica Ave)
54.05,127,Queens,TNB N Queens Anchorage - Toll Plaza
35.41,303,Queens,VWE S MP2.66 (Exit 2 Rockaway Blvd) - Belt Pkwy E 182nd St
30.44,400,Queens,Belt Pkwy W JFK Expressway - VWE N Jamaica Ave
47.84,97,Queens,BWB N Queens Anchorage - Toll Plaza
0.0,0,Manhattan,LINCOLN TUNNEL E SOUTH TUBE - NJ - NY
35.41,60,Staten Island,VNB W-SIE W SI GANTRY LOWER LEVEL - FINGERBOARD ROAD
14.29,1338,Manhattan,Westside Hwy N 57th St - GWB
13.04,410,Manhattan,LINCOLN TUNNEL W CENTER TUBE NY - NJ
1.86,3374,Bronx,CBE W L/LE V AMSTERDAM AVE - I 95 S LOC LNS
67.72,76,Staten Island,WSE S ARDEN AVENUE - BLOOMINGDALE ROAD
0.0,0,Brooklyn,GOW N 7TH AVENUE - 9TH STREET
58.4,134,Staten Island,WSE S VICTORY BOULEVARD - ARDEN AVENUE
52.81,88,Brooklyn,VNB W BROOKLYN GANTRY LOWER LEVEL - SI GANTRY LOWER LEVEL
0.0,0,Manhattan,BQE N Atlantic Ave - MAN Bridge Manhattan Side
44.73,95,Bronx,CBE W MORRIS AVE - GWB W AMSTERDAM AVE (L/LVL)
49.7,44,Queens,CIP N ramp to TNB - TNB Queens Anchorage
0.0,0,Staten Island,ROUTE 169 S - MLK WALKER STREET
52.81,104,Queens,Whitestone Expwy S Exit 14 (Linden Pl) - VWE S MP8.65 (Exit 13 Northern Blvd)
27.96,160,Bronx,BE S CASTLE HILL AVENUE - STRATFORD AVENUE
21.74,488,Queens,VWE S MP2.66 (Exit 2 Rockaway Blvd) - Belt Pkwy E 182nd St
50.33,219,Queens,CIP N Hempstead Tpk - LIE
43.49,60,Manhattan,FDR S Catherine Slip - BKN Bridge Manhattan Side
56.54,122,Queens,TNB N Queens Anchorage - Toll Plaza
58.4,85,Queens,LIE E 84TH ST - 108TH ST
0.0,0,Staten Island,MLK N WALKER STREET - NJ ROUTE 169
51.57,124,Queens,BWB S Queens Anchorage - WSE S Exit 14 (Linden Pl)
52.19,55,Staten Island,WSE S SOUTH AVENUE - VICTORY BOULEVARD
5.59,422,Bronx,HRP S Lafayette Ave - BWB S Toll Plaza
0.0,0,Staten Island,SIE E-MLK N RICHMOND AVENUE - WALKER STREET
55.92,82,Bronx,BE N STRATFORD AVENUE - CASTLE HILL AVE
18.64,427,Queens,TBB N QUEENS ANCHORAGE - MANHATTAN LIFT SPAN
45.98,429,Manhattan,Westside Hwy N 57th St - GWB
0.0,0,Brooklyn,GOW N 7TH AVENUE - 9TH STREET
9.32,336,Manhattan,12th Ave N 40th - 57th St
45.36,47,Brooklyn,VNB E-GOWANUS N BROOKLYN GANTRY LOWER LEVEL - 92ND STREET
42.87,58,Bronx,BWB N Toll Plaza - HRP N Lafayatte Ave
0.0,0,Manhattan,LINCOLN TUNNEL E CENTER TUBE NJ - NY
14.91,661,Manhattan,FDR N Catherine Slip - 25th St
54.68,81,Bronx,BE S CASTLE HILL AVENUE - STRATFORD AVENUE
9.94,219,Manhattan,12th Ave S 57th St - 45th St
50.33,85,Bronx,CBE AMSTERDAM AVE (L/LVL) - MORRIS AVE
40.38,110,Bronx,BE S CASTLE HILL AVENUE - STRATFORD AVENUE
56.54,139,Staten Island,WSE N ARDEN AVENUE - VICTORY BLVD
29.82,185,Manhattan,LINCOLN TUNNEL E SOUTH TUBE - NJ - NY
41.63,219,Queens,Laurelton Pkwy S @ SSP - Belt Pkwy W 182nd St
9.32,958,Queens,VWE S MP6.39 (Exit 11 Jewel Ave) - MP4.63 (Exit 6 Jamaica Ave)
16.15,158,Manhattan,BKN Bridge Manhattan Side - FDR N Catherine Slip
0.0,0,Queens,BE S TBB EXIT RAMP - MANHATTAN LIFT SPAN
49.08,51,Bronx,BWB N Toll Plaza - HRP N Lafayatte Ave
35.41,465,Queens,CVE NB GCP - WILLETS PT BLVD
51.57,229,Queens,CIP N LIE ramp - TNB
52.81,105,Staten Island,SIE E CLOVE ROAD - FINGERBOARD ROAD
37.9,216,Bronx,I-87 NYST S Exit 1 - MDE S Van Cortlandt Park
0.0,0,Manhattan,BQE N Atlantic Ave - MAN Bridge Manhattan Side
49.08,109,Queens,VWE N MP8.64 (Exit 13 Northern Blvd) - Whitestone Expwy Exit 14 (Linden Pl)
47.84,45,Brooklyn,GOW S VNB W 92ND STREET - BKLYN GANTRY UPPER LEVEL
0.0,0,Queens,BE S TBB EXIT RAMP - QUEENS ANCHORAGE
50.33,92,Brooklyn,VNB E SI GANTRY UPPER LEVEL - BROOKLYN GANTRY UPPER LEVEL
18.64,125,Manhattan,FDR N - TBB E 116TH STREET - MANHATTAN TRUSS
14.91,168,Bronx,HRP S Lafayette Ave - BWB S Toll Plaza
0.0,0,Brooklyn,GOW N 9TH STREET - ATLANTIC AVENUE
45.98,238,Queens,CIP N Hempstead Tpk - LIE
14.29,179,Manhattan,BKN Bridge Manhattan Side - FDR N Catherine Slip
57.78,55,Staten Island,WSE N VICTORY BLVD - SOUTH AVENUE
41.63,51,Brooklyn,GOW S VNB W 92ND STREET - BKLYN GANTRY UPPER LEVEL
55.92,125,Staten Island,SIE W - WSE S SOUTH AVENUE - SOUTH AVENUE
44.11,446,Manhattan,Westside Hwy N 57th St - GWB
26.09,261,Queens,VWE S MP4.63 (Exit 6 Jamaica Ave) - MP2.66 (Exit 2 Roackaway Blvd)
53.43,86,Brooklyn,VNB E SI GANTRY LOWER LEVEL - BROOLKYN GANTRY LOWER LEVEL
21.12,185,Staten Island,SIE E RICHMOND AVENUE - WOOLEY AVENUE
0.0,0,Manhattan,GWB E LOWER LEVEL PLAZA - CBE E LOWER LEVEL AMSTERDAM AVE
0.0,0,Staten Island,WSE S TYRELLAN AVENUE - 440 S FRANCIS STREET
52.81,84,Bronx,BE S CASTLE HILL AVENUE - STRATFORD AVENUE
27.96,433,Queens,Belt Pkwy W JFK Expressway - VWE N Jamaica Ave
49.08,153,Staten Island,WSE N TYRELLAN AVENUE - BLOOMINGDALE ROAD
50.95,91,Brooklyn,VNB W BROOKLYN GANTRY LOWER LEVEL - SI GANTRY LOWER LEVEL
43.49,265,Queens,CIP N TNB - Whitestone Expwy S Exit 14 (Linden Pl)
32.93,152,Manhattan,LINCOLN TUNNEL W NORTH TUBE NY - NJ
47.22,204,Queens,LIE WB LITTLE NECK PKWY - NB CVE
0.0,0,Queens,CIP S Hempstead Tpk - Laurelton Pkwy @ SSP
11.18,563,Queens,Whitestone Expwy N Exit 14 (Linden Pl) - BWB N Queens Anchorage
0.0,0,Staten Island,SIE E-MLK N RICHMOND AVENUE - WALKER STREET
64.62,107,Staten Island,SIE W - WSE S SOUTH AVENUE - SOUTH AVENUE
32.93,249,Bronx,CBE W U/LEV AMSTERDAM AVE - I95 S EXP LNS
32.93,152,Manhattan,LINCOLN TUNNEL W NORTH TUBE NY - NJ
23.61,299,Queens,MDE S TBB EXIT RAMP - QUEENS ANCHORAGE
0.0,0,Manhattan,LINCOLN TUNNEL E CENTER TUBE NJ - NY
47.22,99,Bronx,BE N STRATFORD AVENUE - CASTLE HILL AVE
36.03,246,Queens,VWE N MP4.63 (Exit 6 - Jamaica Ave) - MP6.39 (Exit 11 Jewel Ave)
0.0,0,Manhattan,LINCOLN TUNNEL W CENTER TUBE NY - NJ
49.7,93,Brooklyn,VNB E SI GANTRY LOWER LEVEL - BROOLKYN GANTRY LOWER LEVEL
8.69,260,Manhattan,12th Ave S 57th St - 45th St
35.41,64,Staten Island,SIE E VNB E FINGERBOARD ROAD - SI GANTRY LOWER LEVEL
0.0,0,Bronx,BWB N Toll Plaza - HRP N Lafayatte Ave
49.08,94,Brooklyn,VNB E SI GANTRY LOWER LEVEL - BROOLKYN GANTRY LOWER LEVEL
45.36,94,Brooklyn,GOW S 7TH AVENUE - 92ND STREET
0.0,0,Staten Island,ROUTE 169 S - MLK WALKER STREET
26.71,167,Bronx,MDE S HARLEM RIVER PARK - GWB W AMSTERDAM AVENUE LOWER LEVEL
37.9,60,Staten Island,SIE E VNB E FINGERBOARD ROAD - SI GANTRY UPPER LEVEL
49.08,123,Staten Island,WSE N-SIE E SOUTH AVENUE - SOUTH AVENUE
23.61,374,Queens,VWE N MP4.63 (Exit 6 - Jamaica Ave) - MP6.39 (Exit 11 Jewel Ave)
53.43,87,Queens,BWB N Queens Anchorage - Toll Plaza
0.0,0,Staten island,VNB W-SIE W SI GANTRY UPPER LEVEL - FINGERBOARD ROAD
41.01,52,Brooklyn,GOW S VNB W 92ND STREET - BKLYN GANTRY UPPER LEVEL
59.03,48,Staten Island,SIE W RICHMOND AVENUE - SOUTH AVENUE
21.12,918,Manhattan,Westside Hwy S GWB - 57th St
43.49,191,Bronx,CBE E CASTLE HILL AVE - BE N WATERBURY AVE
54.68,121,Staten Island,SIE E BRADLEY AVENUE - CLOVE ROAD
54.05,99,Queens,VWE S MP8.65 (Exit 13 Northern Blvd) - MP6.39 (Exit 11 Jewel Ave)
57.78,55,Staten Island,WSE N VICTORY BLVD - SOUTH AVENUE
42.87,37,Staten Island,SIE E WOOLEY AVENUE - BRADLEY AVENUE
49.08,108,Queens,VWE N MP8.64 (Exit 13 Northern Blvd) - Whitestone Expwy Exit 14 (Linden Pl)
52.19,54,Staten Island,WSE S SOUTH AVENUE - VICTORY BOULEVARD
0.0,0,Queens,BE S TBB EXIT RAMP - QUEENS ANCHORAGE
59.03,281,Queens,CVE NB GCP - WILLETS PT BLVD
65.86,48,Staten Island,WSE N VICTORY BLVD - SOUTH AVENUE
51.57,103,Queens,VWE S MP8.65 (Exit 13 Northern Blvd) - MP6.39 (Exit 11 Jewel Ave)
0.0,0,Staten Island,MLK N WALKER STREET - NJ ROUTE 169
39.76,139,Manhattan,LINCOLN TUNNEL E CENTER TUBE NJ - NY
32.31,312,Manhattan,FDR N Catherine Slip - 25th St
0.0,0,Staten Island,MLK N WALKER STREET - NJ ROUTE 169
39.76,99,Staten Island,SIE W WOOLEY AVENUE - RICHMOND AVENUE
54.05,108,Staten Island,SIE W FINGERBOARD ROAD - CLOVE ROAD
48.46,339,Queens,CVE NB GCP - WILLETS PT BLVD
44.11,48,Staten island,VNB W-SIE W SI GANTRY UPPER LEVEL - FINGERBOARD ROAD
46.6,61,Staten Island,SIE W RICHMOND AVENUE - SOUTH AVENUE
36.66,58,Staten Island,VNB W-SIE W SI GANTRY LOWER LEVEL - FINGERBOARD ROAD
35.41,121,Bronx,CBE AMSTERDAM AVE (L/LVL) - MORRIS AVE
51.57,27,Staten Island,SIE W BRADLEY AVENUE - WOOLEY AVENUE
39.14,54,Staten Island,VNB W-SIE W SI GANTRY LOWER LEVEL - FINGERBOARD ROAD
11.18,496,Manhattan,LINCOLN TUNNEL W CENTER TUBE NY - NJ
9.32,336,Manhattan,11th ave s ganservoort - west st @ spring st
62.75,83,Staten Island,WSE S ARDEN AVENUE - BLOOMINGDALE ROAD
0.0,0,Manhattan,BQE N Atlantic Ave - MAN Bridge Manhattan Side
50.95,87,Bronx,HRP N LAFAYETTE AVENUE - E TREMONT AVENUE
49.7,137,Queens,TNB N Queens Anchorage - Toll Plaza
47.84,115,Staten Island,SIE E CLOVE ROAD - FINGERBOARD ROAD
40.38,194,Queens,Laurelton Pkwy N @ SSP - CIP N Hempstead Tpk
22.36,126,Staten Island,WSE S SOUTH AVENUE - VICTORY BOULEVARD
49.08,169,Bronx,CBE E CASTLE HILL AVE - BE N WATERBURY AVE
12.42,801,Manhattan,FDR N Catherine Slip - 25th St
39.14,207,Queens,TBB N QUEENS ANCHORAGE - MANHATTAN LIFT SPAN
20.5,588,Queens,Belt Pkwy W JFK Expressway - VWE N Jamaica Ave
21.74,246,Manhattan,QMT E Manhattan Side - Toll Plaza
52.19,379,Manhattan,Westside Hwy N 57th St - GWB
38.52,193,Queens,TBB S MANHATTAN LIFT SPAN - QUEENS ANCHORAGE
0.0,0,Brooklyn,GOW S 9TH STREET - 7TH AVENUE
58.4,128,Bronx,BE N Castle Hill Avenue - Griswold Ave
19.88,256,Bronx,MDE N RFK Bridge - 142nd St
22.99,694,Queens,CIP NB GCP - TNB
51.57,89,Brooklyn,VNB W BROOKLYN GANTRY LOWER LEVEL - SI GANTRY LOWER LEVEL
37.28,67,Bronx,CBE E TAYLOR AVENUE - CASTLE HILL AVENUE
1.86,1073,Manhattan,12th Ave S 57th St - 45th St
0.0,0,Brooklyn,GOW N 9TH STREET - ATLANTIC AVENUE
52.19,308,Queens,CIP NB GCP - TNB
14.91,291,Bronx,MDE S HARLEM RIVER PARK - GWB W AMSTERDAM AVENUE UPPER LEVEL
17.39,669,Queens,CIP N LIE ramp - TNB
36.03,65,Manhattan,FDR N - TBB E 116TH STREET - MANHATTAN TRUSS
49.7,93,Brooklyn,VNB E SI GANTRY LOWER LEVEL - BROOLKYN GANTRY LOWER LEVEL
34.17,70,Manhattan,TBB W - FDR S MANHATTAN TRUSS - E116TH STREET
11.8,360,Bronx,CBE AMSTERDAM AVE (L/LVL) - MORRIS AVE
41.01,130,Queens,VWE S MP8.65 (Exit 13 Northern Blvd) - MP6.39 (Exit 11 Jewel Ave)
14.29,479,Queens,VWE S MP4.63 (Exit 6 Jamaica Ave) - MP2.66 (Exit 2 Roackaway Blvd)
17.39,477,Bronx,CBE W U/LEV AMSTERDAM AVE - I95 S EXP LNS
54.68,52,Staten Island,SIE W RICHMOND AVENUE - SOUTH AVENUE
43.49,179,Queens,Laurelton Pkwy N @ SSP - CIP N Hempstead Tpk
51.57,89,Brooklyn,VNB W BROOKLYN GANTRY LOWER LEVEL - SI GANTRY LOWER LEVEL
41.63,129,Queens,VWE N MP6.39 (Exit 11 Jewel Ave) - MP8.65 (Exit 13 Northern Blvd)
20.5,318,Manhattan,BBT E Manhattan Portal - Toll Plaza
50.33,28,Staten Island,SIE W BRADLEY AVENUE - WOOLEY AVENUE
44.11,105,Brooklyn,VNB E SI GANTRY UPPER LEVEL - BROOKLYN GANTRY UPPER LEVEL
45.98,432,Manhattan,Westside Hwy S GWB - 57th St
62.75,82,Staten Island,WSE S ARDEN AVENUE - BLOOMINGDALE ROAD
52.19,27,Staten Island,SIE W BRADLEY AVENUE - WOOLEY AVENUE
34.17,67,Staten Island,SIE E VNB E FINGERBOARD ROAD - SI GANTRY LOWER LEVEL
47.84,97,Queens,BWB N Queens Anchorage - Toll Plaza
30.44,167,Bronx,MDE N RFK Bridge - 142nd St
58.4,46,Staten Island,SIE E SOUTH AVENUE - RICHMOND AVENUE
6.83,630,Bronx,MDE S HARLEM RIVER PARK - GWB W AMSTERDAM AVENUE LOWER LEVEL
13.04,415,Manhattan,LINCOLN TUNNEL E SOUTH TUBE - NJ - NY
51.57,107,Queens,Whitestone Expwy S Exit 14 (Linden Pl) - VWE S MP8.65 (Exit 13 Northern Blvd)
4.97,986,Bronx,MDE N RFK Bridge - 142nd St
31.06,83,Manhattan,BKN Bridge Manhattan Side - FDR N Catherine Slip
62.13,52,Staten Island,WSE N VICTORY BLVD - SOUTH AVENUE
21.74,362,Queens,Laurelton Pkwy N @ SSP - CIP N Hempstead Tpk
47.22,244,Queens,CIP N TNB - Whitestone Expwy S Exit 14 (Linden Pl)
0.0,0,Brooklyn,GOW N 9TH STREET - ATLANTIC AVENUE
37.28,62,Staten Island,SIE E VNB E FINGERBOARD ROAD - SI GANTRY LOWER LEVEL
57.16,105,Staten Island,WSE N-SIE E SOUTH AVENUE - SOUTH AVENUE
0.0,0,Staten Island,SIE E-MLK N RICHMOND AVENUE - WALKER STREET
57.78,144,Bronx,CBE E CASTLE HILL AVE - BE N WATERBURY AVE
19.26,155,Queens,BE S TBB EXIT RAMP - MANHATTAN LIFT SPAN
31.68,320,Manhattan,FDR N Catherine Slip - 25th St
39.14,141,Queens,Whitestone Expwy S Exit 14 (Linden Pl) - VWE S MP8.65 (Exit 13 Northern Blvd)
39.14,200,Staten Island,WSE S VICTORY BOULEVARD - ARDEN AVENUE
53.43,110,Staten Island,SIE W FINGERBOARD ROAD - CLOVE ROAD
40.38,160,Queens,BWB S Queens Anchorage - WSE S Exit 14 (Linden Pl)
8.69,269,Manhattan,TBB W - FDR S MANHATTAN TRUSS - E116TH STREET
9.94,610,Manhattan,12th ave @ 45th - 11 ave ganservoort st
47.22,417,Manhattan,Westside Hwy N 57th St - GWB
32.93,268,Queens,VWE N MP4.63 (Exit 6 - Jamaica Ave) - MP6.39 (Exit 11 Jewel Ave)
34.79,329,Queens,CIP N TNB - Whitestone Expwy S Exit 14 (Linden Pl)
45.36,87,Queens,LIE WB LITTLE NECK PKWY - NB CIP
0.0,0,Queens,BE S TBB EXIT RAMP - QUEENS ANCHORAGE
48.46,132,Queens,BWB S Queens Anchorage - WSE S Exit 14 (Linden Pl)
42.25,59,Bronx,BWB N Toll Plaza - HRP N Lafayatte Ave
52.81,81,Brooklyn,GOW N 92ND STREET - 7TH AVENUE
41.63,196,Queens,TBB N QUEENS ANCHORAGE - MANHATTAN LIFT SPAN
0.0,0,Bronx,BRP S FORDHAM ROAD - WATSON AVENUE
55.92,111,Staten Island,WSE S BLLOMINGDALE ROAD - TYRELLAN AVENUE
7.45,1396,Queens,CIP N Hempstead Tpk - LIE
0.0,0,Staten Island,ROUTE 169 S - MLK WALKER STREET
49.7,144,Queens,MDE S TBB EXIT RAMP - QUEENS ANCHORAGE
42.87,50,Brooklyn,GOW S VNB W 92ND STREET - BKLYN GANTRY LOWER LEVEL
55.3,147,Bronx,I-87 NYST S Exit 1 - MDE S Van Cortlandt Park
65.86,78,Staten Island,WSE S ARDEN AVENUE - BLOOMINGDALE ROAD
0.0,0,Manhattan,BQE N Atlantic Ave - BKN Bridge Manhattan Side
44.73,168,Bronx,BE N Castle Hill Avenue - Griswold Ave
0.0,0,Bronx,BRP S FORDHAM ROAD - WATSON AVENUE
47.84,53,Bronx,CBE E TAYLOR AVENUE - CASTLE HILL AVENUE
39.14,128,Queens,LIE E 84TH ST - 108TH ST
42.87,56,Manhattan,TBB W - FDR S MANHATTAN TRUSS - E116TH STREET
0.0,0,Bronx,CBE W L/LE V AMSTERDAM AVE - I 95 S LOC LNS
45.98,193,Queens,VWE N MP4.63 (Exit 6 - Jamaica Ave) - MP6.39 (Exit 11 Jewel Ave)
53.43,109,Staten Island,SIE W FINGERBOARD ROAD - CLOVE ROAD
40.38,170,Manhattan,FDR S 63rd - 25th St
49.08,58,Staten Island,WSE S SOUTH AVENUE - VICTORY BOULEVARD
16.15,261,Bronx,CBE W MORRIS AVE - GWB W AMSTERDAM AVE (L/LVL)
47.22,45,Brooklyn,VNB E-GOWANUS N BROOKLYN GANTRY UPPER LEVEL - 92ND STREET
48.46,52,Bronx,CBE W CASTLE HILL AVENUE - TAYLOR AVENUE
49.7,158,Staten Island,WSE S VICTORY BOULEVARD - ARDEN AVENUE
39.76,205,Queens,TBB N QUEENS ANCHORAGE - MANHATTAN LIFT SPAN
0.0,0,Staten Island,MLK S - SIE W WALKER STREET - RICHMOND AVENUE
4.97,1630,Bronx,CBE W L/LE V AMSTERDAM AVE - I 95 S LOC LNS
50.33,106,Queens,VWE N MP8.64 (Exit 13 Northern Blvd) - Whitestone Expwy Exit 14 (Linden Pl)
42.87,66,Staten Island,SIE W RICHMOND AVENUE - SOUTH AVENUE
51.57,133,Queens,TNB N Queens Anchorage - Toll Plaza
49.08,222,Queens,CIP S LIE - Hempstead Tpk
10.56,213,Manhattan,12th Ave S 57th St - 45th St
42.25,468,Manhattan,Westside Hwy N 57th St - GWB
42.25,60,Bronx,BWB N Toll Plaza - HRP N Lafayatte Ave
29.82,183,Manhattan,LINCOLN TUNNEL E SOUTH TUBE - NJ - NY
19.26,355,Queens,VWE S MP4.63 (Exit 6 Jamaica Ave) - MP2.66 (Exit 2 Roackaway Blvd)
25.47,423,Queens,CVE NB LIE - WILLETS PT BLVD
9.94,882,Queens,VWE S MP6.39 (Exit 11 Jewel Ave) - MP4.63 (Exit 6 Jamaica Ave)
6.83,323,Manhattan,12th Ave S 57th St - 45th St
56.54,114,Queens,BWB S Queens Anchorage - WSE S Exit 14 (Linden Pl)
10.56,466,Queens,LIE E 84TH ST - 108TH ST
26.09,92,Manhattan,TBB W - FDR S MANHATTAN TRUSS - E116TH STREET
18.64,535,Manhattan,FDR S 25th St - Catherine Slip
0.0,0,Brooklyn,GOW N 9TH STREET - ATLANTIC AVENUE
32.93,162,Queens,QMT W Toll Plaza - Manhattan Side
37.28,117,Bronx,MDE S HARLEM RIVER PARK - GWB W AMSTERDAM AVENUE UPPER LEVEL
18.64,343,Queens,Whitestone Expwy N Exit 14 (Linden Pl) - BWB N Queens Anchorage
32.31,117,Queens,Belt Pkwy W 182nd St - JFK Expressway
45.98,61,Staten Island,SIE W RICHMOND AVENUE - SOUTH AVENUE
0.0,0,Queens,BE S TBB EXIT RAMP - QUEENS ANCHORAGE
60.27,47,Staten Island,SIE W RICHMOND AVENUE - SOUTH AVENUE
49.08,147,Queens,MDE S TBB EXIT RAMP - QUEENS ANCHORAGE
32.93,195,Manhattan,BBT W Toll Plaza - Manhattan Portal
19.26,145,Staten Island,WSE S SOUTH AVENUE - VICTORY BOULEVARD
62.13,131,Bronx,I-87 NYST S Exit 1 - MDE S Van Cortlandt Park
49.08,139,Queens,TNB S Toll Plaza - Queens Anchorage
62.13,51,Staten Island,WSE N VICTORY BLVD - SOUTH AVENUE
0.0,0,Brooklyn,GOW N 7TH AVENUE - 9TH STREET
41.01,56,Staten Island,SIE E VNB E FINGERBOARD ROAD - SI GANTRY LOWER LEVEL
13.67,514,Brooklyn,BQE S 46TH STREET - LEONARD STREET
0.0,0,Brooklyn,GOW N 7TH AVENUE - 9TH STREET
45.36,55,Bronx,HRP S Lafayette Ave - BWB S Toll Plaza
2.48,1516,Bronx,CBE E AMSTERDAM AVE(U/LVL) - MORRIS AVE
39.14,244,Queens,LIE WB LITTLE NECK PKWY - NB CVE
27.34,270,Bronx,BE S Griswold - Castle Hill Avenue
61.51,72,Bronx,HRP N LAFAYETTE AVENUE - E TREMONT AVENUE
0.0,0,Brooklyn,GOW N 9TH STREET - ATLANTIC AVENUE
52.19,82,Brooklyn,GOW N 92ND STREET - 7TH AVENUE
45.98,62,Staten Island,WSE S SOUTH AVENUE - VICTORY BOULEVARD
52.81,105,Staten Island,SIE E CLOVE ROAD - FINGERBOARD ROAD
34.17,160,Bronx,BRP N WATSON AVENUE - FORDHAM ROAD
44.11,450,Manhattan,Westside Hwy N 57th St - GWB
47.84,48,Staten Island,SIE E VNB E FINGERBOARD ROAD - SI GANTRY UPPER LEVEL
0.0,0,Manhattan,LINCOLN TUNNEL E CENTER TUBE NJ - NY
28.58,193,Manhattan,LINCOLN TUNNEL E CENTER TUBE NJ - NY
45.36,150,Manhattan,FDR S 63rd - 25th St
52.81,174,Queens,Laurelton Pkwy S @ SSP - Belt Pkwy W 182nd St
50.95,49,Bronx,BWB N Toll Plaza - HRP N Lafayatte Ave
15.53,449,Brooklyn,BQE N LEONARD STREET - 46TH STREET
31.06,228,Brooklyn,BQE S 46TH STREET - LEONARD STREET
0.0,0,Staten Island,SIE W - MLK N WOOLEY AVENUE - WLAKER STREET
21.12,415,Queens,VWE N MP4.63 (Exit 6 - Jamaica Ave) - MP6.39 (Exit 11 Jewel Ave)
41.01,59,Manhattan,TBB W - FDR S MANHATTAN TRUSS - E116TH STREET
59.03,54,Staten Island,WSE N VICTORY BLVD - SOUTH AVENUE
54.68,98,Queens,VWE S MP8.65 (Exit 13 Northern Blvd) - MP6.39 (Exit 11 Jewel Ave)
54.05,145,Staten Island,WSE N ARDEN AVENUE - VICTORY BLVD
34.17,160,Manhattan,LINCOLN TUNNEL W CENTER TUBE NY - NJ
11.8,693,Bronx,CBE W U/LEV AMSTERDAM AVE - I95 S EXP LNS
42.25,59,Bronx,HRP S Lafayette Ave - BWB S Toll Plaza
0.0,0,Manhattan,BQE N Atlantic Ave - MAN Bridge Manhattan Side
41.01,185,Queens,CIP S Hempstead Tpk - Laurelton Pkwy @ SSP
53.43,120,Queens,BWB S Queens Anchorage - WSE S Exit 14 (Linden Pl)
0.0,0,Staten Island,MLK N WALKER STREET - NJ ROUTE 169
37.28,271,Manhattan,FDR N Catherine Slip - 25th St
0.0,0,Manhattan,BQE N Atlantic Ave - BKN Bridge Manhattan Side
0.0,0,Staten Island,MLK S - SIE W WALKER STREET - RICHMOND AVENUE
41.01,201,Bronx,CBE W U/LEV AMSTERDAM AVE - I95 S EXP LNS
26.09,319,Bronx,CBE W U/LEV AMSTERDAM AVE - I95 S EXP LNS
64.62,169,Queens,CIP N Hempstead Tpk - LIE
49.7,138,Queens,TNB N Queens Anchorage - Toll Plaza
39.76,54,Brooklyn,VNB E-GOWANUS N BROOKLYN GANTRY UPPER LEVEL - 92ND STREET
49.08,43,Brooklyn,VNB E-GOWANUS N BROOKLYN GANTRY UPPER LEVEL - 92ND STREET
34.79,564,Manhattan,Westside Hwy N 57th St - GWB
60.27,131,Staten Island,WSE N ARDEN AVENUE - VICTORY BLVD
44.73,176,Staten Island,WSE N ARDEN AVENUE - VICTORY BLVD
53.43,180,Queens,LIE WB LITTLE NECK PKWY - NB CVE
12.42,859,Queens,VWE S MP2.66 (Exit 2 Rockaway Blvd) - Belt Pkwy E 182nd St
43.49,370,Queens,CIP NB GCP - TNB
50.33,106,Queens,VWE N MP8.64 (Exit 13 Northern Blvd) - Whitestone Expwy Exit 14 (Linden Pl)
47.84,59,Staten Island,SIE W RICHMOND AVENUE - SOUTH AVENUE
14.29,1389,Manhattan,Westside Hwy N 57th St - GWB
40.38,170,Queens,TNB S Toll Plaza - Queens Anchorage
49.08,140,Manhattan,FDR S 63rd - 25th St
18.01,647,Queens,CIP N LIE ramp - TNB
59.65,65,Staten Island,SIE E RICHMOND AVENUE - WOOLEY AVENUE
2.48,1646,Bronx,CBE E AMSTERDAM AVE(U/LVL) - MORRIS AVE
42.25,67,Staten Island,SIE W RICHMOND AVENUE - SOUTH AVENUE
49.7,50,Bronx,BWB N Toll Plaza - HRP N Lafayatte Ave
3.72,1115,Bronx,CBE W MORRIS AVE - GWB W AMSTERDAM AVE (U/LVL)
58.4,85,Staten Island,WSE N BLOOMUINGDALE ROAD - ARDEN AVENUE
50.33,50,Bronx,CBE E TAYLOR AVENUE - CASTLE HILL AVENUE
47.22,90,Brooklyn,GOW S 7TH AVENUE - 92ND STREET
55.3,135,Bronx,BE N Castle Hill Avenue - Griswold Ave
62.13,111,Staten Island,SIE W - WSE S SOUTH AVENUE - SOUTH AVENUE
50.33,136,Queens,VWE S MP4.63 (Exit 6 Jamaica Ave) - MP2.66 (Exit 2 Roackaway Blvd)
10.56,304,Manhattan,12th Ave N 40th - 57th St
60.27,83,Queens,LIE E 84TH ST - 108TH ST
50.33,148,Bronx,BE N Castle Hill Avenue - Griswold Ave
31.68,203,Manhattan,BBT E Manhattan Portal - Toll Plaza
43.49,174,Queens,CIP S Hempstead Tpk - Laurelton Pkwy @ SSP
16.15,269,Bronx,MDE S HARLEM RIVER PARK - GWB W AMSTERDAM AVENUE LOWER LEVEL
0.0,0,Brooklyn,VNB E-GOWANUS N BROOKLYN GANTRY LOWER LEVEL - 92ND STREET
0.0,0,Manhattan,BBT E Manhattan Portal - Toll Plaza
42.87,70,Queens,BE S TBB EXIT RAMP - MANHATTAN LIFT SPAN
25.47,168,Bronx,CBE AMSTERDAM AVE (L/LVL) - MORRIS AVE
0.0,0,Brooklyn,GOW N 9TH STREET - ATLANTIC AVENUE
19.88,165,Manhattan,11th ave s ganservoort - west st @ spring st
62.75,111,Staten Island,SIE W - WSE S SOUTH AVENUE - SOUTH AVENUE
57.78,77,Bronx,BE S CASTLE HILL AVENUE - STRATFORD AVENUE
0.0,0,Manhattan,BQE N Atlantic Ave - MAN Bridge Manhattan Side
0.0,0,Staten Island,ROUTE 169 S - MLK WALKER STREET
38.52,184,Brooklyn,BQE N LEONARD STREET - 46TH STREET
0.0,0,Staten Island,440 N FRANCIS STREET - WSE N TYRELLAN AVE
41.01,52,Brooklyn,GOW S VNB W 92ND STREET - BKLYN GANTRY UPPER LEVEL
59.03,138,Bronx,I-87 NYST S Exit 1 - MDE S Van Cortlandt Park
59.03,127,Bronx,BE N Castle Hill Avenue - Griswold Ave
55.3,198,Queens,CIP S LIE - Hempstead Tpk
11.18,201,Manhattan,12th Ave S 57th St - 45th St
54.68,85,Brooklyn,VNB E SI GANTRY UPPER LEVEL - BROOKLYN GANTRY UPPER LEVEL
19.88,346,Manhattan,FDR S 63rd - 25th St
58.4,281,Queens,CVE NB GCP - WILLETS PT BLVD
56.54,293,Queens,CVE NB GCP - WILLETS PT BLVD
29.2,145,Brooklyn,GOW N 92ND STREET - 7TH AVENUE
50.95,90,Bronx,BE N STRATFORD AVENUE - CASTLE HILL AVE
0.0,0,Staten Island,ROUTE 169 S - MLK WALKER STREET
51.57,132,Queens,TNB N Queens Anchorage - Toll Plaza
55.3,91,Staten Island,WSE N BLOOMUINGDALE ROAD - ARDEN AVENUE
11.18,630,Queens,TBB N QUEENS ANCHORAGE - BE N
19.26,125,Manhattan,TBB W - FDR S MANHATTAN TRUSS - E116TH STREET
26.09,263,Manhattan,FDR N 25th - 63rd St
18.01,382,Queens,VWE S MP4.63 (Exit 6 Jamaica Ave) - MP2.66 (Exit 2 Roackaway Blvd)
43.49,179,Staten Island,WSE N ARDEN AVENUE - VICTORY BLVD
32.93,162,Queens,VWE S MP8.65 (Exit 13 Northern Blvd) - MP6.39 (Exit 11 Jewel Ave)
9.32,479,Bronx,MDE S HARLEM RIVER PARK - GWB W AMSTERDAM AVENUE LOWER LEVEL
31.06,51,Staten Island,SIE E WOOLEY AVENUE - BRADLEY AVENUE
0.0,0,Brooklyn,GOW S 9TH STREET - 7TH AVENUE
57.16,78,Bronx,HRP N LAFAYETTE AVENUE - E TREMONT AVENUE
5.59,933,Manhattan,West St S Spring St - BBT Manhattan Portal outbound
0.0,0,Brooklyn,GOW N 7TH AVENUE - 9TH STREET
42.25,88,Queens,Belt Pkwy W 182nd St - JFK Expressway
57.16,110,Staten Island,WSE S BLLOMINGDALE ROAD - TYRELLAN AVENUE
41.63,90,Queens,Belt Pkwy W 182nd St - JFK Expressway
0.0,0,Queens,CIP NB GCP - TNB
45.98,251,Queens,CIP N TNB - Whitestone Expwy S Exit 14 (Linden Pl)
62.75,63,Staten Island,SIE W WOOLEY AVENUE - RICHMOND AVENUE
49.08,45,Queens,CIP N ramp to TNB - TNB Queens Anchorage
38.52,282,Queens,VWE S MP2.66 (Exit 2 Rockaway Blvd) - Belt Pkwy E 182nd St
0.0,0,Brooklyn,GOW N 7TH AVENUE - 9TH STREET
0.0,0,Staten Island,MLK S - SIE E WALKER STREET - WOOLEY AVENUE
0.0,0,Manhattan,BQE N Atlantic Ave - BKN Bridge Manhattan Side
53.43,26,Staten Island,SIE W BRADLEY AVENUE - WOOLEY AVENUE
64.0,127,Bronx,I-87 NYST S Exit 1 - MDE S Van Cortlandt Park
41.63,102,Bronx,CBE W MORRIS AVE - GWB W AMSTERDAM AVE (U/LVL)
44.11,146,Manhattan,BBT E Manhattan Portal - Toll Plaza
31.68,79,Bronx,CBE E TAYLOR AVENUE - CASTLE HILL AVENUE
29.2,182,Queens,QMT W Toll Plaza - Manhattan Side
52.81,54,Staten Island,SIE W RICHMOND AVENUE - SOUTH AVENUE
0.0,0,Brooklyn,GOW N 7TH AVENUE - 9TH STREET
42.87,213,Queens,Laurelton Pkwy S @ SSP - Belt Pkwy W 182nd St
35.41,64,Staten Island,SIE E VNB E FINGERBOARD ROAD - SI GANTRY LOWER LEVEL
36.66,296,Queens,CIP N Hempstead Tpk - LIE
0.0,0,Manhattan,LINCOLN TUNNEL E CENTER TUBE NJ - NY
13.04,168,Manhattan,12th Ave S 57th St - 45th St
57.78,130,Bronx,BE N Castle Hill Avenue - Griswold Ave
11.8,1632,Manhattan,Westside Hwy N 57th St - GWB
0.0,0,Queens,QMT W Toll Plaza - Manhattan Side
0.0,0,Staten Island,MLK N WALKER STREET - NJ ROUTE 169
31.06,160,Queens,LIE E 84TH ST - 108TH ST
32.93,167,Manhattan,LINCOLN TUNNEL W CENTER TUBE NY - NJ
0.0,0,Manhattan,BQE N Atlantic Ave - BKN Bridge Manhattan Side
0.0,0,Staten Island,ROUTE 169 S - MLK WALKER STREET
59.03,78,Brooklyn,VNB E SI GANTRY LOWER LEVEL - BROOLKYN GANTRY LOWER LEVEL
50.95,104,Queens,VWE N MP8.64 (Exit 13 Northern Blvd) - Whitestone Expwy Exit 14 (Linden Pl)
54.05,215,Queens,CIP N TNB - Whitestone Expwy S Exit 14 (Linden Pl)
48.46,125,Staten Island,WSE N-SIE E SOUTH AVENUE - SOUTH AVENUE
41.63,58,Manhattan,TBB W - FDR S MANHATTAN TRUSS - E116TH STREET
45.36,58,Manhattan,FDR S Catherine Slip - BKN Bridge Manhattan Side
0.0,0,Staten Island,ROUTE 169 S - MLK WALKER STREET
57.78,120,Staten Island,SIE W - WSE S SOUTH AVENUE - SOUTH AVENUE
52.19,131,Queens,TNB S Toll Plaza - Queens Anchorage
28.58,250,Brooklyn,BQE N LEONARD STREET - 46TH STREET
50.33,136,Queens,VWE S MP4.63 (Exit 6 Jamaica Ave) - MP2.66 (Exit 2 Roackaway Blvd)
50.95,175,Queens,VWE N MP4.63 (Exit 6 - Jamaica Ave) - MP6.39 (Exit 11 Jewel Ave)
53.43,128,Manhattan,FDR S 63rd - 25th St
54.05,52,Staten Island,WSE S SOUTH AVENUE - VICTORY BOULEVARD
0.0,0,Queens,QMT W Toll Plaza - Manhattan Side
45.36,48,Queens,CIP N ramp to TNB - TNB Queens Anchorage
26.71,90,Manhattan,TBB W - FDR S MANHATTAN TRUSS - E116TH STREET
31.68,242,Staten Island,440 N FRANCIS STREET - WSE N TYRELLAN AVE
0.0,0,Staten Island,SIE E-MLK N RICHMOND AVENUE - WALKER STREET
42.87,49,Brooklyn,GOW S VNB W 92ND STREET - BKLYN GANTRY UPPER LEVEL
53.43,128,Queens,TNB N Queens Anchorage - Toll Plaza
44.73,100,Bronx,BE S CASTLE HILL AVENUE - STRATFORD AVENUE
39.14,59,Staten Island,SIE E VNB E FINGERBOARD ROAD - SI GANTRY LOWER LEVEL
0.0,0,Staten Island,MLK S - SIE E WALKER STREET - WOOLEY AVENUE
0.0,0,Brooklyn,BQE S - GOW S ALTANTIC AVENUE - 9TH STREET
47.84,90,Brooklyn,GOW N 92ND STREET - 7TH AVENUE
32.93,185,Staten Island,WSE N-SIE E SOUTH AVENUE - SOUTH AVENUE
56.54,94,Queens,VWE N MP6.39 (Exit 11 Jewel Ave) - MP8.65 (Exit 13 Northern Blvd)
61.51,114,Staten Island,SIE W - WSE S SOUTH AVENUE - SOUTH AVENUE
30.44,235,Queens,MDE S TBB EXIT RAMP - QUEENS ANCHORAGE
0.0,0,Brooklyn,GOW S 9TH STREET - 7TH AVENUE
0.0,0,Brooklyn,GOW N 7TH AVENUE - 9TH STREET
21.12,395,Bronx,CBE W U/LEV AMSTERDAM AVE - I95 S EXP LNS
1.24,3035,Bronx,CBE E AMSTERDAM AVE(U/LVL) - MORRIS AVE
0.0,0,Staten Island,SIE E-MLK N RICHMOND AVENUE - WALKER STREET
58.4,142,Bronx,CBE E CASTLE HILL AVE - BE N WATERBURY AVE
39.76,140,Bronx,BRP S FORDHAM ROAD - WATSON AVENUE
49.08,91,Bronx,BE S CASTLE HILL AVENUE - STRATFORD AVENUE
41.01,135,Manhattan,LINCOLN TUNNEL E SOUTH TUBE - NJ - NY
46.6,99,Brooklyn,VNB E SI GANTRY UPPER LEVEL - BROOKLYN GANTRY UPPER LEVEL
9.32,281,Queens,TNB S Qns Anchorage - CIP S @ TNB
54.05,169,Queens,Laurelton Pkwy S @ SSP - Belt Pkwy W 182nd St
19.26,219,Bronx,CBE E AMSTERDAM AVE(U/LVL) - MORRIS AVE
56.54,50,Staten Island,SIE W RICHMOND AVENUE - SOUTH AVENUE
9.94,628,Manhattan,BBT W Toll Plaza - Manhattan Portal
0.0,0,Manhattan,BQE N Atlantic Ave - MAN Bridge Manhattan Side
45.98,62,Staten Island,SIE W RICHMOND AVENUE - SOUTH AVENUE
13.67,235,Manhattan,11th ave s ganservoort - west st @ spring st
20.5,364,Queens,TBB S MANHATTAN LIFT SPAN - QUEENS ANCHORAGE
28.58,250,Queens,TBB N QUEENS ANCHORAGE - BE N
26.71,239,Manhattan,BBT E Manhattan Portal - Toll Plaza
31.68,124,Queens,LIE WB LITTLE NECK PKWY - NB CIP
23.61,188,Bronx,MDE S HARLEM RIVER PARK - GWB W AMSTERDAM AVENUE LOWER LEVEL
20.5,263,Manhattan,11th ave n ganservoort - 12th ave @ 40th st
42.25,465,Manhattan,Westside Hwy S GWB - 57th St
39.14,175,Queens,TNB S Toll Plaza - Queens Anchorage
15.53,357,Manhattan,LINCOLN TUNNEL E CENTER TUBE NJ - NY
48.46,88,Brooklyn,GOW N 92ND STREET - 7TH AVENUE
55.3,83,Brooklyn,VNB E SI GANTRY LOWER LEVEL - BROOLKYN GANTRY LOWER LEVEL
44.11,170,Bronx,BE S Griswold - Castle Hill Avenue
0.0,0,Manhattan,BQE N Atlantic Ave - MAN Bridge Manhattan Side
53.43,140,Staten Island,WSE N TYRELLAN AVENUE - BLOOMINGDALE ROAD
50.95,149,Queens,CIP S Hempstead Tpk - Laurelton Pkwy @ SSP
16.77,256,Bronx,CBE E AMSTERDAM AVE(U/LVL) - MORRIS AVE
47.84,97,Brooklyn,VNB E SI GANTRY LOWER LEVEL - BROOLKYN GANTRY LOWER LEVEL
14.91,361,Manhattan,LINCOLN TUNNEL E CENTER TUBE NJ - NY
0.0,0,Staten Island,SIE E-MLK N RICHMOND AVENUE - WALKER STREET
6.83,1251,Queens,VWE S MP6.39 (Exit 11 Jewel Ave) - MP4.63 (Exit 6 Jamaica Ave)
0.0,0,Staten Island,MLK N WALKER STREET - NJ ROUTE 169
44.11,187,Bronx,CBE W U/LEV AMSTERDAM AVE - I95 S EXP LNS
52.81,121,Queens,BWB S Queens Anchorage - WSE S Exit 14 (Linden Pl)
0.0,0,Brooklyn,GOW S 9TH STREET - 7TH AVENUE
55.3,125,Queens,TNB S Toll Plaza - Queens Anchorage
44.11,57,Bronx,BWB N Toll Plaza - HRP N Lafayatte Ave
0.0,0,Staten Island,ROUTE 169 S - MLK WALKER STREET
53.43,86,Brooklyn,VNB E SI GANTRY UPPER LEVEL - BROOKLYN GANTRY UPPER LEVEL
43.49,453,Manhattan,Westside Hwy N 57th St - GWB
0.0,0,Brooklyn,BQE S - GOW S ALTANTIC AVENUE - 9TH STREET
31.06,70,Queens,CIP N ramp to TNB - TNB Queens Anchorage
39.14,136,Queens,VWE N MP6.39 (Exit 11 Jewel Ave) - MP8.65 (Exit 13 Northern Blvd)
57.16,87,Staten Island,WSE N BLOOMUINGDALE ROAD - ARDEN AVENUE
42.25,470,Manhattan,Westside Hwy S GWB - 57th St
54.05,79,Brooklyn,GOW S 7TH AVENUE - 92ND STREET
4.34,960,Bronx,MDE S HARLEM RIVER PARK - GWB W AMSTERDAM AVENUE UPPER LEVEL
0.0,0,Queens,BE S TBB EXIT RAMP - QUEENS ANCHORAGE
52.81,313,Queens,CVE NB GCP - WILLETS PT BLVD
21.12,269,Manhattan,West St S Spring St - BBT Manhattan Portal outbound
14.29,443,Manhattan,12th ave @ 45th - 11 ave ganservoort st
42.25,180,Queens,CIP S Hempstead Tpk - Laurelton Pkwy @ SSP
54.05,118,Queens,BWB S Queens Anchorage - WSE S Exit 14 (Linden Pl)
19.88,352,Brooklyn,BQE N LEONARD STREET - 46TH STREET
31.68,169,Manhattan,QMT E Manhattan Side - Toll Plaza
26.71,379,Manhattan,FDR S 25th St - Catherine Slip
44.11,48,Staten island,VNB W-SIE W SI GANTRY UPPER LEVEL - FINGERBOARD ROAD
15.53,639,Manhattan,FDR N Catherine Slip - 25th St
47.84,157,Staten Island,WSE N TYRELLAN AVENUE - BLOOMINGDALE ROAD
11.8,739,Queens,VWE S MP6.39 (Exit 11 Jewel Ave) - MP4.63 (Exit 6 Jamaica Ave)
36.66,187,Queens,VWE S MP4.63 (Exit 6 Jamaica Ave) - MP2.66 (Exit 2 Roackaway Blvd)
47.84,52,Bronx,BWB N Toll Plaza - HRP N Lafayatte Ave
21.12,477,Manhattan,FDR S 25th St - Catherine Slip
14.91,175,Staten Island,SIE E SOUTH AVENUE - RICHMOND AVENUE
55.3,135,Bronx,BE N Castle Hill Avenue - Griswold Ave
17.39,188,Manhattan,11th ave s ganservoort - west st @ spring st
42.25,464,Manhattan,Westside Hwy N 57th St - GWB
0.0,0,Bronx,BRP S FORDHAM ROAD - WATSON AVENUE
16.15,546,Queens,VWE N MP4.63 (Exit 6 - Jamaica Ave) - MP6.39 (Exit 11 Jewel Ave)
17.39,149,Manhattan,BKN Bridge Manhattan Side - FDR N Catherine Slip
41.01,203,Bronx,CBE W U/LEV AMSTERDAM AVE - I95 S EXP LNS
16.77,418,Brooklyn,BQE S 46TH STREET - LEONARD STREET
52.19,106,Staten Island,SIE E CLOVE ROAD - FINGERBOARD ROAD
13.67,400,Manhattan,LINCOLN TUNNEL E CENTER TUBE NJ - NY
53.43,123,Queens,TNB N Queens Anchorage - Toll Plaza
30.44,381,Queens,CIP N TNB - Whitestone Expwy S Exit 14 (Linden Pl)
24.23,264,Manhattan,BBT E Manhattan Portal - Toll Plaza
45.98,34,Staten Island,SIE E WOOLEY AVENUE - BRADLEY AVENUE
40.38,270,Queens,CIP S LIE - Hempstead Tpk
32.93,141,Brooklyn,VNB E SI GANTRY UPPER LEVEL - BROOKLYN GANTRY UPPER LEVEL
0.0,0,Brooklyn,GOW N 9TH STREET - ATLANTIC AVENUE
0.0,0,Brooklyn,GOW N 9TH STREET - ATLANTIC AVENUE
58.4,45,Staten Island,SIE E SOUTH AVENUE - RICHMOND AVENUE
39.14,261,Manhattan,FDR N Catherine Slip - 25th St
34.17,319,Queens,CIP N Hempstead Tpk - LIE
7.45,851,Queens,Whitestone Expwy N Exit 14 (Linden Pl) - BWB N Queens Anchorage
46.6,99,Brooklyn,VNB W BROOKLYN GANTRY LOWER LEVEL - SI GANTRY LOWER LEVEL
43.49,174,Queens,CIP S Hempstead Tpk - Laurelton Pkwy @ SSP
14.91,597,Queens,VWE S MP6.39 (Exit 11 Jewel Ave) - MP4.63 (Exit 6 Jamaica Ave)
54.05,50,Queens,TNB S Qns Anchorage - CIP S @ TNB
42.25,467,Manhattan,Westside Hwy N 57th St - GWB
44.73,36,Staten Island,SIE E WOOLEY AVENUE - BRADLEY AVENUE
25.47,254,Manhattan,BBT E Manhattan Portal - Toll Plaza
18.01,134,Manhattan,TBB W - FDR S MANHATTAN TRUSS - E116TH STREET
55.92,165,Queens,Belt Pkwy E 182nd St - Laurelton Pkwy N @ SSP
27.34,271,Manhattan,GWB E LOWER LEVEL PLAZA - CBE E LOWER LEVEL AMSTERDAM AVE
0.0,0,Brooklyn,BQE S - GOW S ALTANTIC AVENUE - 9TH STREET
48.46,185,Queens,VWE N MP4.63 (Exit 6 - Jamaica Ave) - MP6.39 (Exit 11 Jewel Ave)
55.3,70,Staten Island,SIE E RICHMOND AVENUE - WOOLEY AVENUE
0.0,0,Bronx,BRP S FORDHAM ROAD - WATSON AVENUE
29.82,156,Bronx,BWB S Toll Plaza - Queens Anchorage
47.22,98,Brooklyn,VNB E SI GANTRY UPPER LEVEL - BROOKLYN GANTRY UPPER LEVEL
53.43,83,Bronx,BE S CASTLE HILL AVENUE - STRATFORD AVENUE
0.0,0,Staten Island,MLK N WALKER STREET - NJ ROUTE 169
59.65,83,Staten Island,WSE N BLOOMUINGDALE ROAD - ARDEN AVENUE
37.9,145,Bronx,BRP N WATSON AVENUE - FORDHAM ROAD
56.54,123,Staten Island,SIE W - WSE S SOUTH AVENUE - SOUTH AVENUE
49.7,46,Staten Island,SIE E VNB E FINGERBOARD ROAD - SI GANTRY LOWER LEVEL
21.74,244,Manhattan,QMT E Manhattan Side - Toll Plaza
41.01,52,Staten island,VNB W-SIE W SI GANTRY UPPER LEVEL - FINGERBOARD ROAD
4.34,1148,Manhattan,LINCOLN TUNNEL E CENTER TUBE NJ - NY
55.92,108,Staten Island,WSE N-SIE E SOUTH AVENUE - SOUTH AVENUE
22.36,373,Bronx,CBE E CASTLE HILL AVE - BE N WATERBURY AVE
57.16,160,Queens,Laurelton Pkwy S @ SSP - Belt Pkwy W 182nd St
52.81,51,Queens,TNB S Qns Anchorage - CIP S @ TNB
18.01,144,Manhattan,FDR S Catherine Slip - BKN Bridge Manhattan Side
49.7,50,Bronx,BWB N Toll Plaza - HRP N Lafayatte Ave
3.72,558,Manhattan,12th Ave S 57th St - 45th St
46.6,165,Staten Island,440 N FRANCIS STREET - WSE N TYRELLAN AVE
8.07,647,Manhattan,LINCOLN TUNNEL E CENTER TUBE NJ - NY
53.43,53,Staten Island,WSE S SOUTH AVENUE - VICTORY BOULEVARD
45.98,85,Queens,LIE WB LITTLE NECK PKWY - NB CIP
18.01,637,Queens,CIP N LIE ramp - TNB
45.36,102,Queens,BWB N Queens Anchorage - Toll Plaza
58.4,79,Bronx,BE N STRATFORD AVENUE - CASTLE HILL AVE
50.95,135,Manhattan,FDR S 63rd - 25th St
43.49,173,Queens,CIP S Hempstead Tpk - Laurelton Pkwy @ SSP
58.4,129,Staten Island,WSE N TYRELLAN AVENUE - BLOOMINGDALE ROAD
0.0,0,Staten Island,MLK N WALKER STREET - NJ ROUTE 169
17.39,241,Bronx,CBE AMSTERDAM AVE (L/LVL) - MORRIS AVE
50.95,31,Staten Island,SIE E WOOLEY AVENUE - BRADLEY AVENUE
51.57,90,Brooklyn,VNB E SI GANTRY LOWER LEVEL - BROOLKYN GANTRY LOWER LEVEL
42.87,49,Brooklyn,VNB E-GOWANUS N BROOKLYN GANTRY LOWER LEVEL - 92ND STREET
0.0,0,Bronx,CBE W L/LE V AMSTERDAM AVE - I 95 S LOC LNS
49.7,93,Brooklyn,VNB E SI GANTRY UPPER LEVEL - BROOKLYN GANTRY UPPER LEVEL
11.8,311,Queens,Belt Pkwy W 182nd St - JFK Expressway
47.84,52,Bronx,BWB N Toll Plaza - HRP N Lafayatte Ave
27.96,107,Queens,BE S TBB EXIT RAMP - MANHATTAN LIFT SPAN
14.91,475,Brooklyn,BQE N LEONARD STREET - 46TH STREET
52.81,142,Staten Island,WSE N TYRELLAN AVENUE - BLOOMINGDALE ROAD
16.77,155,Manhattan,FDR S Catherine Slip - BKN Bridge Manhattan Side
19.88,271,Manhattan,11th ave n ganservoort - 12th ave @ 40th st
52.81,130,Queens,TNB S Toll Plaza - Queens Anchorage
54.05,82,Bronx,BE S CASTLE HILL AVENUE - STRATFORD AVENUE
0.0,0,Manhattan,BQE N Atlantic Ave - MAN Bridge Manhattan Side
3.1,1302,Bronx,BWB S Toll Plaza - Queens Anchorage
49.7,86,Brooklyn,GOW N 92ND STREET - 7TH AVENUE
11.18,1397,Queens,CIP NB GCP - TNB
22.99,188,Bronx,MDE S HARLEM RIVER PARK - GWB W AMSTERDAM AVENUE UPPER LEVEL
32.31,219,Brooklyn,BQE N LEONARD STREET - 46TH STREET
0.0,0,Manhattan,BQE N Atlantic Ave - MAN Bridge Manhattan Side
11.8,264,Manhattan,12th Ave N 40th - 57th St
40.38,204,Bronx,CBE W U/LEV AMSTERDAM AVE - I95 S EXP LNS
42.25,192,Queens,TBB N QUEENS ANCHORAGE - MANHATTAN LIFT SPAN
11.18,1042,Queens,Belt Pkwy W JFK Expressway - VWE N Jamaica Ave
56.54,104,Staten Island,SIE W FINGERBOARD ROAD - CLOVE ROAD
40.38,54,Queens,CIP N ramp to TNB - TNB Queens Anchorage
16.77,727,Queens,Belt Pkwy W JFK Expressway - VWE N Jamaica Ave
48.46,154,Bronx,BE N Castle Hill Avenue - Griswold Ave
34.79,66,Staten Island,SIE E VNB E FINGERBOARD ROAD - SI GANTRY LOWER LEVEL
20.5,116,Manhattan,FDR N - TBB E 116TH STREET - MANHATTAN TRUSS
44.11,105,Brooklyn,VNB E SI GANTRY LOWER LEVEL - BROOLKYN GANTRY LOWER LEVEL
29.2,86,Bronx,HRP S Lafayette Ave - BWB S Toll Plaza
26.71,439,Queens,CIP N LIE ramp - TNB
28.58,136,Queens,LIE WB LITTLE NECK PKWY - NB CIP
0.0,0,Brooklyn,GOW N 9TH STREET - ATLANTIC AVENUE
0.0,0,Brooklyn,BQE S - GOW S ALTANTIC AVENUE - 9TH STREET
54.05,99,Queens,VWE S MP8.65 (Exit 13 Northern Blvd) - MP6.39 (Exit 11 Jewel Ave)
21.12,207,Bronx,MDE S HARLEM RIVER PARK - GWB W AMSTERDAM AVENUE LOWER LEVEL
57.16,121,Staten Island,SIE W - WSE S SOUTH AVENUE - SOUTH AVENUE
54.68,97,Queens,VWE N MP8.64 (Exit 13 Northern Blvd) - Whitestone Expwy Exit 14 (Linden Pl)
23.61,111,Manhattan,BKN Bridge Manhattan Side - FDR N Catherine Slip
57.16,116,Staten Island,SIE E BRADLEY AVENUE - CLOVE ROAD
34.17,470,Queens,CIP NB GCP - TNB
59.03,75,Bronx,HRP N LAFAYETTE AVENUE - E TREMONT AVENUE
5.59,725,Bronx,CBE W MORRIS AVE - GWB W AMSTERDAM AVE (L/LVL)
49.08,32,Staten Island,SIE E WOOLEY AVENUE - BRADLEY AVENUE
42.87,271,Queens,CIP N TNB - Whitestone Expwy S Exit 14 (Linden Pl)
3.72,1355,Manhattan,West St S Spring St - BBT Manhattan Portal outbound
40.38,111,Bronx,MDE S HARLEM RIVER PARK - GWB W AMSTERDAM AVENUE LOWER LEVEL
0.0,0,Brooklyn,GOW N 7TH AVENUE - 9TH STREET
50.95,105,Queens,VWE N MP6.39 (Exit 11 Jewel Ave) - MP8.65 (Exit 13 Northern Blvd)
40.38,184,Manhattan,GWB E LOWER LEVEL PLAZA - CBE E LOWER LEVEL AMSTERDAM AVE
55.3,96,Queens,VWE S MP8.65 (Exit 13 Northern Blvd) - MP6.39 (Exit 11 Jewel Ave)
36.03,152,Bronx,BRP N WATSON AVENUE - FORDHAM ROAD
55.92,119,Staten Island,SIE E BRADLEY AVENUE - CLOVE ROAD
0.0,0,Brooklyn,GOW S 9TH STREET - 7TH AVENUE
47.22,53,Bronx,BWB N Toll Plaza - HRP N Lafayatte Ave
47.84,59,Staten Island,WSE S SOUTH AVENUE - VICTORY BOULEVARD
25.47,120,Queens,BE S TBB EXIT RAMP - MANHATTAN LIFT SPAN
0.0,0,Staten Island,SIE W - MLK N WOOLEY AVENUE - WLAKER STREET
0.0,0,Bronx,CBE W L/LE V AMSTERDAM AVE - I 95 S LOC LNS
54.68,134,Manhattan,GWB E LOWER LEVEL PLAZA - CBE E LOWER LEVEL AMSTERDAM AVE
50.95,148,Queens,CIP S Hempstead Tpk - Laurelton Pkwy @ SSP
27.96,296,Bronx,CBE E CASTLE HILL AVE - BE N WATERBURY AVE
45.36,183,Bronx,CBE W U/LEV AMSTERDAM AVE - I95 S EXP LNS
42.87,189,Queens,TBB N QUEENS ANCHORAGE - MANHATTAN LIFT SPAN
57.16,78,Bronx,HRP N LAFAYETTE AVENUE - E TREMONT AVENUE
49.7,28,Staten Island,SIE W BRADLEY AVENUE - WOOLEY AVENUE
27.34,87,Manhattan,TBB W - FDR S MANHATTAN TRUSS - E116TH STREET
55.3,84,Brooklyn,VNB E SI GANTRY LOWER LEVEL - BROOLKYN GANTRY LOWER LEVEL
16.15,306,Queens,LIE E 84TH ST - 108TH ST
31.06,137,Bronx,CBE W MORRIS AVE - GWB W AMSTERDAM AVE (L/LVL)
12.42,459,Staten Island,SIE W FINGERBOARD ROAD - CLOVE ROAD
0.0,0,Brooklyn,GOW N 9TH STREET - ATLANTIC AVENUE
32.31,293,Queens,LIE WB LITTLE NECK PKWY - NB CVE
22.36,448,Manhattan,FDR N Catherine Slip - 25th St
49.7,322,Queens,CIP NB GCP - TNB
0.0,0,Brooklyn,GOW S 9TH STREET - 7TH AVENUE
0.0,0,Manhattan,LINCOLN TUNNEL W CENTER TUBE NY - NJ
45.36,203,Queens,Laurelton Pkwy S @ SSP - Belt Pkwy W 182nd St
11.8,422,Bronx,MDE N RFK Bridge - 142nd St
14.29,400,Manhattan,West St S Spring St - BBT Manhattan Portal outbound
44.11,184,Queens,TBB N QUEENS ANCHORAGE - MANHATTAN LIFT SPAN
41.01,63,Manhattan,BKN Bridge Manhattan Side - FDR N Catherine Slip
64.0,122,Staten Island,WSE S VICTORY BOULEVARD - ARDEN AVENUE
41.63,180,Bronx,BE S Griswold - Castle Hill Avenue
47.84,112,Queens,VWE N MP6.39 (Exit 11 Jewel Ave) - MP8.65 (Exit 13 Northern Blvd)
54.68,137,Staten Island,WSE N TYRELLAN AVENUE - BLOOMINGDALE ROAD
45.98,140,Queens,Whitestone Expwy N Exit 14 (Linden Pl) - BWB N Queens Anchorage
18.01,294,Manhattan,QMT E Manhattan Side - Toll Plaza
11.8,580,Queens,VWE S MP4.63 (Exit 6 Jamaica Ave) - MP2.66 (Exit 2 Roackaway Blvd)
65.86,124,Bronx,I-87 NYST S Exit 1 - MDE S Van Cortlandt Park
28.58,83,Manhattan,TBB W - FDR S MANHATTAN TRUSS - E116TH STREET
36.66,58,Brooklyn,GOW S VNB W 92ND STREET - BKLYN GANTRY LOWER LEVEL
16.15,165,Staten Island,SIE E SOUTH AVENUE - RICHMOND AVENUE
0.0,0,Manhattan,LINCOLN TUNNEL E CENTER TUBE NJ - NY
47.84,174,Bronx,CBE W U/LEV AMSTERDAM AVE - I95 S EXP LNS
55.3,48,Queens,TNB S Qns Anchorage - CIP S @ TNB
24.23,107,Manhattan,FDR S Catherine Slip - BKN Bridge Manhattan Side
59.03,138,Bronx,I-87 NYST S Exit 1 - MDE S Van Cortlandt Park
50.33,164,Bronx,CBE W U/LEV AMSTERDAM AVE - I95 S EXP LNS
55.92,295,Queens,CVE NB GCP - WILLETS PT BLVD
59.65,184,Queens,CIP S LIE - Hempstead Tpk
44.73,47,Brooklyn,GOW S VNB W 92ND STREET - BKLYN GANTRY LOWER LEVEL
0.0,0,Brooklyn,GOW N 9TH STREET - ATLANTIC AVENUE
15.53,207,Manhattan,12th Ave N 40th - 57th St
13.04,244,Manhattan,12th Ave N 40th - 57th St
0.0,0,Staten Island,MLK S - SIE W WALKER STREET - RICHMOND AVENUE
27.96,167,Brooklyn,VNB E SI GANTRY UPPER LEVEL - BROOKLYN GANTRY UPPER LEVEL
13.04,421,Queens,Whitestone Expwy S Exit 14 (Linden Pl) - VWE S MP8.65 (Exit 13 Northern Blvd)
20.5,348,Brooklyn,BQE S 46TH STREET - LEONARD STREET
3.1,671,Manhattan,12th Ave S 57th St - 45th St
57.16,138,Staten Island,WSE S VICTORY BOULEVARD - ARDEN AVENUE
50.33,84,Brooklyn,GOW N 92ND STREET - 7TH AVENUE
47.84,44,Brooklyn,GOW S VNB W 92ND STREET - BKLYN GANTRY LOWER LEVEL
46.6,109,Bronx,MDE N RFK Bridge - 142nd St
34.17,208,Brooklyn,BQE S 46TH STREET - LEONARD STREET
42.25,50,Brooklyn,VNB E-GOWANUS N BROOKLYN GANTRY UPPER LEVEL - 92ND STREET
58.4,135,Staten Island,WSE N ARDEN AVENUE - VICTORY BLVD
50.95,52,Staten Island,SIE E SOUTH AVENUE - RICHMOND AVENUE
55.92,83,Queens,BWB N Queens Anchorage - Toll Plaza
0.0,0,Manhattan,BQE N Atlantic Ave - BKN Bridge Manhattan Side
0.0,0,Staten Island,SIE E-MLK N RICHMOND AVENUE - WALKER STREET
0.0,0,Queens,BE S TBB EXIT RAMP - QUEENS ANCHORAGE
60.27,53,Staten Island,WSE N VICTORY BLVD - SOUTH AVENUE
39.14,54,Brooklyn,VNB E-GOWANUS N BROOKLYN GANTRY LOWER LEVEL - 92ND STREET
36.66,164,Staten Island,WSE N-SIE E SOUTH AVENUE - SOUTH AVENUE
21.74,109,Manhattan,TBB W - FDR S MANHATTAN TRUSS - E116TH STREET
56.54,81,Queens,BWB N Queens Anchorage - Toll Plaza
29.82,396,Queens,CIP N LIE ramp - TNB
11.8,469,Manhattan,LINCOLN TUNNEL W CENTER TUBE NY - NJ
37.28,174,Manhattan,BBT E Manhattan Portal - Toll Plaza
50.33,89,Bronx,HRP N LAFAYETTE AVENUE - E TREMONT AVENUE
44.73,56,Bronx,BWB N Toll Plaza - HRP N Lafayatte Ave
40.38,57,Staten Island,SIE E VNB E FINGERBOARD ROAD - SI GANTRY LOWER LEVEL
28.58,185,Queens,QMT W Toll Plaza - Manhattan Side
54.05,127,Queens,TNB S Toll Plaza - Queens Anchorage
49.08,43,Brooklyn,VNB E-GOWANUS N BROOKLYN GANTRY LOWER LEVEL - 92ND STREET
19.88,129,Manhattan,BKN Bridge Manhattan Side - FDR N Catherine Slip
14.29,513,Manhattan,GWB E LOWER LEVEL PLAZA - CBE E LOWER LEVEL AMSTERDAM AVE
54.68,101,Queens,Whitestone Expwy S Exit 14 (Linden Pl) - VWE S MP8.65 (Exit 13 Northern Blvd)
36.03,338,Queens,Belt Pkwy W JFK Expressway - VWE N Jamaica Ave
39.76,53,Brooklyn,GOW S VNB W 92ND STREET - BKLYN GANTRY UPPER LEVEL
52.81,121,Queens,BWB S Queens Anchorage - WSE S Exit 14 (Linden Pl)
29.82,393,Queens,CIP N LIE ramp - TNB
16.77,158,Manhattan,FDR S Catherine Slip - BKN Bridge Manhattan Side
38.52,416,Queens,CIP NB GCP - TNB
0.0,0,Bronx,BRP S FORDHAM ROAD - WATSON AVENUE
27.96,367,Manhattan,FDR N Catherine Slip - 25th St
0.0,0,Manhattan,LINCOLN TUNNEL E CENTER TUBE NJ - NY
60.27,65,Staten Island,SIE W WOOLEY AVENUE - RICHMOND AVENUE
22.36,459,Manhattan,FDR N Catherine Slip - 25th St
41.63,103,Bronx,CBE W MORRIS AVE - GWB W AMSTERDAM AVE (L/LVL)
52.81,111,Staten Island,SIE W FINGERBOARD ROAD - CLOVE ROAD
0.0,0,Brooklyn,GOW S 9TH STREET - 7TH AVENUE
54.05,86,Brooklyn,VNB E SI GANTRY LOWER LEVEL - BROOLKYN GANTRY LOWER LEVEL
41.63,51,Staten island,VNB W-SIE W SI GANTRY UPPER LEVEL - FINGERBOARD ROAD
47.84,44,Brooklyn,GOW S VNB W 92ND STREET - BKLYN GANTRY UPPER LEVEL
53.43,206,Queens,CIP N Hempstead Tpk - LIE
0.0,0,Staten Island,MLK S - SIE W WALKER STREET - RICHMOND AVENUE
31.68,322,Manhattan,FDR N Catherine Slip - 25th St
9.94,1214,Queens,Belt Pkwy W JFK Expressway - VWE N Jamaica Ave
57.16,112,Queens,BWB S Queens Anchorage - WSE S Exit 14 (Linden Pl)
39.76,164,Manhattan,BBT E Manhattan Portal - Toll Plaza
43.49,148,Queens,BWB S Queens Anchorage - WSE S Exit 14 (Linden Pl)
47.84,174,Bronx,CBE W U/LEV AMSTERDAM AVE - I95 S EXP LNS
0.0,0,Brooklyn,GOW S 9TH STREET - 7TH AVENUE
54.05,138,Staten Island,WSE N TYRELLAN AVENUE - BLOOMINGDALE ROAD
3.72,583,Manhattan,12th Ave S 57th St - 45th St
21.74,376,Bronx,CBE E CASTLE HILL AVE - BE N WATERBURY AVE
0.0,0,Queens,BE S TBB EXIT RAMP - QUEENS ANCHORAGE
39.14,209,Queens,TBB N QUEENS ANCHORAGE - MANHATTAN LIFT SPAN
54.05,213,Queens,CIP N TNB - Whitestone Expwy S Exit 14 (Linden Pl)
47.22,116,Queens,Whitestone Expwy S Exit 14 (Linden Pl) - VWE S MP8.65 (Exit 13 Northern Blvd)
0.0,0,Manhattan,BQE N Atlantic Ave - BKN Bridge Manhattan Side
31.06,173,Manhattan,QMT E Manhattan Side - Toll Plaza
48.46,226,Queens,CVE NB LIE - WILLETS PT BLVD
37.9,236,Queens,VWE N MP4.63 (Exit 6 - Jamaica Ave) - MP6.39 (Exit 11 Jewel Ave)
39.76,66,Manhattan,FDR S Catherine Slip - BKN Bridge Manhattan Side
0.0,0,Manhattan,LINCOLN TUNNEL E CENTER TUBE NJ - NY
63.37,110,Staten Island,SIE W - WSE S SOUTH AVENUE - SOUTH AVENUE
57.78,86,Staten Island,WSE N BLOOMUINGDALE ROAD - ARDEN AVENUE
17.39,146,Manhattan,BKN Bridge Manhattan Side - FDR N Catherine Slip
60.89,52,Staten Island,WSE N VICTORY BLVD - SOUTH AVENUE
57.16,138,Staten Island,WSE N ARDEN AVENUE - VICTORY BLVD
36.66,140,Bronx,MDE N RFK Bridge - 142nd St
44.73,52,Staten Island,SIE E VNB E FINGERBOARD ROAD - SI GANTRY UPPER LEVEL
41.01,188,Staten Island,440 N FRANCIS STREET - WSE N TYRELLAN AVE
50.95,31,Staten Island,SIE E WOOLEY AVENUE - BRADLEY AVENUE
48.46,44,Brooklyn,GOW S VNB W 92ND STREET - BKLYN GANTRY LOWER LEVEL
0.0,0,Manhattan,BQE N Atlantic Ave - MAN Bridge Manhattan Side
43.49,66,Staten Island,SIE W RICHMOND AVENUE - SOUTH AVENUE
47.22,56,Manhattan,FDR S Catherine Slip - BKN Bridge Manhattan Side
47.22,417,Manhattan,Westside Hwy N 57th St - GWB
18.01,218,Queens,LIE WB LITTLE NECK PKWY - NB CIP
56.54,122,Queens,TNB N Queens Anchorage - Toll Plaza
11.18,382,Bronx,CBE W MORRIS AVE - GWB W AMSTERDAM AVE (U/LVL)
49.7,86,Brooklyn,GOW N 92ND STREET - 7TH AVENUE
40.38,486,Manhattan,Westside Hwy N 57th St - GWB
20.5,772,Queens,CIP NB GCP - TNB
0.0,0,Brooklyn,GOW S 9TH STREET - 7TH AVENUE
48.46,95,Brooklyn,VNB W BROOKLYN GANTRY UPPER LEVEL - SI GANTRY UPPER LEVEL
21.12,235,Manhattan,LINCOLN TUNNEL W NORTH TUBE NY - NJ
23.61,464,Queens,CIP N Hempstead Tpk - LIE
0.0,0,Brooklyn,GOW N 9TH STREET - ATLANTIC AVENUE
8.69,1190,Queens,CIP N Hempstead Tpk - LIE
52.19,123,Queens,BWB S Queens Anchorage - WSE S Exit 14 (Linden Pl)
9.94,1189,Queens,Belt Pkwy W JFK Expressway - VWE N Jamaica Ave
50.95,216,Queens,CIP S LIE - Hempstead Tpk
0.0,0,Staten Island,SIE W - MLK N WOOLEY AVENUE - WLAKER STREET
12.42,445,Manhattan,LINCOLN TUNNEL E CENTER TUBE NJ - NY
0.0,0,Manhattan,FDR N - TBB E 116TH STREET - MANHATTAN TRUSS
39.14,60,Manhattan,FDR N - TBB E 116TH STREET - MANHATTAN TRUSS
49.08,87,Brooklyn,GOW N 92ND STREET - 7TH AVENUE
34.79,275,Queens,LIE WB LITTLE NECK PKWY - NB CVE
52.81,125,Staten Island,SIE E BRADLEY AVENUE - CLOVE ROAD
42.25,176,Bronx,BE S Griswold - Castle Hill Avenue
17.39,252,Bronx,MDE S HARLEM RIVER PARK - GWB W AMSTERDAM AVENUE UPPER LEVEL
58.4,282,Queens,CVE NB GCP - WILLETS PT BLVD
51.57,152,Staten Island,WSE S VICTORY BOULEVARD - ARDEN AVENUE
46.6,99,Bronx,BWB S Toll Plaza - Queens Anchorage
44.11,58,Manhattan,BKN Bridge Manhattan Side - FDR N Catherine Slip
55.92,70,Staten Island,SIE E RICHMOND AVENUE - WOOLEY AVENUE
19.26,221,Bronx,CBE W MORRIS AVE - GWB W AMSTERDAM AVE (U/LVL)
41.01,183,Bronx,BE S Griswold - Castle Hill Avenue
55.3,90,Staten Island,WSE N BLOOMUINGDALE ROAD - ARDEN AVENUE
9.94,1068,Queens,CIP N Hempstead Tpk - LIE
0.0,0,Manhattan,GWB E LOWER LEVEL PLAZA - CBE E LOWER LEVEL AMSTERDAM AVE
59.65,136,Bronx,I-87 NYST S Exit 1 - MDE S Van Cortlandt Park
0.0,0,Queens,BE S TBB EXIT RAMP - QUEENS ANCHORAGE
63.37,81,Staten Island,WSE S ARDEN AVENUE - BLOOMINGDALE ROAD
29.82,299,Queens,VWE S MP6.39 (Exit 11 Jewel Ave) - MP4.63 (Exit 6 Jamaica Ave)
52.19,127,Staten Island,SIE E BRADLEY AVENUE - CLOVE ROAD
22.99,310,Brooklyn,BQE N LEONARD STREET - 46TH STREET
24.23,116,Staten Island,WSE S SOUTH AVENUE - VICTORY BOULEVARD
0.0,0,Staten Island,ROUTE 169 S - MLK WALKER STREET
0.0,0,Bronx,BRP S FORDHAM ROAD - WATSON AVENUE
42.25,50,Staten Island,VNB W-SIE W SI GANTRY LOWER LEVEL - FINGERBOARD ROAD
35.41,182,Manhattan,BBT W Toll Plaza - Manhattan Portal
17.39,251,Bronx,BE S CASTLE HILL AVENUE - STRATFORD AVENUE
52.19,132,Queens,TNB N Queens Anchorage - Toll Plaza
50.95,134,Queens,TNB S Toll Plaza - Queens Anchorage
66.48,77,Staten Island,WSE S ARDEN AVENUE - BLOOMINGDALE ROAD
16.15,272,Bronx,BE S CASTLE HILL AVENUE - STRATFORD AVENUE
52.81,130,Queens,TNB N Queens Anchorage - Toll Plaza
11.8,499,Staten Island,SIE W FINGERBOARD ROAD - CLOVE ROAD
52.81,207,Queens,CVE NB LIE - WILLETS PT BLVD
9.94,615,Manhattan,12th ave @ 45th - 11 ave ganservoort st
35.41,455,Queens,CIP NB GCP - TNB
9.94,1206,Queens,Belt Pkwy W JFK Expressway - VWE N Jamaica Ave
29.82,166,Queens,LIE E 84TH ST - 108TH ST
0.0,0,Brooklyn,BQE S - GOW S ALTANTIC AVENUE - 9TH STREET
12.42,669,Bronx,CBE W U/LEV AMSTERDAM AVE - I95 S EXP LNS
45.36,259,Queens,CIP N LIE ramp - TNB
59.03,133,Staten Island,WSE N ARDEN AVENUE - VICTORY BLVD
54.05,93,Queens,LIE E 84TH ST - 108TH ST
26.09,163,Bronx,CBE E AMSTERDAM AVE(U/LVL) - MORRIS AVE
44.11,183,Queens,TBB N QUEENS ANCHORAGE - MANHATTAN LIFT SPAN
11.8,725,Queens,VWE N MP4.63 (Exit 6 - Jamaica Ave) - MP6.39 (Exit 11 Jewel Ave)
0.0,0,Staten Island,ROUTE 169 S - MLK WALKER STREET
47.84,186,Queens,VWE S MP6.39 (Exit 11 Jewel Ave) - MP4.63 (Exit 6 Jamaica Ave)
0.0,0,Staten Island,MLK S - SIE E WALKER STREET - WOOLEY AVENUE
54.05,49,Staten Island,SIE E SOUTH AVENUE - RICHMOND AVENUE
55.92,195,Queens,CVE NB LIE - WILLETS PT BLVD
48.46,29,Staten Island,SIE W BRADLEY AVENUE - WOOLEY AVENUE
0.0,0,Queens,VWE S MP8.65 (Exit 13 Northern Blvd) - MP6.39 (Exit 11 Jewel Ave)
31.06,139,Bronx,MDE S HARLEM RIVER PARK - GWB W AMSTERDAM AVENUE UPPER LEVEL
52.81,173,Queens,Belt Pkwy E 182nd St - Laurelton Pkwy N @ SSP
47.22,90,Brooklyn,GOW N 92ND STREET - 7TH AVENUE
51.57,144,Bronx,BE S Griswold - Castle Hill Avenue
44.73,67,Queens,BE S TBB EXIT RAMP - MANHATTAN LIFT SPAN
37.28,43,Staten Island,SIE E WOOLEY AVENUE - BRADLEY AVENUE
54.68,108,Staten Island,SIE W FINGERBOARD ROAD - CLOVE ROAD
35.41,156,Manhattan,LINCOLN TUNNEL W CENTER TUBE NY - NJ
4.97,1079,Manhattan,QMT E Manhattan Side - Toll Plaza
50.95,90,Brooklyn,VNB W BROOKLYN GANTRY LOWER LEVEL - SI GANTRY LOWER LEVEL
56.54,127,Brooklyn,BQE N LEONARD STREET - 46TH STREET
27.96,152,Brooklyn,GOW N 92ND STREET - 7TH AVENUE
51.57,229,Queens,CIP N LIE ramp - TNB
36.03,153,Manhattan,LINCOLN TUNNEL E CENTER TUBE NJ - NY
0.0,0,Bronx,BRP S FORDHAM ROAD - WATSON AVENUE
45.36,142,Queens,Whitestone Expwy N Exit 14 (Linden Pl) - BWB N Queens Anchorage
43.49,186,Queens,TBB N QUEENS ANCHORAGE - MANHATTAN LIFT SPAN
29.2,201,Staten Island,SIE W FINGERBOARD ROAD - CLOVE ROAD
57.16,87,Staten Island,WSE N BLOOMUINGDALE ROAD - ARDEN AVENUE
30.44,86,Manhattan,FDR S Catherine Slip - BKN Bridge Manhattan Side
58.4,113,Staten Island,SIE E BRADLEY AVENUE - CLOVE ROAD
49.7,137,Manhattan,FDR N 25th - 63rd St
0.0,0,Staten Island,ROUTE 169 S - MLK WALKER STREET
0.0,0,Bronx,BRP S FORDHAM ROAD - WATSON AVENUE
0.0,0,Queens,QMT W Toll Plaza - Manhattan Side
44.11,263,Queens,CIP N TNB - Whitestone Expwy S Exit 14 (Linden Pl)
26.09,386,Manhattan,FDR N Catherine Slip - 25th St
0.0,0,Manhattan,BQE N Atlantic Ave - MAN Bridge Manhattan Side
26.71,187,Queens,LIE E 84TH ST - 108TH ST
19.26,219,Bronx,CBE E AMSTERDAM AVE(U/LVL) - MORRIS AVE
22.99,309,Brooklyn,BQE S 46TH STREET - LEONARD STREET
48.46,125,Staten Island,WSE N-SIE E SOUTH AVENUE - SOUTH AVENUE
56.54,69,Staten Island,SIE W WOOLEY AVENUE - RICHMOND AVENUE
26.09,264,Queens,VWE S MP4.63 (Exit 6 Jamaica Ave) - MP2.66 (Exit 2 Roackaway Blvd)
52.19,89,Brooklyn,VNB E SI GANTRY LOWER LEVEL - BROOLKYN GANTRY LOWER LEVEL
57.78,286,Queens,CVE NB GCP - WILLETS PT BLVD
61.51,269,Queens,CVE NB GCP - WILLETS PT BLVD
45.36,51,Staten Island,SIE E VNB E FINGERBOARD ROAD - SI GANTRY UPPER LEVEL
54.05,29,Staten Island,SIE E WOOLEY AVENUE - BRADLEY AVENUE
0.0,0,Brooklyn,GOW N 7TH AVENUE - 9TH STREET
56.54,117,Staten Island,SIE E BRADLEY AVENUE - CLOVE ROAD
43.49,158,Queens,TNB S Toll Plaza - Queens Anchorage
13.04,181,Manhattan,TBB W - FDR S MANHATTAN TRUSS - E116TH STREET
15.53,146,Staten Island,SIE E VNB E FINGERBOARD ROAD - SI GANTRY UPPER LEVEL
46.6,163,Queens,CIP S Hempstead Tpk - Laurelton Pkwy @ SSP
50.95,42,Brooklyn,VNB E-GOWANUS N BROOKLYN GANTRY UPPER LEVEL - 92ND STREET
48.46,45,Queens,CIP N ramp to TNB - TNB Queens Anchorage
17.39,184,Manhattan,12th Ave N 40th - 57th St
7.45,696,Manhattan,LINCOLN TUNNEL E SOUTH TUBE - NJ - NY
41.63,261,Queens,VWE S MP2.66 (Exit 2 Rockaway Blvd) - Belt Pkwy E 182nd St
55.92,105,Staten Island,SIE W FINGERBOARD ROAD - CLOVE ROAD
47.22,99,Bronx,BE N STRATFORD AVENUE - CASTLE HILL AVE
49.08,108,Queens,VWE N MP6.39 (Exit 11 Jewel Ave) - MP8.65 (Exit 13 Northern Blvd)
0.0,0,Brooklyn,GOW N 7TH AVENUE - 9TH STREET
38.52,143,Bronx,BRP N WATSON AVENUE - FORDHAM ROAD
21.12,210,Bronx,MDE S HARLEM RIVER PARK - GWB W AMSTERDAM AVENUE LOWER LEVEL
56.54,78,Bronx,HRP N LAFAYETTE AVENUE - E TREMONT AVENUE
43.49,99,Bronx,CBE E AMSTERDAM AVE(U/LVL) - MORRIS AVE
31.68,226,Queens,BE S TBB EXIT RAMP - QUEENS ANCHORAGE
17.39,583,Manhattan,FDR N Catherine Slip - 25th St
46.6,137,Queens,BWB S Queens Anchorage - WSE S Exit 14 (Linden Pl)
42.25,258,Queens,CIP N Hempstead Tpk - LIE
39.14,174,Manhattan,FDR N 25th - 63rd St
36.66,59,Queens,CIP N ramp to TNB - TNB Queens Anchorage
36.66,101,Queens,Belt Pkwy W 182nd St - JFK Expressway
62.13,83,Staten Island,WSE S ARDEN AVENUE - BLOOMINGDALE ROAD
0.0,0,Brooklyn,GOW S 9TH STREET - 7TH AVENUE
44.11,88,Staten Island,SIE E RICHMOND AVENUE - WOOLEY AVENUE
49.7,89,Bronx,HRP N LAFAYETTE AVENUE - E TREMONT AVENUE
42.25,50,Staten island,VNB W-SIE W SI GANTRY UPPER LEVEL - FINGERBOARD ROAD
46.6,147,Queens,TNB S Toll Plaza - Queens Anchorage
29.82,84,Bronx,CBE W CASTLE HILL AVENUE - TAYLOR AVENUE
0.0,0,Brooklyn,GOW S 9TH STREET - 7TH AVENUE
16.77,423,Brooklyn,BQE S 46TH STREET - LEONARD STREET
44.73,119,Queens,VWE S MP8.65 (Exit 13 Northern Blvd) - MP6.39 (Exit 11 Jewel Ave)
17.39,251,Bronx,MDE S HARLEM RIVER PARK - GWB W AMSTERDAM AVENUE UPPER LEVEL
18.64,577,Queens,VWE S MP2.66 (Exit 2 Rockaway Blvd) - Belt Pkwy E 182nd St
44.73,47,Brooklyn,GOW S VNB W 92ND STREET - BKLYN GANTRY LOWER LEVEL
26.09,245,Manhattan,BBT W Toll Plaza - Manhattan Portal
41.01,218,Queens,VWE S MP6.39 (Exit 11 Jewel Ave) - MP4.63 (Exit 6 Jamaica Ave)
41.01,112,Brooklyn,VNB E SI GANTRY LOWER LEVEL - BROOLKYN GANTRY LOWER LEVEL
24.23,217,Manhattan,QMT E Manhattan Side - Toll Plaza
0.0,0,Manhattan,BQE N Atlantic Ave - BKN Bridge Manhattan Side
47.84,59,Staten Island,WSE S SOUTH AVENUE - VICTORY BOULEVARD
0.0,0,Brooklyn,GOW S 9TH STREET - 7TH AVENUE
0.0,0,Manhattan,BQE N Atlantic Ave - BKN Bridge Manhattan Side
47.22,98,Brooklyn,VNB W BROOKLYN GANTRY UPPER LEVEL - SI GANTRY UPPER LEVEL
55.92,51,Staten Island,SIE W RICHMOND AVENUE - SOUTH AVENUE
53.43,134,Brooklyn,BQE N LEONARD STREET - 46TH STREET
53.43,100,Queens,VWE N MP8.64 (Exit 13 Northern Blvd) - Whitestone Expwy Exit 14 (Linden Pl)
14.29,183,Staten Island,SIE E SOUTH AVENUE - RICHMOND AVENUE
47.84,97,Brooklyn,VNB E SI GANTRY UPPER LEVEL - BROOKLYN GANTRY UPPER LEVEL
48.46,44,Brooklyn,GOW S VNB W 92ND STREET - BKLYN GANTRY UPPER LEVEL
0.0,0,Staten Island,MLK S - SIE W WALKER STREET - RICHMOND AVENUE
11.18,374,Bronx,CBE AMSTERDAM AVE (L/LVL) - MORRIS AVE
54.68,101,Staten Island,SIE E CLOVE ROAD - FINGERBOARD ROAD
54.05,138,Bronx,BE N Castle Hill Avenue - Griswold Ave
39.14,281,Queens,CIP N Hempstead Tpk - LIE
11.18,125,Staten Island,SIE W BRADLEY AVENUE - WOOLEY AVENUE
21.12,215,Bronx,BWB S Toll Plaza - Queens Anchorage
47.84,158,Queens,CIP S Hempstead Tpk - Laurelton Pkwy @ SSP
50.33,137,Queens,TNB S Toll Plaza - Queens Anchorage
0.0,0,Staten Island,MLK S - SIE E WALKER STREET - WOOLEY AVENUE
21.74,381,Bronx,CBE W U/LEV AMSTERDAM AVE - I95 S EXP LNS
13.67,385,Queens,VWE N MP8.64 (Exit 13 Northern Blvd) - Whitestone Expwy Exit 14 (Linden Pl)
43.49,49,Brooklyn,GOW S VNB W 92ND STREET - BKLYN GANTRY UPPER LEVEL
43.49,49,Brooklyn,VNB E-GOWANUS N BROOKLYN GANTRY UPPER LEVEL - 92ND STREET
0.0,0,Brooklyn,BQE S - GOW S ALTANTIC AVENUE - 9TH STREET
16.77,155,Manhattan,BKN Bridge Manhattan Side - FDR N Catherine Slip
22.99,464,Queens,VWE S MP2.66 (Exit 2 Rockaway Blvd) - Belt Pkwy E 182nd St
24.85,171,Bronx,CBE W MORRIS AVE - GWB W AMSTERDAM AVE (U/LVL)
24.85,290,Queens,BE S TBB EXIT RAMP - QUEENS ANCHORAGE
26.09,115,Queens,BE S TBB EXIT RAMP - MANHATTAN LIFT SPAN
63.37,82,Staten Island,WSE S ARDEN AVENUE - BLOOMINGDALE ROAD
30.44,232,Brooklyn,BQE N LEONARD STREET - 46TH STREET
27.34,120,Manhattan,11th ave s ganservoort - west st @ spring st
1.24,1579,Bronx,CBE W CASTLE HILL AVENUE - TAYLOR AVENUE
16.77,643,Queens,VWE S MP2.66 (Exit 2 Rockaway Blvd) - Belt Pkwy E 182nd St
45.98,116,Queens,VWE N MP6.39 (Exit 11 Jewel Ave) - MP8.65 (Exit 13 Northern Blvd)
14.29,368,Queens,VWE N MP8.64 (Exit 13 Northern Blvd) - Whitestone Expwy Exit 14 (Linden Pl)
44.11,48,Brooklyn,GOW S VNB W 92ND STREET - BKLYN GANTRY LOWER LEVEL
55.3,148,Bronx,I-87 NYST S Exit 1 - MDE S Van Cortlandt Park
64.62,108,Staten Island,SIE W - WSE S SOUTH AVENUE - SOUTH AVENUE
30.44,210,Queens,BWB S Queens Anchorage - WSE S Exit 14 (Linden Pl)
50.33,231,Queens,CIP N TNB - Whitestone Expwy S Exit 14 (Linden Pl)
15.53,561,Queens,VWE S MP6.39 (Exit 11 Jewel Ave) - MP4.63 (Exit 6 Jamaica Ave)
0.0,0,Staten Island,SIE E-MLK N RICHMOND AVENUE - WALKER STREET
0.0,0,Bronx,CBE W L/LE V AMSTERDAM AVE - I 95 S LOC LNS
65.86,123,Bronx,I-87 NYST S Exit 1 - MDE S Van Cortlandt Park
51.57,89,Queens,BWB N Queens Anchorage - Toll Plaza
41.63,111,Bronx,BE N STRATFORD AVENUE - CASTLE HILL AVE
45.98,46,Brooklyn,GOW S VNB W 92ND STREET - BKLYN GANTRY UPPER LEVEL
42.25,467,Manhattan,Westside Hwy S GWB - 57th St
56.54,291,Queens,CVE NB GCP - WILLETS PT BLVD
42.25,50,Brooklyn,VNB E-GOWANUS N BROOKLYN GANTRY LOWER LEVEL - 92ND STREET
41.63,64,Staten Island,SIE E SOUTH AVENUE - RICHMOND AVENUE
0.0,0,Brooklyn,BQE S - GOW S ALTANTIC AVENUE - 9TH STREET
50.33,135,Queens,TNB S Toll Plaza - Queens Anchorage
0.0,0,Staten Island,MLK S - SIE E WALKER STREET - WOOLEY AVENUE
37.28,173,Manhattan,BBT W Toll Plaza - Manhattan Portal
15.53,354,Manhattan,LINCOLN TUNNEL E SOUTH TUBE - NJ - NY
0.0,0,Staten Island,SIE E-MLK N RICHMOND AVENUE - WALKER STREET
36.66,243,Queens,VWE S MP6.39 (Exit 11 Jewel Ave) - MP4.63 (Exit 6 Jamaica Ave)
59.65,110,Staten Island,SIE E BRADLEY AVENUE - CLOVE ROAD
4.34,1270,Manhattan,West St S Spring St - BBT Manhattan Portal outbound
47.22,45,Brooklyn,VNB E-GOWANUS N BROOKLYN GANTRY UPPER LEVEL - 92ND STREET
44.11,48,Brooklyn,VNB E-GOWANUS N BROOKLYN GANTRY UPPER LEVEL - 92ND STREET
52.19,148,Staten Island,440 N FRANCIS STREET - WSE N TYRELLAN AVE
0.0,0,Brooklyn,BQE S - GOW S ALTANTIC AVENUE - 9TH STREET
0.0,0,Staten Island,SIE W - MLK N WOOLEY AVENUE - WLAKER STREET
16.77,318,Queens,QMT W Toll Plaza - Manhattan Side
41.01,166,Manhattan,FDR N 25th - 63rd St
55.92,171,Queens,LIE WB LITTLE NECK PKWY - NB CVE
0.0,0,Staten Island,SIE W - MLK N WOOLEY AVENUE - WLAKER STREET
15.53,169,Staten Island,SIE E SOUTH AVENUE - RICHMOND AVENUE
41.63,163,Manhattan,FDR S 63rd - 25th St
37.28,57,Staten Island,VNB W-SIE W SI GANTRY LOWER LEVEL - FINGERBOARD ROAD
47.22,91,Bronx,CBE E AMSTERDAM AVE(U/LVL) - MORRIS AVE
21.74,251,Manhattan,LINCOLN TUNNEL E CENTER TUBE NJ - NY
49.7,154,Staten Island,440 N FRANCIS STREET - WSE N TYRELLAN AVE
0.0,0,Queens,BE S TBB EXIT RAMP - QUEENS ANCHORAGE
20.5,214,Bronx,MDE S HARLEM RIVER PARK - GWB W AMSTERDAM AVENUE LOWER LEVEL
30.44,70,Staten Island,VNB W-SIE W SI GANTRY LOWER LEVEL - FINGERBOARD ROAD
57.78,136,Staten Island,WSE N ARDEN AVENUE - VICTORY BLVD
0.0,0,Brooklyn,GOW S 9TH STREET - 7TH AVENUE
24.85,94,Manhattan,FDR N - TBB E 116TH STREET - MANHATTAN TRUSS
0.0,0,Brooklyn,GOW S 9TH STREET - 7TH AVENUE
49.7,144,Brooklyn,BQE S 46TH STREET - LEONARD STREET
12.42,210,Staten Island,SIE E SOUTH AVENUE - RICHMOND AVENUE
28.58,288,Bronx,CBE W U/LEV AMSTERDAM AVE - I95 S EXP LNS
45.98,93,Bronx,CBE AMSTERDAM AVE (L/LVL) - MORRIS AVE
40.38,124,Manhattan,LINCOLN TUNNEL W NORTH TUBE NY - NJ
52.81,148,Staten Island,WSE N ARDEN AVENUE - VICTORY BLVD
0.0,0,Staten Island,ROUTE 169 S - MLK WALKER STREET
15.53,271,Bronx,CBE W MORRIS AVE - GWB W AMSTERDAM AVE (L/LVL)
19.88,599,Queens,Belt Pkwy W JFK Expressway - VWE N Jamaica Ave
40.38,52,Staten island,VNB W-SIE W SI GANTRY UPPER LEVEL - FINGERBOARD ROAD
45.36,210,Queens,LIE WB LITTLE NECK PKWY - NB CVE
59.03,42,Bronx,CBE W CASTLE HILL AVENUE - TAYLOR AVENUE
48.46,124,Staten Island,WSE N-SIE E SOUTH AVENUE - SOUTH AVENUE
46.6,422,Manhattan,Westside Hwy S GWB - 57th St
58.4,135,Staten Island,WSE N ARDEN AVENUE - VICTORY BLVD
0.0,0,Brooklyn,GOW N 9TH STREET - ATLANTIC AVENUE
8.07,761,Queens,Whitestone Expwy N Exit 14 (Linden Pl) - BWB N Queens Anchorage
59.65,75,Bronx,BE S CASTLE HILL AVENUE - STRATFORD AVENUE
54.05,53,Staten Island,SIE W RICHMOND AVENUE - SOUTH AVENUE
32.31,73,Manhattan,FDR N - TBB E 116TH STREET - MANHATTAN TRUSS
32.93,603,Manhattan,Westside Hwy N 57th St - GWB
44.11,170,Queens,TBB S MANHATTAN LIFT SPAN - QUEENS ANCHORAGE
18.01,565,Manhattan,FDR N Catherine Slip - 25th St
39.76,223,Queens,VWE S MP6.39 (Exit 11 Jewel Ave) - MP4.63 (Exit 6 Jamaica Ave)
26.71,199,Queens,QMT W Toll Plaza - Manhattan Side
37.9,42,Staten Island,SIE E WOOLEY AVENUE - BRADLEY AVENUE
0.0,0,Staten Island,MLK S - SIE E WALKER STREET - WOOLEY AVENUE
39.76,172,Manhattan,FDR N 25th - 63rd St
38.52,195,Queens,TBB S MANHATTAN LIFT SPAN - QUEENS ANCHORAGE
54.68,151,Bronx,CBE E CASTLE HILL AVE - BE N WATERBURY AVE
9.94,435,Bronx,MDE S HARLEM RIVER PARK - GWB W AMSTERDAM AVENUE UPPER LEVEL
19.88,539,Queens,VWE S MP2.66 (Exit 2 Rockaway Blvd) - Belt Pkwy E 182nd St
57.16,69,Staten Island,SIE E RICHMOND AVENUE - WOOLEY AVENUE
8.07,397,Manhattan,11th ave s ganservoort - west st @ spring st
0.0,0,Brooklyn,GOW N 9TH STREET - ATLANTIC AVENUE
0.0,0,Brooklyn,GOW N 9TH STREET - ATLANTIC AVENUE
41.01,59,Manhattan,TBB W - FDR S MANHATTAN TRUSS - E116TH STREET
49.08,128,Staten Island,WSE S BLLOMINGDALE ROAD - TYRELLAN AVENUE
0.0,0,Staten Island,MLK S - SIE E WALKER STREET - WOOLEY AVENUE
34.79,254,Queens,VWE N MP4.63 (Exit 6 - Jamaica Ave) - MP6.39 (Exit 11 Jewel Ave)
48.46,29,Staten Island,SIE W BRADLEY AVENUE - WOOLEY AVENUE
31.06,286,Queens,VWE N MP4.63 (Exit 6 - Jamaica Ave) - MP6.39 (Exit 11 Jewel Ave)
53.43,103,Queens,Whitestone Expwy S Exit 14 (Linden Pl) - VWE S MP8.65 (Exit 13 Northern Blvd)
46.6,84,Queens,LIE WB LITTLE NECK PKWY - NB CIP
18.01,183,Manhattan,11th ave s ganservoort - west st @ spring st
43.49,55,Manhattan,TBB W - FDR S MANHATTAN TRUSS - E116TH STREET
0.0,0,Manhattan,BQE N Atlantic Ave - BKN Bridge Manhattan Side
0.0,0,Staten Island,MLK S - SIE W WALKER STREET - RICHMOND AVENUE
42.25,273,Queens,CIP N TNB - Whitestone Expwy S Exit 14 (Linden Pl)
49.7,93,Brooklyn,VNB E SI GANTRY UPPER LEVEL - BROOKLYN GANTRY UPPER LEVEL
21.12,351,Manhattan,GWB E LOWER LEVEL PLAZA - CBE E LOWER LEVEL AMSTERDAM AVE
19.26,366,Brooklyn,BQE N LEONARD STREET - 46TH STREET
52.19,98,Bronx,MDE N RFK Bridge - 142nd St
15.53,575,Queens,VWE S MP6.39 (Exit 11 Jewel Ave) - MP4.63 (Exit 6 Jamaica Ave)
53.43,80,Brooklyn,GOW S 7TH AVENUE - 92ND STREET
31.06,97,Queens,BE S TBB EXIT RAMP - MANHATTAN LIFT SPAN
27.96,231,Manhattan,BBT W Toll Plaza - Manhattan Portal
30.44,356,Queens,VWE S MP2.66 (Exit 2 Rockaway Blvd) - Belt Pkwy E 182nd St
44.73,161,Queens,MDE S TBB EXIT RAMP - QUEENS ANCHORAGE
9.32,1273,Queens,Belt Pkwy W JFK Expressway - VWE N Jamaica Ave
54.05,171,Queens,Belt Pkwy E 182nd St - Laurelton Pkwy N @ SSP
41.63,258,Queens,VWE S MP2.66 (Exit 2 Rockaway Blvd) - Belt Pkwy E 182nd St
43.49,106,Bronx,BE N STRATFORD AVENUE - CASTLE HILL AVE
0.0,0,Queens,BE S TBB EXIT RAMP - QUEENS ANCHORAGE
0.0,0,Staten Island,SIE W - MLK N WOOLEY AVENUE - WLAKER STREET
47.22,53,Bronx,HRP S Lafayette Ave - BWB S Toll Plaza
62.75,111,Staten Island,SIE W - WSE S SOUTH AVENUE - SOUTH AVENUE
40.38,185,Bronx,BE S Griswold - Castle Hill Avenue
48.46,225,Queens,CIP S LIE - Hempstead Tpk
18.64,268,Manhattan,LINCOLN TUNNEL W NORTH TUBE NY - NJ
29.82,180,Manhattan,QMT E Manhattan Side - Toll Plaza
55.92,164,Queens,Laurelton Pkwy S @ SSP - Belt Pkwy W 182nd St
45.98,93,Brooklyn,GOW S 7TH AVENUE - 92ND STREET
52.19,89,Brooklyn,VNB W BROOKLYN GANTRY LOWER LEVEL - SI GANTRY LOWER LEVEL
53.43,139,Bronx,BE N Castle Hill Avenue - Griswold Ave
34.79,255,Queens,VWE N MP4.63 (Exit 6 - Jamaica Ave) - MP6.39 (Exit 11 Jewel Ave)
0.0,0,Manhattan,BQE N Atlantic Ave - MAN Bridge Manhattan Side
54.68,143,Staten Island,WSE N ARDEN AVENUE - VICTORY BLVD
26.71,289,Queens,Laurelton Pkwy N @ SSP - CIP N Hempstead Tpk
22.99,169,Staten Island,SIE E RICHMOND AVENUE - WOOLEY AVENUE
10.56,1817,Manhattan,Westside Hwy N 57th St - GWB
40.38,138,Bronx,BRP N WATSON AVENUE - FORDHAM ROAD
7.45,316,Bronx,HRP S Lafayette Ave - BWB S Toll Plaza
21.12,332,Brooklyn,BQE S 46TH STREET - LEONARD STREET
27.34,182,Queens,LIE W 108TH ST - 84TH ST
39.14,67,Manhattan,BKN Bridge Manhattan Side - FDR N Catherine Slip
29.82,215,Manhattan,BBT E Manhattan Portal - Toll Plaza
15.53,323,Manhattan,LINCOLN TUNNEL W NORTH TUBE NY - NJ
16.77,945,Queens,CIP NB GCP - TNB
52.19,138,Queens,MDE S TBB EXIT RAMP - QUEENS ANCHORAGE
54.68,92,Staten Island,WSE N BLOOMUINGDALE ROAD - ARDEN AVENUE
55.92,79,Bronx,HRP N LAFAYETTE AVENUE - E TREMONT AVENUE
50.33,164,Bronx,CBE E CASTLE HILL AVE - BE N WATERBURY AVE
0.0,0,Brooklyn,BQE S - GOW S ALTANTIC AVENUE - 9TH STREET
39.14,119,Brooklyn,VNB E SI GANTRY LOWER LEVEL - BROOLKYN GANTRY LOWER LEVEL
0.0,0,Manhattan,BQE N Atlantic Ave - BKN Bridge Manhattan Side
0.0,0,Staten Island,MLK S - SIE E WALKER STREET - WOOLEY AVENUE
0.0,0,Queens,CIP N Hempstead Tpk - LIE
49.7,32,Staten Island,SIE E WOOLEY AVENUE - BRADLEY AVENUE
11.18,497,Manhattan,West St S Spring St - BBT Manhattan Portal outbound
44.73,154,Queens,TNB N Queens Anchorage - Toll Plaza
61.51,123,Queens,CIP S Hempstead Tpk - Laurelton Pkwy @ SSP
0.0,0,Brooklyn,GOW N 9TH STREET - ATLANTIC AVENUE
58.4,128,Staten Island,WSE N TYRELLAN AVENUE - BLOOMINGDALE ROAD
0.0,0,Brooklyn,GOW N 7TH AVENUE - 9TH STREET
15.53,344,Manhattan,11th ave n ganservoort - 12th ave @ 40th st
25.47,401,Manhattan,FDR N Catherine Slip - 25th St
44.11,32,Staten Island,SIE W BRADLEY AVENUE - WOOLEY AVENUE
42.25,105,Bronx,HRP N LAFAYETTE AVENUE - E TREMONT AVENUE
11.18,967,Queens,VWE S MP2.66 (Exit 2 Rockaway Blvd) - Belt Pkwy E 182nd St
0.0,0,Queens,BE S TBB EXIT RAMP - QUEENS ANCHORAGE
0.0,0,Staten Island,VNB W-SIE W SI GANTRY LOWER LEVEL - FINGERBOARD ROAD
50.95,123,Staten Island,WSE S BLLOMINGDALE ROAD - TYRELLAN AVENUE
21.12,154,Manhattan,11th ave s ganservoort - west st @ spring st
21.12,331,Brooklyn,BQE N LEONARD STREET - 46TH STREET
15.53,277,Bronx,CBE E AMSTERDAM AVE(U/LVL) - MORRIS AVE
44.73,99,Bronx,HRP N LAFAYETTE AVENUE - E TREMONT AVENUE
50.95,146,Bronx,BE N Castle Hill Avenue - Griswold Ave
58.4,76,Bronx,HRP N LAFAYETTE AVENUE - E TREMONT AVENUE
30.44,123,Queens,Belt Pkwy W 182nd St - JFK Expressway
44.73,162,Queens,MDE S TBB EXIT RAMP - QUEENS ANCHORAGE
50.95,109,Queens,Whitestone Expwy S Exit 14 (Linden Pl) - VWE S MP8.65 (Exit 13 Northern Blvd)
39.76,230,Queens,Belt Pkwy E 182nd St - Laurelton Pkwy N @ SSP
19.88,503,Manhattan,FDR N Catherine Slip - 25th St
4.97,839,Bronx,CBE W MORRIS AVE - GWB W AMSTERDAM AVE (U/LVL)
22.99,217,Queens,LIE W 108TH ST - 84TH ST
41.01,203,Bronx,CBE W U/LEV AMSTERDAM AVE - I95 S EXP LNS
41.63,173,Queens,MDE S TBB EXIT RAMP - QUEENS ANCHORAGE
11.8,531,Manhattan,12th ave @ 45th - 11 ave ganservoort st
49.7,125,Staten Island,WSE S BLLOMINGDALE ROAD - TYRELLAN AVENUE
55.3,70,Staten Island,SIE E RICHMOND AVENUE - WOOLEY AVENUE
30.44,180,Manhattan,LINCOLN TUNNEL W CENTER TUBE NY - NJ
54.68,48,Staten Island,SIE E SOUTH AVENUE - RICHMOND AVENUE
57.78,130,Bronx,BE N Castle Hill Avenue - Griswold Ave
0.0,0,Staten Island,SIE W - MLK N WOOLEY AVENUE - WLAKER STREET
16.77,318,Manhattan,11th ave n ganservoort - 12th ave @ 40th st
6.21,640,Bronx,CBE AMSTERDAM AVE (L/LVL) - MORRIS AVE
68.35,76,Staten Island,WSE S ARDEN AVENUE - BLOOMINGDALE ROAD
24.23,420,Manhattan,FDR N Catherine Slip - 25th St
45.98,62,Staten Island,SIE W RICHMOND AVENUE - SOUTH AVENUE
9.94,532,Manhattan,LINCOLN TUNNEL E SOUTH TUBE - NJ - NY
35.41,106,Queens,Belt Pkwy W 182nd St - JFK Expressway
0.0,0,Bronx,BRP S FORDHAM ROAD - WATSON AVENUE
20.5,129,Staten Island,SIE E SOUTH AVENUE - RICHMOND AVENUE
47.22,157,Bronx,BE N Castle Hill Avenue - Griswold Ave
5.59,702,Bronx,CBE W MORRIS AVE - GWB W AMSTERDAM AVE (L/LVL)
31.06,172,Queens,QMT W Toll Plaza - Manhattan Side
22.36,126,Staten Island,WSE S SOUTH AVENUE - VICTORY BOULEVARD
0.0,0,Queens,CIP S LIE - Hempstead Tpk
24.23,91,Queens,CIP N ramp to TNB - TNB Queens Anchorage
0.0,0,Bronx,CBE W L/LE V AMSTERDAM AVE - I 95 S LOC LNS
33.55,112,Queens,Belt Pkwy W 182nd St - JFK Expressway
52.19,317,Queens,CVE NB GCP - WILLETS PT BLVD
26.09,175,Bronx,BE N STRATFORD AVENUE - CASTLE HILL AVE
11.8,450,Manhattan,LINCOLN TUNNEL E CENTER TUBE NJ - NY
54.05,121,Staten Island,SIE E BRADLEY AVENUE - CLOVE ROAD
39.14,296,Queens,CIP N TNB - Whitestone Expwy S Exit 14 (Linden Pl)
44.73,56,Bronx,BWB N Toll Plaza - HRP N Lafayatte Ave
40.38,111,Bronx,HRP N LAFAYETTE AVENUE - E TREMONT AVENUE
0.0,0,Staten Island,MLK S - SIE E WALKER STREET - WOOLEY AVENUE
41.63,51,Staten Island,VNB W-SIE W SI GANTRY LOWER LEVEL - FINGERBOARD ROAD
33.55,163,Manhattan,LINCOLN TUNNEL W CENTER TUBE NY - NJ
49.7,154,Staten Island,WSE S TYRELLAN AVENUE - 440 S FRANCIS STREET
40.38,52,Staten island,VNB W-SIE W SI GANTRY UPPER LEVEL - FINGERBOARD ROAD
68.97,75,Staten Island,WSE S ARDEN AVENUE - BLOOMINGDALE ROAD
42.87,173,Queens,TBB S MANHATTAN LIFT SPAN - QUEENS ANCHORAGE
0.0,0,Queens,BE S TBB EXIT RAMP - QUEENS ANCHORAGE
45.98,165,Queens,CIP S Hempstead Tpk - Laurelton Pkwy @ SSP
19.26,517,Manhattan,FDR N Catherine Slip - 25th St
14.29,485,Queens,VWE S MP4.63 (Exit 6 Jamaica Ave) - MP2.66 (Exit 2 Roackaway Blvd)
39.76,54,Staten Island,VNB W-SIE W SI GANTRY LOWER LEVEL - FINGERBOARD ROAD
39.76,173,Manhattan,FDR S 63rd - 25th St
54.68,97,Queens,VWE N MP6.39 (Exit 11 Jewel Ave) - MP8.65 (Exit 13 Northern Blvd)
50.95,135,Queens,TNB S Toll Plaza - Queens Anchorage
0.0,0,Bronx,BRP S FORDHAM ROAD - WATSON AVENUE
12.42,664,Bronx,CBE W U/LEV AMSTERDAM AVE - I95 S EXP LNS
54.68,52,Staten Island,SIE W RICHMOND AVENUE - SOUTH AVENUE
54.68,138,Staten Island,WSE N TYRELLAN AVENUE - BLOOMINGDALE ROAD
48.46,55,Staten Island,SIE E SOUTH AVENUE - RICHMOND AVENUE
57.16,47,Queens,TNB S Qns Anchorage - CIP S @ TNB
58.4,119,Staten Island,SIE W - WSE S SOUTH AVENUE - SOUTH AVENUE
29.82,185,Bronx,BRP N WATSON AVENUE - FORDHAM ROAD
64.62,108,Staten Island,SIE W - WSE S SOUTH AVENUE - SOUTH AVENUE
49.08,94,Brooklyn,VNB E SI GANTRY UPPER LEVEL - BROOKLYN GANTRY UPPER LEVEL
46.6,205,Queens,LIE WB LITTLE NECK PKWY - NB CVE
4.97,1273,Manhattan,BBT E Manhattan Portal - Toll Plaza
13.67,384,Manhattan,11th ave n ganservoort - 12th ave @ 40th st
16.77,316,Manhattan,11th ave n ganservoort - 12th ave @ 40th st
22.36,245,Queens,Whitestone Expwy S Exit 14 (Linden Pl) - VWE S MP8.65 (Exit 13 Northern Blvd)
0.0,0,Manhattan,11th ave s ganservoort - west st @ spring st
36.66,58,Brooklyn,GOW S VNB W 92ND STREET - BKLYN GANTRY UPPER LEVEL
39.76,240,Queens,LIE WB LITTLE NECK PKWY - NB CVE
49.7,107,Queens,VWE N MP6.39 (Exit 11 Jewel Ave) - MP8.65 (Exit 13 Northern Blvd)
58.4,128,Staten Island,WSE N TYRELLAN AVENUE - BLOOMINGDALE ROAD
6.83,330,Manhattan,12th Ave S 57th St - 45th St
15.53,340,Manhattan,11th ave n ganservoort - 12th ave @ 40th st
0.0,0,Staten Island,SIE W - MLK N WOOLEY AVENUE - WLAKER STREET
37.28,134,Manhattan,LINCOLN TUNNEL W NORTH TUBE NY - NJ
57.78,136,Staten Island,WSE N ARDEN AVENUE - VICTORY BLVD
63.37,124,Staten Island,WSE S VICTORY BOULEVARD - ARDEN AVENUE
15.53,91,Staten Island,SIE W BRADLEY AVENUE - WOOLEY AVENUE
29.82,263,Queens,Laurelton Pkwy N @ SSP - CIP N Hempstead Tpk
41.63,111,Bronx,BE N STRATFORD AVENUE - CASTLE HILL AVE
59.65,117,Staten Island,SIE W - WSE S SOUTH AVENUE - SOUTH AVENUE
56.54,291,Queens,CVE NB GCP - WILLETS PT BLVD
60.89,52,Staten Island,WSE N VICTORY BLVD - SOUTH AVENUE
41.63,51,Staten island,VNB W-SIE W SI GANTRY UPPER LEVEL - FINGERBOARD ROAD
10.56,411,Bronx,MDE S HARLEM RIVER PARK - GWB W AMSTERDAM AVENUE LOWER LEVEL
33.55,245,Bronx,CBE W U/LEV AMSTERDAM AVE - I95 S EXP LNS
19.88,505,Manhattan,FDR N Catherine Slip - 25th St
0.0,0,Manhattan,BQE N Atlantic Ave - MAN Bridge Manhattan Side
32.93,150,Queens,LIE E 84TH ST - 108TH ST
54.68,143,Staten Island,WSE N ARDEN AVENUE - VICTORY BLVD
55.92,83,Brooklyn,VNB W BROOKLYN GANTRY LOWER LEVEL - SI GANTRY LOWER LEVEL
45.98,85,Queens,LIE WB LITTLE NECK PKWY - NB CIP
47.84,191,Queens,Laurelton Pkwy S @ SSP - Belt Pkwy W 182nd St
21.12,238,Bronx,MDE N RFK Bridge - 142nd St
0.0,0,Brooklyn,BQE S 46TH STREET - LEONARD STREET
26.71,253,Manhattan,FDR N 25th - 63rd St
31.06,284,Queens,VWE S MP6.39 (Exit 11 Jewel Ave) - MP4.63 (Exit 6 Jamaica Ave)
42.87,238,Manhattan,FDR S 25th St - Catherine Slip
2.48,2954,Bronx,CBE W L/LE V AMSTERDAM AVE - I 95 S LOC LNS
36.03,148,Queens,QMT W Toll Plaza - Manhattan Side
41.01,104,Bronx,CBE E AMSTERDAM AVE(U/LVL) - MORRIS AVE
19.26,422,Queens,TBB N QUEENS ANCHORAGE - MANHATTAN LIFT SPAN
42.87,159,Queens,TNB S Toll Plaza - Queens Anchorage
43.49,49,Brooklyn,GOW S VNB W 92ND STREET - BKLYN GANTRY UPPER LEVEL
49.08,130,Queens,BWB S Queens Anchorage - WSE S Exit 14 (Linden Pl)
58.4,67,Staten Island,SIE W WOOLEY AVENUE - RICHMOND AVENUE
16.15,198,Manhattan,11th ave s ganservoort - west st @ spring st
49.7,86,Bronx,CBE AMSTERDAM AVE (L/LVL) - MORRIS AVE
54.05,98,Queens,VWE N MP8.64 (Exit 13 Northern Blvd) - Whitestone Expwy Exit 14 (Linden Pl)
42.87,124,Queens,VWE N MP6.39 (Exit 11 Jewel Ave) - MP8.65 (Exit 13 Northern Blvd)
54.68,26,Staten Island,SIE W BRADLEY AVENUE - WOOLEY AVENUE
24.23,176,Bronx,CBE AMSTERDAM AVE (L/LVL) - MORRIS AVE
35.41,249,Queens,VWE N MP4.63 (Exit 6 - Jamaica Ave) - MP6.39 (Exit 11 Jewel Ave)
46.6,46,Brooklyn,VNB E-GOWANUS N BROOKLYN GANTRY UPPER LEVEL - 92ND STREET
48.46,238,Queens,CIP N TNB - Whitestone Expwy S Exit 14 (Linden Pl)
54.05,298,Queens,CIP NB GCP - TNB
0.0,0,Manhattan,FDR S 25th St - Catherine Slip
32.93,162,Queens,VWE N MP8.64 (Exit 13 Northern Blvd) - Whitestone Expwy Exit 14 (Linden Pl)
48.46,103,Queens,LIE E 84TH ST - 108TH ST
26.71,600,Queens,CIP NB GCP - TNB
34.79,195,Manhattan,FDR S 63rd - 25th St
53.43,140,Staten Island,WSE N TYRELLAN AVENUE - BLOOMINGDALE ROAD
58.4,85,Queens,LIE E 84TH ST - 108TH ST
44.11,52,Staten Island,SIE E VNB E FINGERBOARD ROAD - SI GANTRY UPPER LEVEL
68.97,57,Staten Island,SIE W WOOLEY AVENUE - RICHMOND AVENUE
50.95,91,Queens,BWB N Queens Anchorage - Toll Plaza
52.81,54,Staten Island,WSE S SOUTH AVENUE - VICTORY BOULEVARD
57.16,87,Staten Island,WSE N BLOOMUINGDALE ROAD - ARDEN AVENUE
34.17,76,Manhattan,BKN Bridge Manhattan Side - FDR N Catherine Slip
23.61,236,Manhattan,LINCOLN TUNNEL E SOUTH TUBE - NJ - NY
4.97,631,Manhattan,11th ave s ganservoort - west st @ spring st
49.08,112,Staten Island,SIE E CLOVE ROAD - FINGERBOARD ROAD
19.26,157,Queens,BE S TBB EXIT RAMP - MANHATTAN LIFT SPAN
40.38,193,Queens,Laurelton Pkwy N @ SSP - CIP N Hempstead Tpk
17.39,245,Bronx,MDE S HARLEM RIVER PARK - GWB W AMSTERDAM AVENUE UPPER LEVEL
41.01,56,Staten Island,SIE E VNB E FINGERBOARD ROAD - SI GANTRY UPPER LEVEL
65.86,59,Staten Island,SIE W WOOLEY AVENUE - RICHMOND AVENUE
35.41,259,Queens,Laurelton Pkwy S @ SSP - Belt Pkwy W 182nd St
54.68,72,Queens,LIE WB LITTLE NECK PKWY - NB CIP
8.69,609,Manhattan,11th ave n ganservoort - 12th ave @ 40th st
54.68,82,Bronx,HRP N LAFAYETTE AVENUE - E TREMONT AVENUE
47.84,44,Brooklyn,GOW S VNB W 92ND STREET - BKLYN GANTRY LOWER LEVEL
0.0,0,Queens,CIP N Hempstead Tpk - LIE
0.0,0,Brooklyn,GOW N 7TH AVENUE - 9TH STREET
39.14,142,Manhattan,LINCOLN TUNNEL W CENTER TUBE NY - NJ
54.68,143,Staten Island,WSE S VICTORY BOULEVARD - ARDEN AVENUE
50.95,91,Queens,BWB N Queens Anchorage - Toll Plaza
22.36,244,Queens,Whitestone Expwy S Exit 14 (Linden Pl) - VWE S MP8.65 (Exit 13 Northern Blvd)
0.0,0,Manhattan,LINCOLN TUNNEL W NORTH TUBE NY - NJ
37.9,121,Brooklyn,VNB E SI GANTRY LOWER LEVEL - BROOLKYN GANTRY LOWER LEVEL
47.22,347,Queens,CVE NB GCP - WILLETS PT BLVD
54.68,91,Staten Island,WSE N BLOOMUINGDALE ROAD - ARDEN AVENUE
41.01,144,Staten Island,SIE W FINGERBOARD ROAD - CLOVE ROAD
46.6,191,Queens,VWE N MP4.63 (Exit 6 - Jamaica Ave) - MP6.39 (Exit 11 Jewel Ave)
25.47,396,Manhattan,FDR N Catherine Slip - 25th St
0.0,0,Staten Island,MLK S - SIE E WALKER STREET - WOOLEY AVENUE
22.36,315,Brooklyn,BQE S 46TH STREET - LEONARD STREET
18.01,506,Queens,Belt Pkwy E 182nd St - Laurelton Pkwy N @ SSP
25.47,361,Queens,Laurelton Pkwy S @ SSP - Belt Pkwy W 182nd St
33.55,165,Manhattan,LINCOLN TUNNEL W CENTER TUBE NY - NJ
11.8,426,Bronx,MDE N RFK Bridge - 142nd St
55.92,25,Staten Island,SIE W BRADLEY AVENUE - WOOLEY AVENUE
40.38,59,Manhattan,FDR N - TBB E 116TH STREET - MANHATTAN TRUSS
21.74,469,Manhattan,FDR N Catherine Slip - 25th St
0.0,0,Staten Island,MLK S - SIE W WALKER STREET - RICHMOND AVENUE
26.09,100,Manhattan,FDR S Catherine Slip - BKN Bridge Manhattan Side
52.19,225,Queens,CIP N LIE ramp - TNB
34.17,201,Manhattan,FDR N 25th - 63rd St
0.0,0,Staten Island,MLK S - SIE W WALKER STREET - RICHMOND AVENUE
12.42,433,Manhattan,LINCOLN TUNNEL W CENTER TUBE NY - NJ
60.89,271,Queens,CVE NB GCP - WILLETS PT BLVD
49.08,120,Staten Island,SIE W FINGERBOARD ROAD - CLOVE ROAD
48.46,110,Queens,VWE N MP6.39 (Exit 11 Jewel Ave) - MP8.65 (Exit 13 Northern Blvd)
59.65,53,Staten Island,WSE N VICTORY BLVD - SOUTH AVENUE
44.73,56,Bronx,HRP S Lafayette Ave - BWB S Toll Plaza
0.0,0,Staten Island,MLK N WALKER STREET - NJ ROUTE 169
42.87,173,Bronx,BE N Castle Hill Avenue - Griswold Ave
60.27,101,Staten Island,WSE N-SIE E SOUTH AVENUE - SOUTH AVENUE
41.01,484,Manhattan,Westside Hwy N 57th St - GWB
0.0,0,Brooklyn,BQE S - GOW S ALTANTIC AVENUE - 9TH STREET
37.28,438,Queens,CVE NB GCP - WILLETS PT BLVD
63.37,81,Staten Island,WSE S ARDEN AVENUE - BLOOMINGDALE ROAD
58.4,119,Staten Island,SIE W - WSE S SOUTH AVENUE - SOUTH AVENUE
45.98,81,Queens,Belt Pkwy W 182nd St - JFK Expressway
32.93,64,Brooklyn,VNB E-GOWANUS N BROOKLYN GANTRY UPPER LEVEL - 92ND STREET
47.84,96,Brooklyn,VNB E SI GANTRY UPPER LEVEL - BROOKLYN GANTRY UPPER LEVEL
42.87,104,Bronx,BE S CASTLE HILL AVENUE - STRATFORD AVENUE
3.72,2013,Bronx,CBE W L/LE V AMSTERDAM AVE - I 95 S LOC LNS
0.0,0,Manhattan,BQE N Atlantic Ave - MAN Bridge Manhattan Side
0.0,0,Brooklyn,BQE S - GOW S ALTANTIC AVENUE - 9TH STREET
46.6,109,Bronx,MDE N RFK Bridge - 142nd St
0.0,0,Brooklyn,GOW N 7TH AVENUE - 9TH STREET
36.66,71,Manhattan,FDR S Catherine Slip - BKN Bridge Manhattan Side
56.54,132,Bronx,BE S Griswold - Castle Hill Avenue
56.54,81,Bronx,BE N STRATFORD AVENUE - CASTLE HILL AVE
14.91,334,Manhattan,LINCOLN TUNNEL W NORTH TUBE NY - NJ
53.43,124,Staten Island,SIE E BRADLEY AVENUE - CLOVE ROAD
0.0,0,Bronx,CBE W L/LE V AMSTERDAM AVE - I 95 S LOC LNS
37.28,119,Bronx,MDE S HARLEM RIVER PARK - GWB W AMSTERDAM AVENUE LOWER LEVEL
45.98,46,Brooklyn,VNB E-GOWANUS N BROOKLYN GANTRY LOWER LEVEL - 92ND STREET
0.0,0,Staten Island,MLK N WALKER STREET - NJ ROUTE 169
45.98,93,Brooklyn,GOW S 7TH AVENUE - 92ND STREET
13.67,912,Brooklyn,GOW N 7TH AVENUE - 9TH STREET
50.95,150,Staten Island,WSE S TYRELLAN AVENUE - 440 S FRANCIS STREET
64.62,80,Staten Island,WSE S ARDEN AVENUE - BLOOMINGDALE ROAD
60.89,271,Queens,CVE NB GCP - WILLETS PT BLVD
45.36,47,Brooklyn,VNB E-GOWANUS N BROOKLYN GANTRY LOWER LEVEL - 92ND STREET
59.03,278,Queens,CVE NB GCP - WILLETS PT BLVD
45.98,116,Queens,VWE N MP6.39 (Exit 11 Jewel Ave) - MP8.65 (Exit 13 Northern Blvd)
14.29,510,Queens,TBB N QUEENS ANCHORAGE - BE N
55.92,25,Staten Island,SIE W BRADLEY AVENUE - WOOLEY AVENUE
50.33,78,Queens,LIE WB LITTLE NECK PKWY - NB CIP
0.0,0,Staten Island,MLK N WALKER STREET - NJ ROUTE 169
52.19,123,Queens,Whitestone Expwy N Exit 14 (Linden Pl) - BWB N Queens Anchorage
24.85,637,Queens,CIP NB GCP - TNB
27.96,190,Queens,QMT W Toll Plaza - Manhattan Side
47.84,157,Staten Island,WSE N TYRELLAN AVENUE - BLOOMINGDALE ROAD
37.9,171,Manhattan,BBT W Toll Plaza - Manhattan Portal
44.73,48,Brooklyn,GOW S VNB W 92ND STREET - BKLYN GANTRY LOWER LEVEL
21.74,224,Queens,LIE W 108TH ST - 84TH ST
53.43,117,Staten Island,WSE S BLLOMINGDALE ROAD - TYRELLAN AVENUE
27.34,157,Bronx,CBE W MORRIS AVE - GWB W AMSTERDAM AVE (U/LVL)
21.74,310,Queens,VWE S MP4.63 (Exit 6 Jamaica Ave) - MP2.66 (Exit 2 Roackaway Blvd)
0.0,0,Queens,BE S TBB EXIT RAMP - QUEENS ANCHORAGE
37.9,180,Queens,TNB S Toll Plaza - Queens Anchorage
50.95,41,Staten Island,VNB W-SIE W SI GANTRY LOWER LEVEL - FINGERBOARD ROAD
4.97,1471,Queens,Laurelton Pkwy N @ SSP - CIP N Hempstead Tpk
46.6,46,Staten island,VNB W-SIE W SI GANTRY UPPER LEVEL - FINGERBOARD ROAD
45.36,143,Manhattan,BBT E Manhattan Portal - Toll Plaza
55.92,89,Queens,LIE E 84TH ST - 108TH ST
0.0,0,Queens,LIE W 108TH ST - 84TH ST
51.57,178,Queens,Laurelton Pkwy S @ SSP - Belt Pkwy W 182nd St
57.16,44,Bronx,CBE W CASTLE HILL AVENUE - TAYLOR AVENUE
46.6,118,Queens,Whitestone Expwy S Exit 14 (Linden Pl) - VWE S MP8.65 (Exit 13 Northern Blvd)
13.04,245,Manhattan,11th ave s ganservoort - west st @ spring st
48.46,95,Brooklyn,VNB W BROOKLYN GANTRY LOWER LEVEL - SI GANTRY LOWER LEVEL
53.43,93,Staten Island,WSE N BLOOMUINGDALE ROAD - ARDEN AVENUE
4.34,578,Bronx,HRP S Lafayette Ave - BWB S Toll Plaza
0.0,0,Queens,BE S TBB EXIT RAMP - QUEENS ANCHORAGE
41.01,480,Manhattan,Westside Hwy S GWB - 57th St
42.25,38,Staten Island,SIE E WOOLEY AVENUE - BRADLEY AVENUE
34.17,207,Brooklyn,BQE S 46TH STREET - LEONARD STREET
35.41,250,Queens,VWE N MP4.63 (Exit 6 - Jamaica Ave) - MP6.39 (Exit 11 Jewel Ave)
32.93,167,Manhattan,LINCOLN TUNNEL E SOUTH TUBE - NJ - NY
52.81,87,Brooklyn,VNB W BROOKLYN GANTRY LOWER LEVEL - SI GANTRY LOWER LEVEL
39.14,126,Manhattan,LINCOLN TUNNEL W NORTH TUBE NY - NJ
48.46,59,Staten Island,WSE S SOUTH AVENUE - VICTORY BOULEVARD
49.08,103,Bronx,MDE N RFK Bridge - 142nd St
39.14,278,Queens,VWE S MP2.66 (Exit 2 Rockaway Blvd) - Belt Pkwy E 182nd St
0.0,0,Manhattan,BQE N Atlantic Ave - BKN Bridge Manhattan Side
50.33,92,Brooklyn,VNB W BROOKLYN GANTRY UPPER LEVEL - SI GANTRY UPPER LEVEL
32.93,166,Queens,Whitestone Expwy S Exit 14 (Linden Pl) - VWE S MP8.65 (Exit 13 Northern Blvd)
44.73,168,Queens,TBB S MANHATTAN LIFT SPAN - QUEENS ANCHORAGE
50.33,109,Staten Island,SIE E CLOVE ROAD - FINGERBOARD ROAD
9.32,739,Queens,TBB N QUEENS ANCHORAGE - BE N
44.73,35,Staten Island,SIE E WOOLEY AVENUE - BRADLEY AVENUE
10.56,607,Manhattan,12th ave @ 45th - 11 ave ganservoort st
47.84,161,Staten Island,440 N FRANCIS STREET - WSE N TYRELLAN AVE
47.22,98,Brooklyn,VNB E SI GANTRY UPPER LEVEL - BROOKLYN GANTRY UPPER LEVEL
29.82,215,Manhattan,BBT E Manhattan Portal - Toll Plaza
0.0,0,Staten Island,MLK S - SIE W WALKER STREET - RICHMOND AVENUE
55.92,106,Staten Island,SIE W FINGERBOARD ROAD - CLOVE ROAD
55.3,77,Brooklyn,GOW S 7TH AVENUE - 92ND STREET
50.33,124,Staten Island,WSE S BLLOMINGDALE ROAD - TYRELLAN AVENUE
52.81,145,Staten Island,440 N FRANCIS STREET - WSE N TYRELLAN AVE
49.08,80,Queens,LIE WB LITTLE NECK PKWY - NB CIP
47.84,170,Queens,TBB N QUEENS ANCHORAGE - MANHATTAN LIFT SPAN
39.76,404,Queens,CIP NB GCP - TNB
49.7,43,Brooklyn,GOW S VNB W 92ND STREET - BKLYN GANTRY LOWER LEVEL
54.05,102,Queens,Whitestone Expwy S Exit 14 (Linden Pl) - VWE S MP8.65 (Exit 13 Northern Blvd)
34.79,74,Manhattan,BKN Bridge Manhattan Side - FDR N Catherine Slip
51.57,89,Brooklyn,VNB W BROOKLYN GANTRY LOWER LEVEL - SI GANTRY LOWER LEVEL
14.91,179,Staten Island,SIE E SOUTH AVENUE - RICHMOND AVENUE
18.64,342,Manhattan,BBT E Manhattan Portal - Toll Plaza
58.4,85,Staten Island,WSE N BLOOMUINGDALE ROAD - ARDEN AVENUE
0.0,0,Brooklyn,GOW S 9TH STREET - 7TH AVENUE
52.19,127,Staten Island,SIE E BRADLEY AVENUE - CLOVE ROAD
24.23,391,Queens,LIE WB LITTLE NECK PKWY - NB CVE
32.93,152,Queens,LIE E 84TH ST - 108TH ST
20.5,487,Manhattan,FDR S 25th St - Catherine Slip
34.17,147,Manhattan,LINCOLN TUNNEL W NORTH TUBE NY - NJ
49.08,79,Staten Island,SIE E RICHMOND AVENUE - WOOLEY AVENUE
0.0,0,Staten Island,SIE W - MLK N WOOLEY AVENUE - WLAKER STREET
57.16,120,Queens,TNB N Queens Anchorage - Toll Plaza
44.11,449,Manhattan,Westside Hwy S GWB - 57th St
58.4,86,Queens,LIE E 84TH ST - 108TH ST
62.75,62,Staten Island,SIE W WOOLEY AVENUE - RICHMOND AVENUE
47.22,34,Staten Island,SIE E WOOLEY AVENUE - BRADLEY AVENUE
47.22,194,Queens,Belt Pkwy E 182nd St - Laurelton Pkwy N @ SSP
0.0,0,Bronx,CBE W L/LE V AMSTERDAM AVE - I 95 S LOC LNS
34.17,76,Manhattan,BKN Bridge Manhattan Side - FDR N Catherine Slip
44.73,161,Queens,MDE S TBB EXIT RAMP - QUEENS ANCHORAGE
0.0,0,Brooklyn,GOW N 7TH AVENUE - 9TH STREET
51.57,133,Queens,VWE S MP4.63 (Exit 6 Jamaica Ave) - MP2.66 (Exit 2 Roackaway Blvd)
52.81,101,Queens,VWE N MP8.64 (Exit 13 Northern Blvd) - Whitestone Expwy Exit 14 (Linden Pl)
26.09,411,Queens,VWE S MP2.66 (Exit 2 Rockaway Blvd) - Belt Pkwy E 182nd St
19.26,157,Queens,BE S TBB EXIT RAMP - MANHATTAN LIFT SPAN
18.01,301,Manhattan,LINCOLN TUNNEL E SOUTH TUBE - NJ - NY
45.36,47,Staten island,VNB W-SIE W SI GANTRY UPPER LEVEL - FINGERBOARD ROAD
41.01,201,Bronx,CBE E CASTLE HILL AVE - BE N WATERBURY AVE
50.95,105,Queens,VWE N MP8.64 (Exit 13 Northern Blvd) - Whitestone Expwy Exit 14 (Linden Pl)
41.63,200,Bronx,CBE W U/LEV AMSTERDAM AVE - I95 S EXP LNS
51.57,211,Queens,CIP S LIE - Hempstead Tpk
51.57,213,Queens,CIP S LIE - Hempstead Tpk
44.73,48,Brooklyn,VNB E-GOWANUS N BROOKLYN GANTRY LOWER LEVEL - 92ND STREET
53.43,53,Staten Island,WSE S SOUTH AVENUE - VICTORY BOULEVARD
41.01,287,Queens,CIP N LIE ramp - TNB
45.36,118,Queens,VWE N MP6.39 (Exit 11 Jewel Ave) - MP8.65 (Exit 13 Northern Blvd)
54.05,115,Staten Island,WSE S BLLOMINGDALE ROAD - TYRELLAN AVENUE
55.3,51,Staten Island,SIE W RICHMOND AVENUE - SOUTH AVENUE
57.16,138,Staten Island,WSE N ARDEN AVENUE - VICTORY BLVD
55.3,199,Queens,CIP N Hempstead Tpk - LIE
0.0,0,Brooklyn,GOW S 9TH STREET - 7TH AVENUE
56.54,195,Queens,CIP S LIE - Hempstead Tpk
52.19,144,Staten Island,WSE N TYRELLAN AVENUE - BLOOMINGDALE ROAD
45.98,120,Staten Island,SIE E CLOVE ROAD - FINGERBOARD ROAD
12.42,344,Bronx,MDE S HARLEM RIVER PARK - GWB W AMSTERDAM AVENUE UPPER LEVEL
18.01,428,Queens,Laurelton Pkwy N @ SSP - CIP N Hempstead Tpk
16.77,253,Bronx,CBE W MORRIS AVE - GWB W AMSTERDAM AVE (U/LVL)
39.76,187,Bronx,BE S Griswold - Castle Hill Avenue
32.31,170,Bronx,BRP N WATSON AVENUE - FORDHAM ROAD
56.54,66,Queens,Belt Pkwy W 182nd St - JFK Expressway
36.03,247,Queens,VWE N MP4.63 (Exit 6 - Jamaica Ave) - MP6.39 (Exit 11 Jewel Ave)
54.05,59,Staten Island,WSE N VICTORY BLVD - SOUTH AVENUE
49.08,29,Staten Island,SIE W BRADLEY AVENUE - WOOLEY AVENUE
49.08,94,Bronx,BWB S Toll Plaza - Queens Anchorage
31.06,225,Staten Island,SIE W - WSE S SOUTH AVENUE - SOUTH AVENUE
39.14,190,Bronx,BE N Castle Hill Avenue - Griswold Ave
37.28,173,Manhattan,BBT E Manhattan Portal - Toll Plaza
11.8,889,Queens,CIP N Hempstead Tpk - LIE
45.98,50,Staten Island,SIE E VNB E FINGERBOARD ROAD - SI GANTRY UPPER LEVEL
52.81,148,Staten Island,WSE N ARDEN AVENUE - VICTORY BLVD
7.45,599,Bronx,MDE S HARLEM RIVER PARK - GWB W AMSTERDAM AVENUE LOWER LEVEL
46.6,160,Queens,TBB S MANHATTAN LIFT SPAN - QUEENS ANCHORAGE
35.41,125,Bronx,BE S CASTLE HILL AVENUE - STRATFORD AVENUE
4.97,459,Manhattan,12th Ave S 57th St - 45th St
14.29,221,Manhattan,12th Ave N 40th - 57th St
61.51,84,Staten Island,WSE S ARDEN AVENUE - BLOOMINGDALE ROAD
48.46,110,Queens,VWE N MP8.64 (Exit 13 Northern Blvd) - Whitestone Expwy Exit 14 (Linden Pl)
20.5,348,Brooklyn,BQE N LEONARD STREET - 46TH STREET
43.49,49,Brooklyn,GOW S VNB W 92ND STREET - BKLYN GANTRY UPPER LEVEL
44.11,89,Staten Island,SIE E RICHMOND AVENUE - WOOLEY AVENUE
30.44,99,Queens,BE S TBB EXIT RAMP - MANHATTAN LIFT SPAN
0.0,0,Manhattan,BQE N Atlantic Ave - BKN Bridge Manhattan Side
47.84,156,Bronx,BE N Castle Hill Avenue - Griswold Ave
21.74,264,Manhattan,West St S Spring St - BBT Manhattan Portal outbound
19.88,212,Bronx,CBE E AMSTERDAM AVE(U/LVL) - MORRIS AVE
44.73,104,Brooklyn,VNB W BROOKLYN GANTRY UPPER LEVEL - SI GANTRY UPPER LEVEL
30.44,383,Queens,CIP N LIE ramp - TNB
34.17,187,Manhattan,BBT W Toll Plaza - Manhattan Portal
52.19,75,Staten Island,SIE E RICHMOND AVENUE - WOOLEY AVENUE
0.0,0,Staten Island,MLK S - SIE E WALKER STREET - WOOLEY AVENUE
29.82,130,Staten Island,SIE E RICHMOND AVENUE - WOOLEY AVENUE
52.19,82,Brooklyn,GOW S 7TH AVENUE - 92ND STREET
39.76,240,Queens,LIE WB LITTLE NECK PKWY - NB CVE
55.3,141,Staten Island,WSE N ARDEN AVENUE - VICTORY BLVD
44.11,48,Brooklyn,GOW S VNB W 92ND STREET - BKLYN GANTRY UPPER LEVEL
3.72,1456,Manhattan,LINCOLN TUNNEL W CENTER TUBE NY - NJ
32.31,276,Queens,VWE N MP4.63 (Exit 6 - Jamaica Ave) - MP6.39 (Exit 11 Jewel Ave)
8.69,282,Bronx,HRP S Lafayette Ave - BWB S Toll Plaza
18.01,491,Queens,VWE N MP4.63 (Exit 6 - Jamaica Ave) - MP6.39 (Exit 11 Jewel Ave)
45.98,46,Brooklyn,GOW S VNB W 92ND STREET - BKLYN GANTRY UPPER LEVEL
52.81,85,Bronx,HRP N LAFAYETTE AVENUE - E TREMONT AVENUE
11.18,367,Bronx,CBE W MORRIS AVE - GWB W AMSTERDAM AVE (U/LVL)
48.46,88,Brooklyn,GOW S 7TH AVENUE - 92ND STREET
52.81,219,Queens,CIP N TNB - Whitestone Expwy S Exit 14 (Linden Pl)
47.84,156,Bronx,BE N Castle Hill Avenue - Griswold Ave
44.11,169,Queens,TBB S MANHATTAN LIFT SPAN - QUEENS ANCHORAGE
43.49,49,Brooklyn,GOW S VNB W 92ND STREET - BKLYN GANTRY UPPER LEVEL
41.01,157,Manhattan,BBT E Manhattan Portal - Toll Plaza
0.0,0,Manhattan,BQE N Atlantic Ave - MAN Bridge Manhattan Side
41.01,56,Staten Island,SIE E VNB E FINGERBOARD ROAD - SI GANTRY UPPER LEVEL
1.86,4063,Bronx,CBE W L/LE V AMSTERDAM AVE - I 95 S LOC LNS
0.0,0,Staten Island,MLK N WALKER STREET - NJ ROUTE 169
50.33,28,Staten Island,SIE W BRADLEY AVENUE - WOOLEY AVENUE
52.81,40,Brooklyn,VNB E-GOWANUS N BROOKLYN GANTRY LOWER LEVEL - 92ND STREET
26.09,275,Queens,TBB N QUEENS ANCHORAGE - BE N
49.7,158,Staten Island,WSE S VICTORY BOULEVARD - ARDEN AVENUE
55.92,80,Bronx,HRP N LAFAYETTE AVENUE - E TREMONT AVENUE
58.4,157,Queens,Belt Pkwy E 182nd St - Laurelton Pkwy N @ SSP
44.11,100,Bronx,BE S CASTLE HILL AVENUE - STRATFORD AVENUE
13.04,248,Manhattan,12th Ave N 40th - 57th St
20.5,259,Queens,VWE N MP8.64 (Exit 13 Northern Blvd) - Whitestone Expwy Exit 14 (Linden Pl)
5.59,698,Bronx,CBE W MORRIS AVE - GWB W AMSTERDAM AVE (L/LVL)
57.16,161,Queens,Laurelton Pkwy S @ SSP - Belt Pkwy W 182nd St
6.21,756,Bronx,MDE N RFK Bridge - 142nd St
58.4,157,Queens,Laurelton Pkwy S @ SSP - Belt Pkwy W 182nd St
32.93,162,Queens,VWE N MP8.64 (Exit 13 Northern Blvd) - Whitestone Expwy Exit 14 (Linden Pl)
26.09,446,Queens,CIP N TNB - Whitestone Expwy S Exit 14 (Linden Pl)
49.08,54,Queens,TNB S Qns Anchorage - CIP S @ TNB
43.49,140,Staten Island,WSE N-SIE E SOUTH AVENUE - SOUTH AVENUE
3.1,692,Bronx,BWB N Toll Plaza - HRP N Lafayatte Ave
18.01,179,Manhattan,12th Ave N 40th - 57th St
6.83,614,Bronx,CBE W MORRIS AVE - GWB W AMSTERDAM AVE (L/LVL)
48.46,96,Brooklyn,VNB W BROOKLYN GANTRY UPPER LEVEL - SI GANTRY UPPER LEVEL
24.85,85,Brooklyn,GOW S VNB W 92ND STREET - BKLYN GANTRY UPPER LEVEL
46.6,30,Staten Island,SIE W BRADLEY AVENUE - WOOLEY AVENUE
54.05,153,Bronx,CBE E CASTLE HILL AVE - BE N WATERBURY AVE
56.54,121,Queens,TNB N Queens Anchorage - Toll Plaza
36.03,178,Manhattan,BBT E Manhattan Portal - Toll Plaza
49.08,94,Brooklyn,VNB W BROOKLYN GANTRY LOWER LEVEL - SI GANTRY LOWER LEVEL
50.95,108,Staten Island,SIE E CLOVE ROAD - FINGERBOARD ROAD
39.76,40,Staten Island,SIE E WOOLEY AVENUE - BRADLEY AVENUE
57.78,86,Queens,LIE E 84TH ST - 108TH ST
52.19,81,Brooklyn,GOW S 7TH AVENUE - 92ND STREET
55.3,71,Staten Island,SIE E RICHMOND AVENUE - WOOLEY AVENUE
37.9,63,Manhattan,FDR N - TBB E 116TH STREET - MANHATTAN TRUSS
22.99,355,Bronx,CBE W U/LEV AMSTERDAM AVE - I95 S EXP LNS
57.16,24,Staten Island,SIE W BRADLEY AVENUE - WOOLEY AVENUE
56.54,108,Staten Island,WSE N-SIE E SOUTH AVENUE - SOUTH AVENUE
10.56,394,Bronx,MDE S HARLEM RIVER PARK - GWB W AMSTERDAM AVENUE UPPER LEVEL
54.68,84,Brooklyn,VNB W BROOKLYN GANTRY LOWER LEVEL - SI GANTRY LOWER LEVEL
56.54,123,Staten Island,SIE W - WSE S SOUTH AVENUE - SOUTH AVENUE
21.12,577,Queens,Belt Pkwy W JFK Expressway - VWE N Jamaica Ave
0.0,0,Manhattan,LINCOLN TUNNEL E CENTER TUBE NJ - NY
56.54,95,Queens,VWE N MP6.39 (Exit 11 Jewel Ave) - MP8.65 (Exit 13 Northern Blvd)
0.0,0,Bronx,BRP S FORDHAM ROAD - WATSON AVENUE
1.86,4102,Bronx,CBE W L/LE V AMSTERDAM AVE - I 95 S LOC LNS
40.38,490,Manhattan,Westside Hwy N 57th St - GWB
0.0,0,Bronx,BE S Griswold - Castle Hill Avenue
52.19,143,Bronx,BE S Griswold - Castle Hill Avenue
0.0,0,Manhattan,LINCOLN TUNNEL E SOUTH TUBE - NJ - NY
58.4,86,Staten Island,WSE N BLOOMUINGDALE ROAD - ARDEN AVENUE
41.63,476,Manhattan,Westside Hwy N 57th St - GWB
31.68,263,Bronx,CBE W U/LEV AMSTERDAM AVE - I95 S EXP LNS
33.55,130,Bronx,MDE S HARLEM RIVER PARK - GWB W AMSTERDAM AVENUE UPPER LEVEL
63.37,81,Staten Island,WSE S ARDEN AVENUE - BLOOMINGDALE ROAD
43.49,370,Queens,CIP NB GCP - TNB
59.03,118,Staten Island,SIE W - WSE S SOUTH AVENUE - SOUTH AVENUE
0.0,0,Brooklyn,BQE S - GOW S ALTANTIC AVENUE - 9TH STREET
0.0,0,Staten Island,MLK S - SIE E WALKER STREET - WOOLEY AVENUE
36.66,314,Queens,CIP N TNB - Whitestone Expwy S Exit 14 (Linden Pl)
15.53,477,Manhattan,GWB E LOWER LEVEL PLAZA - CBE E LOWER LEVEL AMSTERDAM AVE
27.34,110,Queens,BE S TBB EXIT RAMP - MANHATTAN LIFT SPAN
57.16,202,Queens,CIP N TNB - Whitestone Expwy S Exit 14 (Linden Pl)
21.12,123,Manhattan,FDR S Catherine Slip - BKN Bridge Manhattan Side
56.54,138,Staten Island,WSE S VICTORY BOULEVARD - ARDEN AVENUE
29.2,169,Queens,LIE E 84TH ST - 108TH ST
48.46,52,Bronx,CBE W CASTLE HILL AVENUE - TAYLOR AVENUE
53.43,137,Manhattan,GWB E LOWER LEVEL PLAZA - CBE E LOWER LEVEL AMSTERDAM AVE
29.82,166,Manhattan,LINCOLN TUNNEL W NORTH TUBE NY - NJ
56.54,88,Staten Island,WSE N BLOOMUINGDALE ROAD - ARDEN AVENUE
37.9,196,Queens,TBB S MANHATTAN LIFT SPAN - QUEENS ANCHORAGE
57.16,78,Bronx,HRP N LAFAYETTE AVENUE - E TREMONT AVENUE
15.53,206,Manhattan,11th ave s ganservoort - west st @ spring st
8.07,1508,Queens,Belt Pkwy W JFK Expressway - VWE N Jamaica Ave
32.93,185,Staten Island,WSE N-SIE E SOUTH AVENUE - SOUTH AVENUE
48.46,189,Queens,Laurelton Pkwy S @ SSP - Belt Pkwy W 182nd St
0.0,0,Staten Island,MLK N WALKER STREET - NJ ROUTE 169
56.54,56,Staten Island,WSE N VICTORY BLVD - SOUTH AVENUE
54.68,78,Bronx,CBE W MORRIS AVE - GWB W AMSTERDAM AVE (U/LVL)
9.32,570,Manhattan,11th ave n ganservoort - 12th ave @ 40th st
47.22,98,Brooklyn,VNB E SI GANTRY LOWER LEVEL - BROOLKYN GANTRY LOWER LEVEL
0.0,0,Bronx,BRP S FORDHAM ROAD - WATSON AVENUE
59.65,184,Queens,CIP S LIE - Hempstead Tpk
47.22,98,Brooklyn,VNB W BROOKLYN GANTRY UPPER LEVEL - SI GANTRY UPPER LEVEL
52.19,89,Bronx,BWB S Toll Plaza - Queens Anchorage
0.0,0,Manhattan,BQE N Atlantic Ave - BKN Bridge Manhattan Side
13.67,236,Manhattan,12th Ave N 40th - 57th St
44.11,48,Brooklyn,VNB E-GOWANUS N BROOKLYN GANTRY UPPER LEVEL - 92ND STREET
57.78,130,Bronx,BE N Castle Hill Avenue - Griswold Ave
14.29,224,Manhattan,12th Ave N 40th - 57th St
46.6,46,Brooklyn,GOW S VNB W 92ND STREET - BKLYN GANTRY UPPER LEVEL
47.84,45,Queens,CIP N ramp to TNB - TNB Queens Anchorage
57.78,129,Bronx,BE N Castle Hill Avenue - Griswold Ave
15.53,280,Bronx,MDE S HARLEM RIVER PARK - GWB W AMSTERDAM AVENUE LOWER LEVEL
62.75,118,Manhattan,GWB E LOWER LEVEL PLAZA - CBE E LOWER LEVEL AMSTERDAM AVE
37.28,316,Queens,CIP N LIE ramp - TNB
58.4,187,Queens,CIP S LIE - Hempstead Tpk
18.64,75,Staten Island,SIE W BRADLEY AVENUE - WOOLEY AVENUE
37.28,245,Queens,Belt Pkwy E 182nd St - Laurelton Pkwy N @ SSP
44.73,51,Staten Island,SIE E VNB E FINGERBOARD ROAD - SI GANTRY UPPER LEVEL
43.49,117,Bronx,MDE N RFK Bridge - 142nd St
8.07,406,Manhattan,11th ave s ganservoort - west st @ spring st
53.43,179,Queens,LIE WB LITTLE NECK PKWY - NB CVE
37.9,180,Queens,TNB N Queens Anchorage - Toll Plaza
37.9,56,Staten Island,VNB W-SIE W SI GANTRY LOWER LEVEL - FINGERBOARD ROAD
0.0,0,Manhattan,BQE N Atlantic Ave - BKN Bridge Manhattan Side
0.0,0,Staten Island,440 N FRANCIS STREET - WSE N TYRELLAN AVE
22.99,521,Queens,Belt Pkwy W JFK Expressway - VWE N Jamaica Ave
4.97,453,Manhattan,12th Ave S 57th St - 45th St
46.6,54,Bronx,CBE W CASTLE HILL AVENUE - TAYLOR AVENUE
31.06,126,Queens,LIE WB LITTLE NECK PKWY - NB CIP
42.87,49,Brooklyn,GOW S VNB W 92ND STREET - BKLYN GANTRY UPPER LEVEL
49.08,104,Bronx,MDE N RFK Bridge - 142nd St
37.9,69,Manhattan,BKN Bridge Manhattan Side - FDR N Catherine Slip
16.15,326,Manhattan,11th ave n ganservoort - 12th ave @ 40th st
45.36,184,Bronx,CBE E CASTLE HILL AVE - BE N WATERBURY AVE
39.76,163,Manhattan,BBT E Manhattan Portal - Toll Plaza
17.39,257,Bronx,HRP N LAFAYETTE AVENUE - E TREMONT AVENUE
49.08,51,Bronx,BWB N Toll Plaza - HRP N Lafayatte Ave
56.54,138,Staten Island,WSE S VICTORY BOULEVARD - ARDEN AVENUE
0.0,0,Brooklyn,GOW S 9TH STREET - 7TH AVENUE
36.66,245,Queens,VWE S MP6.39 (Exit 11 Jewel Ave) - MP4.63 (Exit 6 Jamaica Ave)
14.29,148,Staten island,VNB W-SIE W SI GANTRY UPPER LEVEL - FINGERBOARD ROAD
41.01,60,Bronx,HRP S Lafayette Ave - BWB S Toll Plaza
25.47,211,Manhattan,QMT E Manhattan Side - Toll Plaza
10.56,659,Queens,TBB N QUEENS ANCHORAGE - BE N
52.81,48,Bronx,CBE E TAYLOR AVENUE - CASTLE HILL AVENUE
26.71,307,Bronx,CBE W U/LEV AMSTERDAM AVE - I95 S EXP LNS
12.42,261,Manhattan,11th ave s ganservoort - west st @ spring st
13.67,389,Queens,QMT W Toll Plaza - Manhattan Side
0.0,0,Staten Island,MLK N WALKER STREET - NJ ROUTE 169
52.19,75,Staten Island,SIE E RICHMOND AVENUE - WOOLEY AVENUE
45.36,47,Brooklyn,VNB E-GOWANUS N BROOKLYN GANTRY UPPER LEVEL - 92ND STREET
0.0,0,Queens,LIE WB LITTLE NECK PKWY - NB CIP
22.36,321,Brooklyn,BQE N LEONARD STREET - 46TH STREET
60.27,275,Queens,CVE NB GCP - WILLETS PT BLVD
52.19,184,Queens,LIE WB LITTLE NECK PKWY - NB CVE
42.87,188,Queens,TBB N QUEENS ANCHORAGE - MANHATTAN LIFT SPAN
60.89,26,Staten Island,SIE E WOOLEY AVENUE - BRADLEY AVENUE
54.68,84,Queens,BWB N Queens Anchorage - Toll Plaza
59.65,154,Queens,Belt Pkwy E 182nd St - Laurelton Pkwy N @ SSP
0.0,0,Staten Island,SIE E-MLK N RICHMOND AVENUE - WALKER STREET
0.0,0,Staten Island,SIE W - MLK N WOOLEY AVENUE - WLAKER STREET
13.67,393,Manhattan,LINCOLN TUNNEL E SOUTH TUBE - NJ - NY
42.25,469,Manhattan,Westside Hwy N 57th St - GWB
8.69,456,Brooklyn,GOW N 9TH STREET - ATLANTIC AVENUE
0.0,0,Staten Island,SIE W - MLK N WOOLEY AVENUE - WLAKER STREET
19.26,636,Queens,Belt Pkwy W JFK Expressway - VWE N Jamaica Ave
54.05,49,Staten Island,SIE E SOUTH AVENUE - RICHMOND AVENUE
47.84,134,Queens,BWB S Queens Anchorage - WSE S Exit 14 (Linden Pl)
24.23,221,Queens,VWE S MP8.65 (Exit 13 Northern Blvd) - MP6.39 (Exit 11 Jewel Ave)
42.87,103,Bronx,MDE S HARLEM RIVER PARK - GWB W AMSTERDAM AVENUE LOWER LEVEL
47.22,116,Queens,Whitestone Expwy S Exit 14 (Linden Pl) - VWE S MP8.65 (Exit 13 Northern Blvd)
41.01,51,Brooklyn,VNB E-GOWANUS N BROOKLYN GANTRY UPPER LEVEL - 92ND STREET
42.87,87,Queens,Belt Pkwy W 182nd St - JFK Expressway
52.19,132,Queens,VWE S MP4.63 (Exit 6 Jamaica Ave) - MP2.66 (Exit 2 Roackaway Blvd)
20.5,351,Brooklyn,BQE N LEONARD STREET - 46TH STREET
0.0,0,Staten Island,SIE E-MLK N RICHMOND AVENUE - WALKER STREET
16.15,449,Bronx,BE S Griswold - Castle Hill Avenue
46.6,54,Bronx,HRP S Lafayette Ave - BWB S Toll Plaza
32.93,119,Queens,LIE WB LITTLE NECK PKWY - NB CIP
13.67,777,Queens,VWE S MP2.66 (Exit 2 Rockaway Blvd) - Belt Pkwy E 182nd St
0.0,0,Brooklyn,GOW N 9TH STREET - ATLANTIC AVENUE
45.98,155,Brooklyn,BQE S 46TH STREET - LEONARD STREET
50.95,105,Queens,VWE S MP8.65 (Exit 13 Northern Blvd) - MP6.39 (Exit 11 Jewel Ave)
21.74,120,Manhattan,FDR S Catherine Slip - BKN Bridge Manhattan Side
40.38,114,Brooklyn,VNB E SI GANTRY UPPER LEVEL - BROOKLYN GANTRY UPPER LEVEL
42.87,58,Bronx,HRP S Lafayette Ave - BWB S Toll Plaza
19.88,269,Queens,VWE N MP6.39 (Exit 11 Jewel Ave) - MP8.65 (Exit 13 Northern Blvd)
49.08,95,Brooklyn,VNB W BROOKLYN GANTRY UPPER LEVEL - SI GANTRY UPPER LEVEL
59.03,133,Staten Island,WSE S VICTORY BOULEVARD - ARDEN AVENUE
16.77,169,Staten Island,WSE S SOUTH AVENUE - VICTORY BOULEVARD
56.54,107,Staten Island,WSE N-SIE E SOUTH AVENUE - SOUTH AVENUE
45.36,51,Staten Island,SIE E VNB E FINGERBOARD ROAD - SI GANTRY UPPER LEVEL
14.29,511,Queens,TBB N QUEENS ANCHORAGE - BE N
34.79,72,Bronx,CBE W CASTLE HILL AVENUE - TAYLOR AVENUE
59.03,278,Queens,CVE NB GCP - WILLETS PT BLVD
53.43,53,Staten Island,WSE S SOUTH AVENUE - VICTORY BOULEVARD
57.16,68,Staten Island,SIE E RICHMOND AVENUE - WOOLEY AVENUE
41.63,180,Queens,TBB S MANHATTAN LIFT SPAN - QUEENS ANCHORAGE
0.0,0,Staten Island,MLK S - SIE W WALKER STREET - RICHMOND AVENUE
47.22,194,Queens,Belt Pkwy E 182nd St - Laurelton Pkwy N @ SSP
49.7,192,Queens,LIE WB LITTLE NECK PKWY - NB CVE
8.07,2295,Manhattan,Westside Hwy N 57th St - GWB
9.94,259,Manhattan,BKN Bridge Manhattan Side - FDR N Catherine Slip
34.17,199,Manhattan,FDR S 63rd - 25th St
19.88,268,Manhattan,11th ave n ganservoort - 12th ave @ 40th st
34.79,133,Brooklyn,VNB E SI GANTRY UPPER LEVEL - BROOKLYN GANTRY UPPER LEVEL
12.42,339,Bronx,CBE W MORRIS AVE - GWB W AMSTERDAM AVE (L/LVL)
52.81,88,Brooklyn,VNB E SI GANTRY LOWER LEVEL - BROOLKYN GANTRY LOWER LEVEL
58.4,49,Staten Island,SIE W RICHMOND AVENUE - SOUTH AVENUE
41.63,262,Queens,CIP S LIE - Hempstead Tpk
42.25,55,Staten Island,SIE E VNB E FINGERBOARD ROAD - SI GANTRY LOWER LEVEL
52.19,81,Brooklyn,GOW N 92ND STREET - 7TH AVENUE
16.15,458,Manhattan,GWB E LOWER LEVEL PLAZA - CBE E LOWER LEVEL AMSTERDAM AVE
47.22,105,Queens,LIE W 108TH ST - 84TH ST
0.0,0,Manhattan,BQE N Atlantic Ave - BKN Bridge Manhattan Side
46.6,83,Staten Island,SIE E RICHMOND AVENUE - WOOLEY AVENUE
43.49,126,Staten Island,SIE E CLOVE ROAD - FINGERBOARD ROAD
37.9,112,Bronx,CBE AMSTERDAM AVE (L/LVL) - MORRIS AVE
34.79,290,Manhattan,FDR N Catherine Slip - 25th St
0.0,0,Bronx,BE N STRATFORD AVENUE - CASTLE HILL AVE
34.79,223,Queens,Laurelton Pkwy N @ SSP - CIP N Hempstead Tpk
54.05,139,Staten Island,WSE N TYRELLAN AVENUE - BLOOMINGDALE ROAD
0.0,0,Bronx,BRP S FORDHAM ROAD - WATSON AVENUE
48.46,44,Staten Island,VNB W-SIE W SI GANTRY LOWER LEVEL - FINGERBOARD ROAD
45.98,108,Queens,LIE W 108TH ST - 84TH ST
58.4,104,Staten Island,WSE N-SIE E SOUTH AVENUE - SOUTH AVENUE
39.14,209,Bronx,I-87 NYST S Exit 1 - MDE S Van Cortlandt Park
44.73,48,Brooklyn,VNB E-GOWANUS N BROOKLYN GANTRY LOWER LEVEL - 92ND STREET
45.36,165,Bronx,BE N Castle Hill Avenue - Griswold Ave
47.22,202,Queens,LIE WB LITTLE NECK PKWY - NB CVE
24.23,294,Brooklyn,BQE N LEONARD STREET - 46TH STREET
42.87,129,Bronx,BRP N WATSON AVENUE - FORDHAM ROAD
7.45,803,Manhattan,12th ave @ 45th - 11 ave ganservoort st
14.29,185,Staten Island,SIE E SOUTH AVENUE - RICHMOND AVENUE
9.32,567,Manhattan,11th ave n ganservoort - 12th ave @ 40th st
16.15,616,Manhattan,FDR N Catherine Slip - 25th St
45.36,141,Queens,Whitestone Expwy N Exit 14 (Linden Pl) - BWB N Queens Anchorage
46.6,100,Brooklyn,VNB W BROOKLYN GANTRY UPPER LEVEL - SI GANTRY UPPER LEVEL
0.0,0,Staten Island,ROUTE 169 S - MLK WALKER STREET
0.0,0,Bronx,BRP S FORDHAM ROAD - WATSON AVENUE
55.92,99,Staten Island,SIE E CLOVE ROAD - FINGERBOARD ROAD
54.05,202,Queens,CVE NB LIE - WILLETS PT BLVD
54.68,144,Staten Island,WSE S VICTORY BOULEVARD - ARDEN AVENUE
49.08,43,Brooklyn,VNB E-GOWANUS N BROOKLYN GANTRY UPPER LEVEL - 92ND STREET
36.03,248,Queens,VWE N MP4.63 (Exit 6 - Jamaica Ave) - MP6.39 (Exit 11 Jewel Ave)
0.0,0,Queens,BE S TBB EXIT RAMP - QUEENS ANCHORAGE
49.7,50,Bronx,HRP S Lafayette Ave - BWB S Toll Plaza
0.0,0,Queens,BE S TBB EXIT RAMP - QUEENS ANCHORAGE
57.78,136,Staten Island,WSE N ARDEN AVENUE - VICTORY BLVD
37.28,64,Manhattan,TBB W - FDR S MANHATTAN TRUSS - E116TH STREET
47.84,158,Queens,CIP S Hempstead Tpk - Laurelton Pkwy @ SSP
0.0,0,Brooklyn,BQE S - GOW S ALTANTIC AVENUE - 9TH STREET
39.76,59,Manhattan,FDR N - TBB E 116TH STREET - MANHATTAN TRUSS
41.63,57,Manhattan,TBB W - FDR S MANHATTAN TRUSS - E116TH STREET
50.95,135,Queens,TNB N Queens Anchorage - Toll Plaza
0.0,0,Staten Island,MLK S - SIE E WALKER STREET - WOOLEY AVENUE
52.81,182,Queens,LIE WB LITTLE NECK PKWY - NB CVE
0.0,0,Staten Island,ROUTE 169 S - MLK WALKER STREET
43.49,190,Bronx,CBE E CASTLE HILL AVE - BE N WATERBURY AVE
61.51,52,Staten Island,WSE N VICTORY BLVD - SOUTH AVENUE
13.04,486,Manhattan,12th ave @ 45th - 11 ave ganservoort st
41.01,64,Manhattan,FDR S Catherine Slip - BKN Bridge Manhattan Side
53.43,309,Queens,CVE NB GCP - WILLETS PT BLVD
42.25,92,Queens,LIE WB LITTLE NECK PKWY - NB CIP
53.43,147,Staten Island,WSE S VICTORY BOULEVARD - ARDEN AVENUE
24.23,439,Queens,VWE S MP2.66 (Exit 2 Rockaway Blvd) - Belt Pkwy E 182nd St
24.23,218,Manhattan,QMT E Manhattan Side - Toll Plaza
58.4,85,Staten Island,WSE N BLOOMUINGDALE ROAD - ARDEN AVENUE
18.64,302,Manhattan,West St S Spring St - BBT Manhattan Portal outbound
51.57,118,Staten Island,WSE N-SIE E SOUTH AVENUE - SOUTH AVENUE
54.68,39,Staten Island,VNB W-SIE W SI GANTRY LOWER LEVEL - FINGERBOARD ROAD
14.91,354,Queens,QMT W Toll Plaza - Manhattan Side
0.0,0,Queens,BE S TBB EXIT RAMP - QUEENS ANCHORAGE
51.57,125,Queens,BWB S Queens Anchorage - WSE S Exit 14 (Linden Pl)
4.97,424,Manhattan,12th Ave S 57th St - 45th St
22.99,114,Manhattan,FDR S Catherine Slip - BKN Bridge Manhattan Side
36.03,301,Queens,VWE S MP2.66 (Exit 2 Rockaway Blvd) - Belt Pkwy E 182nd St
24.85,219,Manhattan,LINCOLN TUNNEL E SOUTH TUBE - NJ - NY
43.49,452,Manhattan,Westside Hwy N 57th St - GWB
0.0,0,Manhattan,BBT W Toll Plaza - Manhattan Portal
41.63,122,Bronx,MDE N RFK Bridge - 142nd St
51.57,27,Staten Island,SIE W BRADLEY AVENUE - WOOLEY AVENUE
45.98,195,Queens,VWE S MP6.39 (Exit 11 Jewel Ave) - MP4.63 (Exit 6 Jamaica Ave)
0.0,0,Staten Island,MLK S - SIE E WALKER STREET - WOOLEY AVENUE
0.0,0,Manhattan,BQE N Atlantic Ave - BKN Bridge Manhattan Side
55.92,106,Staten Island,SIE W FINGERBOARD ROAD - CLOVE ROAD
23.61,483,Queens,CIP N TNB - Whitestone Expwy S Exit 14 (Linden Pl)
57.78,49,Staten Island,SIE W RICHMOND AVENUE - SOUTH AVENUE
45.36,122,Bronx,BRP N WATSON AVENUE - FORDHAM ROAD
35.41,157,Manhattan,LINCOLN TUNNEL E SOUTH TUBE - NJ - NY
49.7,44,Queens,CIP N ramp to TNB - TNB Queens Anchorage
3.72,571,Manhattan,12th Ave S 57th St - 45th St
52.81,111,Staten Island,SIE W FINGERBOARD ROAD - CLOVE ROAD
52.19,89,Brooklyn,VNB E SI GANTRY LOWER LEVEL - BROOLKYN GANTRY LOWER LEVEL
53.43,84,Bronx,HRP N LAFAYETTE AVENUE - E TREMONT AVENUE
44.11,230,Manhattan,FDR N Catherine Slip - 25th St
14.91,472,Brooklyn,BQE S 46TH STREET - LEONARD STREET
41.01,183,Queens,CIP S Hempstead Tpk - Laurelton Pkwy @ SSP
6.21,923,Manhattan,West St S Spring St - BBT Manhattan Portal outbound
19.88,283,Manhattan,West St S Spring St - BBT Manhattan Portal outbound
14.91,480,Queens,TBB N QUEENS ANCHORAGE - BE N
59.65,276,Queens,CVE NB GCP - WILLETS PT BLVD
51.57,138,Brooklyn,BQE N LEONARD STREET - 46TH STREET
0.0,0,Staten Island,MLK S - SIE W WALKER STREET - RICHMOND AVENUE
11.8,451,Manhattan,LINCOLN TUNNEL E SOUTH TUBE - NJ - NY
14.29,396,Manhattan,West St S Spring St - BBT Manhattan Portal outbound
60.27,97,Staten Island,SIE W FINGERBOARD ROAD - CLOVE ROAD
51.57,72,Queens,Belt Pkwy W 182nd St - JFK Expressway
63.37,62,Staten Island,SIE W WOOLEY AVENUE - RICHMOND AVENUE
39.14,101,Staten Island,SIE W WOOLEY AVENUE - RICHMOND AVENUE
9.94,634,Manhattan,12th ave @ 45th - 11 ave ganservoort st
22.36,309,Queens,VWE S MP4.63 (Exit 6 Jamaica Ave) - MP2.66 (Exit 2 Roackaway Blvd)
33.55,582,Manhattan,Westside Hwy S GWB - 57th St
13.67,236,Manhattan,12th Ave N 40th - 57th St
42.87,99,Bronx,CBE W MORRIS AVE - GWB W AMSTERDAM AVE (U/LVL)
18.64,145,Queens,TNB S Qns Anchorage - CIP S @ TNB
49.7,231,Queens,CIP N TNB - Whitestone Expwy S Exit 14 (Linden Pl)
52.19,148,Staten Island,WSE S TYRELLAN AVENUE - 440 S FRANCIS STREET
50.95,126,Queens,Whitestone Expwy N Exit 14 (Linden Pl) - BWB N Queens Anchorage
31.68,173,Manhattan,LINCOLN TUNNEL W CENTER TUBE NY - NJ
54.68,137,Staten Island,WSE N TYRELLAN AVENUE - BLOOMINGDALE ROAD
0.0,0,Brooklyn,GOW N 7TH AVENUE - 9TH STREET
16.77,192,Manhattan,12th Ave N 40th - 57th St
10.56,397,Bronx,CBE W MORRIS AVE - GWB W AMSTERDAM AVE (L/LVL)
40.38,57,Staten Island,SIE E VNB E FINGERBOARD ROAD - SI GANTRY LOWER LEVEL
47.22,158,Queens,TBB S MANHATTAN LIFT SPAN - QUEENS ANCHORAGE
56.54,139,Staten Island,WSE N ARDEN AVENUE - VICTORY BLVD
0.0,0,Staten Island,ROUTE 169 S - MLK WALKER STREET
57.78,49,Staten Island,SIE W RICHMOND AVENUE - SOUTH AVENUE
17.39,624,Queens,VWE S MP2.66 (Exit 2 Rockaway Blvd) - Belt Pkwy E 182nd St
53.43,129,Queens,TNB N Queens Anchorage - Toll Plaza
50.33,85,Brooklyn,GOW S 7TH AVENUE - 92ND STREET
0.0,0,Staten Island,SIE W - MLK N WOOLEY AVENUE - WLAKER STREET
0.0,0,Queens,MDE S TBB EXIT RAMP - QUEENS ANCHORAGE
10.56,523,Manhattan,LINCOLN TUNNEL E SOUTH TUBE - NJ - NY
54.68,199,Queens,CIP N Hempstead Tpk - LIE
57.78,119,Queens,VWE S MP4.63 (Exit 6 Jamaica Ave) - MP2.66 (Exit 2 Roackaway Blvd)
51.57,319,Queens,CVE NB GCP - WILLETS PT BLVD
54.05,176,Queens,LIE WB LITTLE NECK PKWY - NB CVE
49.08,131,Queens,BWB S Queens Anchorage - WSE S Exit 14 (Linden Pl)
6.83,364,Staten Island,SIE E SOUTH AVENUE - RICHMOND AVENUE
31.06,326,Manhattan,FDR N Catherine Slip - 25th St
28.58,151,Bronx,MDE S HARLEM RIVER PARK - GWB W AMSTERDAM AVENUE UPPER LEVEL
36.03,248,Queens,VWE S MP6.39 (Exit 11 Jewel Ave) - MP4.63 (Exit 6 Jamaica Ave)
44.73,48,Brooklyn,GOW S VNB W 92ND STREET - BKLYN GANTRY LOWER LEVEL
52.81,122,Queens,Whitestone Expwy N Exit 14 (Linden Pl) - BWB N Queens Anchorage
57.16,288,Queens,CVE NB GCP - WILLETS PT BLVD
31.06,250,Queens,Laurelton Pkwy N @ SSP - CIP N Hempstead Tpk
0.0,0,Staten Island,SIE E-MLK N RICHMOND AVENUE - WALKER STREET
51.57,132,Queens,TNB N Queens Anchorage - Toll Plaza
5.59,731,Bronx,MDE S HARLEM RIVER PARK - GWB W AMSTERDAM AVENUE LOWER LEVEL
16.77,85,Staten Island,SIE W BRADLEY AVENUE - WOOLEY AVENUE
48.46,51,Bronx,HRP S Lafayette Ave - BWB S Toll Plaza
62.13,112,Staten Island,SIE W - WSE S SOUTH AVENUE - SOUTH AVENUE
52.19,147,Staten Island,440 N FRANCIS STREET - WSE N TYRELLAN AVE
13.04,413,Queens,VWE S MP8.65 (Exit 13 Northern Blvd) - MP6.39 (Exit 11 Jewel Ave)
11.18,441,Bronx,MDE N RFK Bridge - 142nd St
46.6,53,Bronx,HRP S Lafayette Ave - BWB S Toll Plaza
51.57,228,Queens,CIP N LIE ramp - TNB
47.22,146,Queens,TNB S Toll Plaza - Queens Anchorage
0.0,0,Staten Island,SIE W - MLK N WOOLEY AVENUE - WLAKER STREET
38.52,69,Staten Island,SIE E SOUTH AVENUE - RICHMOND AVENUE
45.98,194,Queens,VWE N MP4.63 (Exit 6 - Jamaica Ave) - MP6.39 (Exit 11 Jewel Ave)
13.67,469,Queens,Whitestone Expwy N Exit 14 (Linden Pl) - BWB N Queens Anchorage
13.67,166,Manhattan,12th Ave S 57th St - 45th St
41.63,110,Queens,BWB N Queens Anchorage - Toll Plaza
49.08,135,Staten Island,SIE E BRADLEY AVENUE - CLOVE ROAD
14.91,279,Bronx,CBE AMSTERDAM AVE (L/LVL) - MORRIS AVE
49.08,94,Brooklyn,VNB W BROOKLYN GANTRY UPPER LEVEL - SI GANTRY UPPER LEVEL
27.34,390,Queens,VWE S MP2.66 (Exit 2 Rockaway Blvd) - Belt Pkwy E 182nd St
60.27,130,Staten Island,WSE S VICTORY BOULEVARD - ARDEN AVENUE
60.27,134,Bronx,I-87 NYST S Exit 1 - MDE S Van Cortlandt Park
52.81,104,Staten Island,SIE E CLOVE ROAD - FINGERBOARD ROAD
46.6,84,Staten Island,SIE E RICHMOND AVENUE - WOOLEY AVENUE
48.46,51,Bronx,BWB N Toll Plaza - HRP N Lafayatte Ave
14.91,365,Manhattan,LINCOLN TUNNEL E SOUTH TUBE - NJ - NY
43.49,49,Brooklyn,GOW S VNB W 92ND STREET - BKLYN GANTRY UPPER LEVEL
0.0,0,Manhattan,BQE N Atlantic Ave - BKN Bridge Manhattan Side
59.03,79,Bronx,BE N STRATFORD AVENUE - CASTLE HILL AVE
55.92,82,Brooklyn,VNB E SI GANTRY LOWER LEVEL - BROOLKYN GANTRY LOWER LEVEL
16.77,408,Queens,TNB S Toll Plaza - Queens Anchorage
55.92,95,Queens,VWE N MP8.64 (Exit 13 Northern Blvd) - Whitestone Expwy Exit 14 (Linden Pl)
45.36,55,Bronx,CBE E TAYLOR AVENUE - CASTLE HILL AVENUE
44.73,47,Brooklyn,GOW S VNB W 92ND STREET - BKLYN GANTRY LOWER LEVEL
20.5,272,Manhattan,West St S Spring St - BBT Manhattan Portal outbound
44.11,105,Bronx,BWB S Toll Plaza - Queens Anchorage
55.92,118,Staten Island,SIE E BRADLEY AVENUE - CLOVE ROAD
41.01,182,Queens,TBB S MANHATTAN LIFT SPAN - QUEENS ANCHORAGE
55.3,106,Staten Island,SIE W FINGERBOARD ROAD - CLOVE ROAD
33.55,80,Staten Island,SIE E SOUTH AVENUE - RICHMOND AVENUE
49.08,403,Manhattan,Westside Hwy N 57th St - GWB
10.56,518,Manhattan,West St S Spring St - BBT Manhattan Portal outbound
52.81,119,Staten Island,WSE S BLLOMINGDALE ROAD - TYRELLAN AVENUE
36.66,65,Manhattan,TBB W - FDR S MANHATTAN TRUSS - E116TH STREET
17.39,184,Manhattan,11th ave s ganservoort - west st @ spring st
48.46,52,Bronx,BWB N Toll Plaza - HRP N Lafayatte Ave
0.0,0,Manhattan,BQE N Atlantic Ave - MAN Bridge Manhattan Side
26.09,320,Bronx,CBE W U/LEV AMSTERDAM AVE - I95 S EXP LNS
47.84,227,Queens,CVE NB LIE - WILLETS PT BLVD
36.66,319,Queens,CIP N LIE ramp - TNB
59.03,126,Bronx,BE S Griswold - Castle Hill Avenue
0.0,0,Staten Island,SIE W - MLK N WOOLEY AVENUE - WLAKER STREET
49.08,47,Staten Island,SIE E VNB E FINGERBOARD ROAD - SI GANTRY UPPER LEVEL
42.25,50,Brooklyn,VNB E-GOWANUS N BROOKLYN GANTRY UPPER LEVEL - 92ND STREET
47.22,175,Bronx,CBE W U/LEV AMSTERDAM AVE - I95 S EXP LNS
55.3,113,Staten Island,WSE S BLLOMINGDALE ROAD - TYRELLAN AVENUE
20.5,947,Manhattan,Westside Hwy S GWB - 57th St
41.63,154,Queens,Whitestone Expwy N Exit 14 (Linden Pl) - BWB N Queens Anchorage
14.91,216,Manhattan,12th Ave N 40th - 57th St
56.54,95,Queens,VWE N MP8.64 (Exit 13 Northern Blvd) - Whitestone Expwy Exit 14 (Linden Pl)
21.74,298,Manhattan,BBT E Manhattan Portal - Toll Plaza
0.0,0,Staten Island,MLK N WALKER STREET - NJ ROUTE 169
29.2,236,Manhattan,FDR N 25th - 63rd St
44.73,120,Queens,VWE N MP6.39 (Exit 11 Jewel Ave) - MP8.65 (Exit 13 Northern Blvd)
0.0,0,Bronx,BRP S FORDHAM ROAD - WATSON AVENUE
9.32,456,Bronx,MDE S HARLEM RIVER PARK - GWB W AMSTERDAM AVENUE UPPER LEVEL
45.36,35,Staten Island,SIE E WOOLEY AVENUE - BRADLEY AVENUE
58.4,104,Staten Island,WSE N-SIE E SOUTH AVENUE - SOUTH AVENUE
32.93,166,Manhattan,LINCOLN TUNNEL E SOUTH TUBE - NJ - NY
35.41,106,Queens,Belt Pkwy W 182nd St - JFK Expressway
25.47,194,Queens,LIE W 108TH ST - 84TH ST
50.95,84,Brooklyn,GOW S 7TH AVENUE - 92ND STREET
14.91,220,Manhattan,11th ave s ganservoort - west st @ spring st
59.65,132,Staten Island,WSE N ARDEN AVENUE - VICTORY BLVD
8.69,291,Bronx,CBE W CASTLE HILL AVENUE - TAYLOR AVENUE
47.22,98,Brooklyn,VNB E SI GANTRY UPPER LEVEL - BROOKLYN GANTRY UPPER LEVEL
53.43,140,Staten Island,WSE N TYRELLAN AVENUE - BLOOMINGDALE ROAD
26.71,226,Staten Island,WSE N-SIE E SOUTH AVENUE - SOUTH AVENUE
11.8,468,Manhattan,LINCOLN TUNNEL E SOUTH TUBE - NJ - NY
51.57,27,Staten Island,SIE W BRADLEY AVENUE - WOOLEY AVENUE
46.6,54,Bronx,HRP S Lafayette Ave - BWB S Toll Plaza
17.39,510,Queens,VWE S MP6.39 (Exit 11 Jewel Ave) - MP4.63 (Exit 6 Jamaica Ave)
2.48,1923,Manhattan,LINCOLN TUNNEL E CENTER TUBE NJ - NY
56.54,139,Staten Island,WSE N ARDEN AVENUE - VICTORY BLVD
61.51,84,Staten Island,WSE S ARDEN AVENUE - BLOOMINGDALE ROAD
50.33,183,Queens,Belt Pkwy E 182nd St - Laurelton Pkwy N @ SSP
54.68,82,Bronx,HRP N LAFAYETTE AVENUE - E TREMONT AVENUE
50.33,92,Brooklyn,VNB E SI GANTRY LOWER LEVEL - BROOLKYN GANTRY LOWER LEVEL
49.08,94,Brooklyn,VNB E SI GANTRY LOWER LEVEL - BROOLKYN GANTRY LOWER LEVEL
57.16,81,Queens,BWB N Queens Anchorage - Toll Plaza
35.41,555,Manhattan,Westside Hwy S GWB - 57th St
58.4,43,Bronx,CBE E TAYLOR AVENUE - CASTLE HILL AVENUE
0.0,0,Bronx,BRP N WATSON AVENUE - FORDHAM ROAD
47.22,144,Manhattan,FDR S 63rd - 25th St
45.98,156,Queens,MDE S TBB EXIT RAMP - QUEENS ANCHORAGE
51.57,138,Brooklyn,BQE N LEONARD STREET - 46TH STREET
54.05,305,Queens,CVE NB GCP - WILLETS PT BLVD
55.3,46,Bronx,CBE E TAYLOR AVENUE - CASTLE HILL AVENUE
25.47,403,Manhattan,FDR N Catherine Slip - 25th St
52.19,44,Staten Island,SIE E VNB E FINGERBOARD ROAD - SI GANTRY LOWER LEVEL
52.81,175,Queens,Belt Pkwy E 182nd St - Laurelton Pkwy N @ SSP
52.81,121,Queens,BWB S Queens Anchorage - WSE S Exit 14 (Linden Pl)
39.14,142,Bronx,BRP N WATSON AVENUE - FORDHAM ROAD
44.11,36,Staten Island,SIE E WOOLEY AVENUE - BRADLEY AVENUE
12.42,429,Manhattan,LINCOLN TUNNEL E CENTER TUBE NJ - NY
19.88,132,Queens,TNB S Qns Anchorage - CIP S @ TNB
51.57,107,Queens,Whitestone Expwy S Exit 14 (Linden Pl) - VWE S MP8.65 (Exit 13 Northern Blvd)
0.0,0,Manhattan,BQE N Atlantic Ave - BKN Bridge Manhattan Side
42.25,178,Queens,TBB S MANHATTAN LIFT SPAN - QUEENS ANCHORAGE
49.7,103,Bronx,MDE N RFK Bridge - 142nd St
14.29,182,Staten Island,SIE E SOUTH AVENUE - RICHMOND AVENUE
8.69,249,Manhattan,12th Ave S 57th St - 45th St
29.82,186,Manhattan,LINCOLN TUNNEL E CENTER TUBE NJ - NY
50.95,146,Bronx,BE N Castle Hill Avenue - Griswold Ave
28.58,259,Bronx,BE S Griswold - Castle Hill Avenue
51.57,121,Staten Island,WSE S BLLOMINGDALE ROAD - TYRELLAN AVENUE
49.7,42,Brooklyn,VNB E-GOWANUS N BROOKLYN GANTRY LOWER LEVEL - 92ND STREET
13.04,616,Bronx,CBE W L/LE V AMSTERDAM AVE - I 95 S LOC LNS
49.08,94,Queens,BWB N Queens Anchorage - Toll Plaza
20.5,359,Queens,TBB S MANHATTAN LIFT SPAN - QUEENS ANCHORAGE
15.53,342,Queens,QMT W Toll Plaza - Manhattan Side
0.0,0,Brooklyn,GOW N 7TH AVENUE - 9TH STREET
59.65,128,Queens,CIP S Hempstead Tpk - Laurelton Pkwy @ SSP
14.29,225,Manhattan,12th Ave N 40th - 57th St
45.98,162,Queens,TBB S MANHATTAN LIFT SPAN - QUEENS ANCHORAGE
38.52,188,Queens,MDE S TBB EXIT RAMP - QUEENS ANCHORAGE
16.77,196,Manhattan,11th ave s ganservoort - west st @ spring st
49.7,152,Queens,CIP S Hempstead Tpk - Laurelton Pkwy @ SSP
9.32,666,Manhattan,12th ave @ 45th - 11 ave ganservoort st
41.01,122,Manhattan,LINCOLN TUNNEL W NORTH TUBE NY - NJ
41.01,52,Brooklyn,GOW S VNB W 92ND STREET - BKLYN GANTRY LOWER LEVEL
50.95,84,Brooklyn,GOW S 7TH AVENUE - 92ND STREET
18.64,395,Manhattan,GWB E LOWER LEVEL PLAZA - CBE E LOWER LEVEL AMSTERDAM AVE
0.0,0,Manhattan,BQE N Atlantic Ave - BKN Bridge Manhattan Side
44.11,104,Queens,BWB N Queens Anchorage - Toll Plaza
13.67,611,Bronx,CBE W U/LEV AMSTERDAM AVE - I95 S EXP LNS
27.34,234,Manhattan,BBT E Manhattan Portal - Toll Plaza
0.0,0,Manhattan,GWB E LOWER LEVEL PLAZA - CBE E LOWER LEVEL AMSTERDAM AVE
52.81,169,Queens,VWE N MP4.63 (Exit 6 - Jamaica Ave) - MP6.39 (Exit 11 Jewel Ave)
17.39,284,Manhattan,LINCOLN TUNNEL W NORTH TUBE NY - NJ
54.68,98,Queens,VWE S MP8.65 (Exit 13 Northern Blvd) - MP6.39 (Exit 11 Jewel Ave)
15.53,171,Staten Island,SIE E SOUTH AVENUE - RICHMOND AVENUE
57.78,49,Staten Island,SIE W RICHMOND AVENUE - SOUTH AVENUE
45.98,55,Bronx,HRP S Lafayette Ave - BWB S Toll Plaza
23.61,346,Bronx,CBE W U/LEV AMSTERDAM AVE - I95 S EXP LNS
45.98,108,Queens,LIE W 108TH ST - 84TH ST
62.13,40,Bronx,CBE W CASTLE HILL AVENUE - TAYLOR AVENUE
31.68,174,Manhattan,LINCOLN TUNNEL W CENTER TUBE NY - NJ
54.05,126,Queens,TNB S Toll Plaza - Queens Anchorage
13.04,408,Queens,Whitestone Expwy S Exit 14 (Linden Pl) - VWE S MP8.65 (Exit 13 Northern Blvd)
16.77,598,Manhattan,FDR N Catherine Slip - 25th St
37.9,56,Brooklyn,VNB E-GOWANUS N BROOKLYN GANTRY UPPER LEVEL - 92ND STREET
49.7,322,Queens,CIP NB GCP - TNB
41.01,267,Queens,CVE NB LIE - WILLETS PT BLVD
28.58,94,Queens,TNB S Qns Anchorage - CIP S @ TNB
50.33,42,Brooklyn,VNB E-GOWANUS N BROOKLYN GANTRY UPPER LEVEL - 92ND STREET
0.0,0,Manhattan,BQE N Atlantic Ave - BKN Bridge Manhattan Side
51.57,90,Queens,BWB N Queens Anchorage - Toll Plaza
0.0,0,Queens,QMT W Toll Plaza - Manhattan Side
31.68,96,Queens,BE S TBB EXIT RAMP - MANHATTAN LIFT SPAN
0.0,0,Bronx,BRP S FORDHAM ROAD - WATSON AVENUE
49.08,234,Queens,CIP N TNB - Whitestone Expwy S Exit 14 (Linden Pl)
36.66,177,Manhattan,BBT E Manhattan Portal - Toll Plaza
50.33,85,Brooklyn,GOW S 7TH AVENUE - 92ND STREET
53.43,152,Bronx,I-87 NYST S Exit 1 - MDE S Van Cortlandt Park
31.06,178,Manhattan,LINCOLN TUNNEL E SOUTH TUBE - NJ - NY
38.52,133,Staten Island,WSE S ARDEN AVENUE - BLOOMINGDALE ROAD
39.14,127,Manhattan,LINCOLN TUNNEL W NORTH TUBE NY - NJ
57.78,140,Bronx,I-87 NYST S Exit 1 - MDE S Van Cortlandt Park
0.0,0,Queens,CVE NB GCP - WILLETS PT BLVD
53.43,128,Queens,TNB N Queens Anchorage - Toll Plaza
52.19,89,Bronx,BWB S Toll Plaza - Queens Anchorage
33.55,326,Queens,CIP N Hempstead Tpk - LIE
15.53,442,Manhattan,FDR N 25th - 63rd St
47.22,99,Bronx,BWB S Toll Plaza - Queens Anchorage
8.69,491,Bronx,MDE S HARLEM RIVER PARK - GWB W AMSTERDAM AVENUE UPPER LEVEL
60.89,53,Staten Island,WSE N VICTORY BLVD - SOUTH AVENUE
59.65,102,Staten Island,WSE N-SIE E SOUTH AVENUE - SOUTH AVENUE
4.34,904,Bronx,CBE W MORRIS AVE - GWB W AMSTERDAM AVE (U/LVL)
64.0,122,Staten Island,WSE N ARDEN AVENUE - VICTORY BLVD
58.4,117,Queens,TNB N Queens Anchorage - Toll Plaza
54.68,48,Staten Island,SIE E SOUTH AVENUE - RICHMOND AVENUE
18.01,396,Brooklyn,BQE S 46TH STREET - LEONARD STREET
29.82,341,Manhattan,FDR N Catherine Slip - 25th St
49.08,113,Staten Island,SIE E CLOVE ROAD - FINGERBOARD ROAD
34.79,108,Queens,Belt Pkwy W 182nd St - JFK Expressway
55.3,71,Staten Island,SIE W WOOLEY AVENUE - RICHMOND AVENUE
22.36,447,Manhattan,FDR S 25th St - Catherine Slip
52.81,104,Queens,Whitestone Expwy S Exit 14 (Linden Pl) - VWE S MP8.65 (Exit 13 Northern Blvd)
19.88,413,Bronx,CBE W U/LEV AMSTERDAM AVE - I95 S EXP LNS
49.08,156,Staten Island,440 N FRANCIS STREET - WSE N TYRELLAN AVE
0.0,0,Staten Island,MLK N WALKER STREET - NJ ROUTE 169
42.25,54,Staten Island,SIE E VNB E FINGERBOARD ROAD - SI GANTRY LOWER LEVEL
0.0,0,Bronx,BRP S FORDHAM ROAD - WATSON AVENUE
53.43,128,Queens,TNB N Queens Anchorage - Toll Plaza
50.33,153,Staten Island,440 N FRANCIS STREET - WSE N TYRELLAN AVE
34.17,78,Queens,TNB S Qns Anchorage - CIP S @ TNB
0.0,0,Bronx,BRP S FORDHAM ROAD - WATSON AVENUE
43.49,58,Bronx,HRP S Lafayette Ave - BWB S Toll Plaza
45.98,46,Brooklyn,VNB E-GOWANUS N BROOKLYN GANTRY UPPER LEVEL - 92ND STREET
47.22,45,Staten island,VNB W-SIE W SI GANTRY UPPER LEVEL - FINGERBOARD ROAD
32.93,332,Queens,CIP N Hempstead Tpk - LIE
39.14,59,Staten Island,SIE E VNB E FINGERBOARD ROAD - SI GANTRY LOWER LEVEL
57.78,284,Queens,CVE NB GCP - WILLETS PT BLVD
40.38,115,Brooklyn,VNB E SI GANTRY UPPER LEVEL - BROOKLYN GANTRY UPPER LEVEL
43.49,61,Manhattan,FDR S Catherine Slip - BKN Bridge Manhattan Side
45.36,165,Staten Island,WSE N TYRELLAN AVENUE - BLOOMINGDALE ROAD
47.84,112,Queens,VWE N MP6.39 (Exit 11 Jewel Ave) - MP8.65 (Exit 13 Northern Blvd)
47.22,90,Brooklyn,GOW N 92ND STREET - 7TH AVENUE
34.79,205,Brooklyn,BQE S 46TH STREET - LEONARD STREET
0.0,0,Brooklyn,GOW S 9TH STREET - 7TH AVENUE
5.59,954,Manhattan,LINCOLN TUNNEL E CENTER TUBE NJ - NY
53.43,140,Bronx,BE N Castle Hill Avenue - Griswold Ave
0.0,0,Staten Island,ROUTE 169 S - MLK WALKER STREET
52.19,120,Staten Island,WSE S BLLOMINGDALE ROAD - TYRELLAN AVENUE
39.14,109,Bronx,CBE W MORRIS AVE - GWB W AMSTERDAM AVE (U/LVL)
59.03,79,Bronx,BE N STRATFORD AVENUE - CASTLE HILL AVE
36.66,77,Staten Island,WSE S SOUTH AVENUE - VICTORY BOULEVARD
46.6,65,Queens,BE S TBB EXIT RAMP - MANHATTAN LIFT SPAN
52.81,182,Queens,LIE WB LITTLE NECK PKWY - NB CVE
2.48,861,Manhattan,12th Ave S 57th St - 45th St
24.85,406,Manhattan,FDR N Catherine Slip - 25th St
18.64,412,Queens,Laurelton Pkwy N @ SSP - CIP N Hempstead Tpk
0.0,0,Staten Island,MLK S - SIE W WALKER STREET - RICHMOND AVENUE
8.69,710,Manhattan,12th ave @ 45th - 11 ave ganservoort st
45.36,122,Staten Island,SIE E CLOVE ROAD - FINGERBOARD ROAD
0.0,0,Staten Island,MLK S - SIE E WALKER STREET - WOOLEY AVENUE
16.15,309,Manhattan,LINCOLN TUNNEL W NORTH TUBE NY - NJ
24.23,298,Queens,TBB N QUEENS ANCHORAGE - BE N
38.52,239,Queens,Belt Pkwy E 182nd St - Laurelton Pkwy N @ SSP
18.01,276,Queens,LIE E 84TH ST - 108TH ST
9.32,249,Manhattan,TBB W - FDR S MANHATTAN TRUSS - E116TH STREET
56.54,147,Bronx,CBE E CASTLE HILL AVE - BE N WATERBURY AVE
40.38,96,Staten Island,SIE W WOOLEY AVENUE - RICHMOND AVENUE
54.05,86,Brooklyn,VNB W BROOKLYN GANTRY LOWER LEVEL - SI GANTRY LOWER LEVEL
22.99,355,Bronx,CBE W L/LE V AMSTERDAM AVE - I 95 S LOC LNS
60.27,83,Queens,LIE W 108TH ST - 84TH ST
0.0,0,Staten Island,MLK S - SIE E WALKER STREET - WOOLEY AVENUE
22.36,477,Queens,VWE S MP2.66 (Exit 2 Rockaway Blvd) - Belt Pkwy E 182nd St
54.68,101,Staten Island,SIE E CLOVE ROAD - FINGERBOARD ROAD
53.43,143,Staten Island,WSE S TYRELLAN AVENUE - 440 S FRANCIS STREET
18.64,265,Queens,LIE E 84TH ST - 108TH ST
49.7,54,Queens,TNB S Qns Anchorage - CIP S @ TNB
47.22,45,Staten island,VNB W-SIE W SI GANTRY UPPER LEVEL - FINGERBOARD ROAD
58.4,128,Bronx,BE N Castle Hill Avenue - Griswold Ave
10.56,354,Queens,Belt Pkwy W 182nd St - JFK Expressway
47.22,98,Bronx,BWB S Toll Plaza - Queens Anchorage
55.3,51,Staten Island,WSE S SOUTH AVENUE - VICTORY BOULEVARD
0.0,0,Brooklyn,GOW S 9TH STREET - 7TH AVENUE
52.81,130,Queens,TNB S Toll Plaza - Queens Anchorage
58.4,43,Bronx,CBE W CASTLE HILL AVENUE - TAYLOR AVENUE
55.3,142,Staten Island,WSE N ARDEN AVENUE - VICTORY BLVD
32.93,311,Manhattan,FDR N Catherine Slip - 25th St
37.28,241,Queens,VWE S MP6.39 (Exit 11 Jewel Ave) - MP4.63 (Exit 6 Jamaica Ave)
45.36,47,Brooklyn,GOW S VNB W 92ND STREET - BKLYN GANTRY LOWER LEVEL
54.68,152,Bronx,CBE E CASTLE HILL AVE - BE N WATERBURY AVE
39.14,54,Staten island,VNB W-SIE W SI GANTRY UPPER LEVEL - FINGERBOARD ROAD
0.0,0,Brooklyn,GOW S 7TH AVENUE - 92ND STREET
8.69,722,Queens,Whitestone Expwy N Exit 14 (Linden Pl) - BWB N Queens Anchorage
0.0,0,Staten Island,MLK N WALKER STREET - NJ ROUTE 169
58.4,128,Staten Island,WSE N TYRELLAN AVENUE - BLOOMINGDALE ROAD
44.73,48,Brooklyn,GOW S VNB W 92ND STREET - BKLYN GANTRY UPPER LEVEL
55.92,164,Queens,Belt Pkwy E 182nd St - Laurelton Pkwy N @ SSP
39.76,107,Bronx,CBE W MORRIS AVE - GWB W AMSTERDAM AVE (L/LVL)
45.98,81,Queens,Belt Pkwy W 182nd St - JFK Expressway
54.68,143,Staten Island,WSE S VICTORY BOULEVARD - ARDEN AVENUE
49.08,235,Queens,CIP N TNB - Whitestone Expwy S Exit 14 (Linden Pl)
0.0,0,Staten Island,MLK N WALKER STREET - NJ ROUTE 169
14.29,621,Queens,VWE S MP6.39 (Exit 11 Jewel Ave) - MP4.63 (Exit 6 Jamaica Ave)
12.42,357,Bronx,MDE S HARLEM RIVER PARK - GWB W AMSTERDAM AVENUE LOWER LEVEL
18.01,233,Bronx,CBE AMSTERDAM AVE (L/LVL) - MORRIS AVE
55.3,51,Staten Island,WSE S SOUTH AVENUE - VICTORY BOULEVARD
0.0,0,Staten Island,MLK N WALKER STREET - NJ ROUTE 169
55.92,89,Staten Island,WSE N BLOOMUINGDALE ROAD - ARDEN AVENUE
44.11,169,Bronx,BE S Griswold - Castle Hill Avenue
4.34,465,Manhattan,12th Ave S 57th St - 45th St
39.14,227,Queens,VWE N MP4.63 (Exit 6 - Jamaica Ave) - MP6.39 (Exit 11 Jewel Ave)
42.87,255,Queens,CVE NB LIE - WILLETS PT BLVD
16.77,146,Bronx,HRP S Lafayette Ave - BWB S Toll Plaza
44.73,135,Staten Island,WSE N-SIE E SOUTH AVENUE - SOUTH AVENUE
42.87,104,Bronx,BE S CASTLE HILL AVENUE - STRATFORD AVENUE
42.25,50,Staten island,VNB W-SIE W SI GANTRY UPPER LEVEL - FINGERBOARD ROAD
0.0,0,Manhattan,GWB E LOWER LEVEL PLAZA - CBE E LOWER LEVEL AMSTERDAM AVE
15.53,319,Manhattan,LINCOLN TUNNEL W NORTH TUBE NY - NJ
36.66,298,Queens,CIP S LIE - Hempstead Tpk
14.29,229,Manhattan,12th Ave N 40th - 57th St
50.33,152,Staten Island,WSE S TYRELLAN AVENUE - 440 S FRANCIS STREET
52.19,176,Queens,Belt Pkwy E 182nd St - Laurelton Pkwy N @ SSP
0.0,0,Manhattan,BQE N Atlantic Ave - MAN Bridge Manhattan Side
27.96,255,Brooklyn,BQE S 46TH STREET - LEONARD STREET
13.67,524,Queens,TBB N QUEENS ANCHORAGE - BE N
49.7,137,Queens,TNB N Queens Anchorage - Toll Plaza
52.81,121,Queens,BWB S Queens Anchorage - WSE S Exit 14 (Linden Pl)
39.14,113,Bronx,MDE S HARLEM RIVER PARK - GWB W AMSTERDAM AVENUE LOWER LEVEL
16.77,529,Queens,VWE S MP6.39 (Exit 11 Jewel Ave) - MP4.63 (Exit 6 Jamaica Ave)
32.93,86,Staten Island,SIE W RICHMOND AVENUE - SOUTH AVENUE
16.15,758,Queens,Belt Pkwy W JFK Expressway - VWE N Jamaica Ave
44.73,444,Manhattan,Westside Hwy N 57th St - GWB
58.4,76,Bronx,HRP N LAFAYETTE AVENUE - E TREMONT AVENUE
0.0,0,Manhattan,FDR S 63rd - 25th St
0.0,0,Manhattan,LINCOLN TUNNEL E CENTER TUBE NJ - NY
47.22,83,Staten Island,SIE E RICHMOND AVENUE - WOOLEY AVENUE
54.05,305,Queens,CVE NB GCP - WILLETS PT BLVD
41.63,194,Queens,TBB N QUEENS ANCHORAGE - MANHATTAN LIFT SPAN
31.68,67,Brooklyn,GOW S VNB W 92ND STREET - BKLYN GANTRY LOWER LEVEL
44.11,105,Brooklyn,VNB W BROOKLYN GANTRY UPPER LEVEL - SI GANTRY UPPER LEVEL
57.16,97,Staten Island,SIE E CLOVE ROAD - FINGERBOARD ROAD
0.0,0,Staten Island,MLK N WALKER STREET - NJ ROUTE 169
11.18,372,Bronx,CBE AMSTERDAM AVE (L/LVL) - MORRIS AVE
27.96,256,Brooklyn,BQE S 46TH STREET - LEONARD STREET
0.0,0,Brooklyn,GOW N 7TH AVENUE - 9TH STREET
37.28,171,Queens,BWB S Queens Anchorage - WSE S Exit 14 (Linden Pl)
26.71,187,Queens,LIE E 84TH ST - 108TH ST
43.49,49,Brooklyn,GOW S VNB W 92ND STREET - BKLYN GANTRY LOWER LEVEL
51.57,147,Queens,CIP S Hempstead Tpk - Laurelton Pkwy @ SSP
14.29,766,Queens,CIP N Hempstead Tpk - LIE
11.8,607,Manhattan,GWB E LOWER LEVEL PLAZA - CBE E LOWER LEVEL AMSTERDAM AVE
49.7,184,Queens,Belt Pkwy E 182nd St - Laurelton Pkwy N @ SSP
49.08,145,Brooklyn,BQE S 46TH STREET - LEONARD STREET
16.15,301,Queens,LIE W 108TH ST - 84TH ST
30.44,93,Staten Island,SIE W RICHMOND AVENUE - SOUTH AVENUE
5.59,1334,Queens,TBB N QUEENS ANCHORAGE - MANHATTAN LIFT SPAN
31.06,127,Staten Island,SIE E RICHMOND AVENUE - WOOLEY AVENUE
0.0,0,Staten Island,SIE W - MLK N WOOLEY AVENUE - WLAKER STREET
10.56,1149,Queens,Belt Pkwy W JFK Expressway - VWE N Jamaica Ave
51.57,90,Bronx,BE N STRATFORD AVENUE - CASTLE HILL AVE
45.98,430,Manhattan,Westside Hwy N 57th St - GWB
21.12,143,Queens,BE S TBB EXIT RAMP - MANHATTAN LIFT SPAN
9.32,687,Manhattan,BBT E Manhattan Portal - Toll Plaza
0.0,0,Bronx,BRP S FORDHAM ROAD - WATSON AVENUE
18.01,306,Manhattan,LINCOLN TUNNEL E CENTER TUBE NJ - NY
24.85,132,Manhattan,11th ave s ganservoort - west st @ spring st
16.15,664,Queens,VWE S MP2.66 (Exit 2 Rockaway Blvd) - Belt Pkwy E 182nd St
45.36,62,Staten Island,WSE S SOUTH AVENUE - VICTORY BOULEVARD
9.94,506,Bronx,MDE N RFK Bridge - 142nd St
55.3,297,Queens,CVE NB GCP - WILLETS PT BLVD
35.41,71,Bronx,HRP S Lafayette Ave - BWB S Toll Plaza
59.65,42,Bronx,CBE E TAYLOR AVENUE - CASTLE HILL AVENUE
45.36,142,Manhattan,BBT E Manhattan Portal - Toll Plaza
51.57,150,Staten Island,WSE S TYRELLAN AVENUE - 440 S FRANCIS STREET
47.84,227,Queens,CVE NB LIE - WILLETS PT BLVD
19.88,132,Manhattan,FDR S Catherine Slip - BKN Bridge Manhattan Side
18.01,505,Queens,Belt Pkwy E 182nd St - Laurelton Pkwy N @ SSP
55.3,142,Staten Island,WSE N ARDEN AVENUE - VICTORY BLVD
38.52,168,Manhattan,BBT W Toll Plaza - Manhattan Portal
59.03,66,Staten Island,SIE W WOOLEY AVENUE - RICHMOND AVENUE
49.08,87,Brooklyn,GOW S 7TH AVENUE - 92ND STREET
44.11,52,Staten Island,SIE E VNB E FINGERBOARD ROAD - SI GANTRY UPPER LEVEL
59.03,281,Queens,CVE NB GCP - WILLETS PT BLVD
55.92,99,Staten Island,SIE E CLOVE ROAD - FINGERBOARD ROAD
22.99,444,Manhattan,FDR N Catherine Slip - 25th St
0.0,0,Staten Island,SIE E-MLK N RICHMOND AVENUE - WALKER STREET
15.53,274,Bronx,CBE AMSTERDAM AVE (L/LVL) - MORRIS AVE
21.12,203,Brooklyn,GOW N 92ND STREET - 7TH AVENUE
56.54,45,Bronx,CBE E TAYLOR AVENUE - CASTLE HILL AVENUE
46.6,198,Queens,Laurelton Pkwy S @ SSP - Belt Pkwy W 182nd St
57.16,87,Staten Island,WSE N BLOOMUINGDALE ROAD - ARDEN AVENUE
49.7,57,Staten Island,WSE S SOUTH AVENUE - VICTORY BOULEVARD
45.36,197,Queens,VWE N MP4.63 (Exit 6 - Jamaica Ave) - MP6.39 (Exit 11 Jewel Ave)
52.81,101,Queens,VWE N MP8.64 (Exit 13 Northern Blvd) - Whitestone Expwy Exit 14 (Linden Pl)
0.0,0,Brooklyn,GOW N 7TH AVENUE - 9TH STREET
0.0,0,Staten Island,MLK S - SIE E WALKER STREET - WOOLEY AVENUE
51.57,149,Staten Island,440 N FRANCIS STREET - WSE N TYRELLAN AVE
21.12,124,Manhattan,FDR S Catherine Slip - BKN Bridge Manhattan Side
48.46,45,Queens,CIP N ramp to TNB - TNB Queens Anchorage
0.0,0,Brooklyn,BQE S - GOW S ALTANTIC AVENUE - 9TH STREET
16.77,406,Manhattan,FDR N 25th - 63rd St
18.01,497,Queens,Belt Pkwy E 182nd St - Laurelton Pkwy N @ SSP
0.0,0,Brooklyn,BQE S - GOW S ALTANTIC AVENUE - 9TH STREET
28.58,157,Bronx,MDE S HARLEM RIVER PARK - GWB W AMSTERDAM AVENUE LOWER LEVEL
17.39,324,Manhattan,West St S Spring St - BBT Manhattan Portal outbound
50.33,147,Manhattan,GWB E LOWER LEVEL PLAZA - CBE E LOWER LEVEL AMSTERDAM AVE
47.84,52,Bronx,BWB N Toll Plaza - HRP N Lafayatte Ave
47.22,53,Bronx,BWB N Toll Plaza - HRP N Lafayatte Ave
49.7,110,Queens,Whitestone Expwy S Exit 14 (Linden Pl) - VWE S MP8.65 (Exit 13 Northern Blvd)
39.76,40,Staten Island,SIE E WOOLEY AVENUE - BRADLEY AVENUE
6.21,504,Manhattan,11th ave s ganservoort - west st @ spring st
11.8,450,Manhattan,LINCOLN TUNNEL E SOUTH TUBE - NJ - NY
11.18,287,Manhattan,11th ave s ganservoort - west st @ spring st
17.39,137,Manhattan,TBB W - FDR S MANHATTAN TRUSS - E116TH STREET
26.09,387,Manhattan,FDR N Catherine Slip - 25th St
0.0,0,Brooklyn,BQE S 46TH STREET - LEONARD STREET
28.58,378,Queens,CIP S LIE - Hempstead Tpk
52.19,42,Queens,CIP N ramp to TNB - TNB Queens Anchorage
12.42,820,Manhattan,FDR S 25th St - Catherine Slip
51.57,209,Queens,VWE S MP2.66 (Exit 2 Rockaway Blvd) - Belt Pkwy E 182nd St
4.34,1780,Bronx,CBE W L/LE V AMSTERDAM AVE - I 95 S LOC LNS
41.63,51,Staten island,VNB W-SIE W SI GANTRY UPPER LEVEL - FINGERBOARD ROAD
3.72,1669,Queens,MDE S TBB EXIT RAMP - QUEENS ANCHORAGE
52.19,27,Staten Island,SIE W BRADLEY AVENUE - WOOLEY AVENUE
52.19,151,Staten Island,WSE N ARDEN AVENUE - VICTORY BLVD
0.0,0,Staten Island,MLK N WALKER STREET - NJ ROUTE 169
0.0,0,Brooklyn,GOW N 7TH AVENUE - 9TH STREET
44.73,95,Brooklyn,GOW S 7TH AVENUE - 92ND STREET
6.83,772,Manhattan,11th ave n ganservoort - 12th ave @ 40th st
15.53,154,Manhattan,TBB W - FDR S MANHATTAN TRUSS - E116TH STREET
54.05,127,Queens,TNB N Queens Anchorage - Toll Plaza
59.65,42,Bronx,CBE W CASTLE HILL AVENUE - TAYLOR AVENUE
46.6,114,Queens,VWE N MP6.39 (Exit 11 Jewel Ave) - MP8.65 (Exit 13 Northern Blvd)
44.11,105,Brooklyn,VNB W BROOKLYN GANTRY UPPER LEVEL - SI GANTRY UPPER LEVEL
4.97,789,Bronx,CBE W MORRIS AVE - GWB W AMSTERDAM AVE (U/LVL)
50.33,85,Brooklyn,GOW N 92ND STREET - 7TH AVENUE
26.71,345,Queens,Belt Pkwy E 182nd St - Laurelton Pkwy N @ SSP
16.77,402,Manhattan,FDR N 25th - 63rd St
47.84,45,Queens,CIP N ramp to TNB - TNB Queens Anchorage
55.3,113,Staten Island,WSE S BLLOMINGDALE ROAD - TYRELLAN AVENUE
16.15,452,Queens,TBB N QUEENS ANCHORAGE - BE N
19.88,322,Queens,Whitestone Expwy N Exit 14 (Linden Pl) - BWB N Queens Anchorage
0.0,0,Bronx,BRP S FORDHAM ROAD - WATSON AVENUE
55.92,96,Queens,VWE N MP8.64 (Exit 13 Northern Blvd) - Whitestone Expwy Exit 14 (Linden Pl)
0.0,0,Staten Island,MLK S - SIE W WALKER STREET - RICHMOND AVENUE
52.81,112,Staten Island,SIE W FINGERBOARD ROAD - CLOVE ROAD
7.45,1611,Queens,Belt Pkwy W JFK Expressway - VWE N Jamaica Ave
39.14,54,Brooklyn,VNB E-GOWANUS N BROOKLYN GANTRY LOWER LEVEL - 92ND STREET
44.11,48,Brooklyn,VNB E-GOWANUS N BROOKLYN GANTRY UPPER LEVEL - 92ND STREET
18.64,135,Bronx,CBE E TAYLOR AVENUE - CASTLE HILL AVENUE
58.4,79,Bronx,BE N STRATFORD AVENUE - CASTLE HILL AVE
37.9,147,Bronx,BRP N WATSON AVENUE - FORDHAM ROAD
0.0,0,Brooklyn,BQE S - GOW S ALTANTIC AVENUE - 9TH STREET
23.61,463,Queens,CIP N Hempstead Tpk - LIE
19.88,212,Bronx,CBE E AMSTERDAM AVE(U/LVL) - MORRIS AVE
50.33,92,Bronx,BE N STRATFORD AVENUE - CASTLE HILL AVE
29.82,167,Queens,LIE W 108TH ST - 84TH ST
62.75,125,Staten Island,WSE N ARDEN AVENUE - VICTORY BLVD
16.77,142,Manhattan,TBB W - FDR S MANHATTAN TRUSS - E116TH STREET
8.07,761,Manhattan,12th ave @ 45th - 11 ave ganservoort st
0.0,0,Staten Island,ROUTE 169 S - MLK WALKER STREET
43.49,451,Manhattan,Westside Hwy S GWB - 57th St
21.74,246,Manhattan,QMT E Manhattan Side - Toll Plaza
51.57,133,Queens,VWE S MP4.63 (Exit 6 Jamaica Ave) - MP2.66 (Exit 2 Roackaway Blvd)
0.0,0,Bronx,BRP S FORDHAM ROAD - WATSON AVENUE
20.5,241,Manhattan,LINCOLN TUNNEL W NORTH TUBE NY - NJ
25.47,305,Queens,Laurelton Pkwy N @ SSP - CIP N Hempstead Tpk
12.42,503,Queens,Whitestone Expwy N Exit 14 (Linden Pl) - BWB N Queens Anchorage
57.78,95,Staten Island,SIE E CLOVE ROAD - FINGERBOARD ROAD
46.6,99,Brooklyn,VNB E SI GANTRY LOWER LEVEL - BROOLKYN GANTRY LOWER LEVEL
0.0,0,Staten Island,MLK S - SIE E WALKER STREET - WOOLEY AVENUE
47.22,90,Bronx,CBE AMSTERDAM AVE (L/LVL) - MORRIS AVE
24.85,213,Manhattan,QMT E Manhattan Side - Toll Plaza
14.91,510,Queens,Laurelton Pkwy N @ SSP - CIP N Hempstead Tpk
41.63,51,Brooklyn,VNB E-GOWANUS N BROOKLYN GANTRY LOWER LEVEL - 92ND STREET
9.94,268,Staten Island,SIE E SOUTH AVENUE - RICHMOND AVENUE
43.49,58,Bronx,CBE E TAYLOR AVENUE - CASTLE HILL AVENUE
0.0,0,Bronx,BRP S FORDHAM ROAD - WATSON AVENUE
27.34,351,Queens,LIE WB LITTLE NECK PKWY - NB CVE
42.87,50,Brooklyn,VNB E-GOWANUS N BROOKLYN GANTRY UPPER LEVEL - 92ND STREET
32.93,218,Queens,MDE S TBB EXIT RAMP - QUEENS ANCHORAGE
48.46,29,Staten Island,SIE W BRADLEY AVENUE - WOOLEY AVENUE
42.87,256,Queens,CIP S LIE - Hempstead Tpk
11.8,358,Bronx,CBE W MORRIS AVE - GWB W AMSTERDAM AVE (L/LVL)
20.5,396,Bronx,CBE W U/LEV AMSTERDAM AVE - I95 S EXP LNS
57.16,120,Queens,TNB N Queens Anchorage - Toll Plaza
13.04,474,Manhattan,12th ave @ 45th - 11 ave ganservoort st
12.42,503,Manhattan,12th ave @ 45th - 11 ave ganservoort st
0.0,0,Staten Island,MLK N WALKER STREET - NJ ROUTE 169
31.68,521,Queens,CVE NB GCP - WILLETS PT BLVD
54.68,72,Staten Island,SIE E RICHMOND AVENUE - WOOLEY AVENUE
57.78,44,Bronx,CBE W CASTLE HILL AVENUE - TAYLOR AVENUE
49.08,95,Bronx,BE N STRATFORD AVENUE - CASTLE HILL AVE
0.0,0,Bronx,BE S Griswold - Castle Hill Avenue
0.0,0,Staten Island,ROUTE 169 S - MLK WALKER STREET
47.22,105,Queens,LIE W 108TH ST - 84TH ST
37.28,173,Queens,BWB S Queens Anchorage - WSE S Exit 14 (Linden Pl)
35.41,126,Bronx,BE S CASTLE HILL AVENUE - STRATFORD AVENUE
0.0,0,Brooklyn,BQE S - GOW S ALTANTIC AVENUE - 9TH STREET
56.54,205,Queens,CIP N TNB - Whitestone Expwy S Exit 14 (Linden Pl)
39.76,55,Queens,CIP N ramp to TNB - TNB Queens Anchorage
0.0,0,Staten Island,ROUTE 169 S - MLK WALKER STREET
0.0,0,Manhattan,BQE N Atlantic Ave - MAN Bridge Manhattan Side
18.01,404,Queens,TBB N QUEENS ANCHORAGE - BE N
51.57,211,Queens,CIP S LIE - Hempstead Tpk
54.05,127,Queens,VWE S MP4.63 (Exit 6 Jamaica Ave) - MP2.66 (Exit 2 Roackaway Blvd)
47.22,162,Staten Island,WSE S TYRELLAN AVENUE - 440 S FRANCIS STREET
18.01,258,Bronx,BWB S Toll Plaza - Queens Anchorage
20.5,113,Manhattan,FDR N - TBB E 116TH STREET - MANHATTAN TRUSS
15.53,169,Manhattan,BKN Bridge Manhattan Side - FDR N Catherine Slip
24.23,269,Manhattan,BBT E Manhattan Portal - Toll Plaza
12.42,252,Manhattan,12th Ave N 40th - 57th St
41.01,287,Queens,CIP N LIE ramp - TNB
21.74,196,Bronx,MDE S HARLEM RIVER PARK - GWB W AMSTERDAM AVENUE UPPER LEVEL
0.0,0,Staten Island,MLK S - SIE W WALKER STREET - RICHMOND AVENUE
52.81,74,Staten Island,SIE E RICHMOND AVENUE - WOOLEY AVENUE
49.08,187,Queens,Laurelton Pkwy S @ SSP - Belt Pkwy W 182nd St
54.68,143,Staten Island,WSE S VICTORY BOULEVARD - ARDEN AVENUE
45.98,48,Queens,CIP N ramp to TNB - TNB Queens Anchorage
28.58,321,Queens,Belt Pkwy E 182nd St - Laurelton Pkwy N @ SSP
36.66,59,Queens,CIP N ramp to TNB - TNB Queens Anchorage
0.0,0,Staten Island,WSE S TYRELLAN AVENUE - 440 S FRANCIS STREET
47.22,157,Bronx,BE S Griswold - Castle Hill Avenue
35.41,456,Queens,CIP NB GCP - TNB
42.25,67,Staten Island,SIE W RICHMOND AVENUE - SOUTH AVENUE
29.82,177,Queens,QMT W Toll Plaza - Manhattan Side
6.83,605,Bronx,MDE S HARLEM RIVER PARK - GWB W AMSTERDAM AVENUE UPPER LEVEL
34.17,578,Manhattan,Westside Hwy N 57th St - GWB
0.0,0,Bronx,BRP S FORDHAM ROAD - WATSON AVENUE
41.63,51,Brooklyn,GOW S VNB W 92ND STREET - BKLYN GANTRY UPPER LEVEL
59.03,103,Staten Island,WSE N-SIE E SOUTH AVENUE - SOUTH AVENUE
59.65,184,Queens,CIP S LIE - Hempstead Tpk
0.0,0,Manhattan,BQE N Atlantic Ave - BKN Bridge Manhattan Side
44.11,48,Brooklyn,VNB E-GOWANUS N BROOKLYN GANTRY LOWER LEVEL - 92ND STREET
24.85,372,Queens,Belt Pkwy E 182nd St - Laurelton Pkwy N @ SSP
24.85,408,Manhattan,FDR S 25th St - Catherine Slip
0.0,0,Brooklyn,GOW S 9TH STREET - 7TH AVENUE
52.19,157,Bronx,I-87 NYST S Exit 1 - MDE S Van Cortlandt Park
46.6,254,Queens,CIP N LIE ramp - TNB
42.87,188,Queens,TBB N QUEENS ANCHORAGE - MANHATTAN LIFT SPAN
51.57,55,Staten Island,WSE S SOUTH AVENUE - VICTORY BOULEVARD
51.57,89,Brooklyn,VNB E SI GANTRY UPPER LEVEL - BROOKLYN GANTRY UPPER LEVEL
0.0,0,Staten Island,SIE E-MLK N RICHMOND AVENUE - WALKER STREET
19.26,73,Staten Island,SIE W BRADLEY AVENUE - WOOLEY AVENUE
0.0,0,Bronx,CBE W L/LE V AMSTERDAM AVE - I 95 S LOC LNS
26.09,168,Bronx,MDE S HARLEM RIVER PARK - GWB W AMSTERDAM AVENUE LOWER LEVEL
34.17,572,Manhattan,Westside Hwy N 57th St - GWB
0.0,0,Manhattan,BQE N Atlantic Ave - BKN Bridge Manhattan Side
47.22,91,Bronx,CBE W MORRIS AVE - GWB W AMSTERDAM AVE (L/LVL)
16.15,453,Bronx,BE S Griswold - Castle Hill Avenue
15.53,342,Queens,QMT W Toll Plaza - Manhattan Side
43.49,65,Staten Island,WSE S SOUTH AVENUE - VICTORY BOULEVARD
50.95,45,Staten Island,SIE E VNB E FINGERBOARD ROAD - SI GANTRY UPPER LEVEL
55.3,96,Queens,VWE N MP8.64 (Exit 13 Northern Blvd) - Whitestone Expwy Exit 14 (Linden Pl)
15.53,162,Bronx,HRP S Lafayette Ave - BWB S Toll Plaza
0.0,0,Staten Island,SIE W - MLK N WOOLEY AVENUE - WLAKER STREET
23.61,182,Bronx,MDE S HARLEM RIVER PARK - GWB W AMSTERDAM AVENUE UPPER LEVEL
9.94,710,Manhattan,GWB E LOWER LEVEL PLAZA - CBE E LOWER LEVEL AMSTERDAM AVE
54.68,301,Queens,CVE NB GCP - WILLETS PT BLVD
50.33,85,Brooklyn,GOW S 7TH AVENUE - 92ND STREET
16.15,391,Manhattan,12th ave @ 45th - 11 ave ganservoort st
43.49,57,Bronx,HRP S Lafayette Ave - BWB S Toll Plaza
55.92,145,Bronx,I-87 NYST S Exit 1 - MDE S Van Cortlandt Park
39.76,226,Queens,VWE S MP6.39 (Exit 11 Jewel Ave) - MP4.63 (Exit 6 Jamaica Ave)
47.84,89,Bronx,CBE E AMSTERDAM AVE(U/LVL) - MORRIS AVE
55.92,67,Queens,Belt Pkwy W 182nd St - JFK Expressway
32.93,169,Bronx,BRP N WATSON AVENUE - FORDHAM ROAD
45.36,164,Bronx,BE S Griswold - Castle Hill Avenue
44.11,48,Brooklyn,GOW S VNB W 92ND STREET - BKLYN GANTRY UPPER LEVEL
64.0,128,Bronx,I-87 NYST S Exit 1 - MDE S Van Cortlandt Park
0.0,0,Brooklyn,BQE S - GOW S ALTANTIC AVENUE - 9TH STREET
21.74,204,Bronx,MDE S HARLEM RIVER PARK - GWB W AMSTERDAM AVENUE LOWER LEVEL
0.0,0,Staten Island,MLK N WALKER STREET - NJ ROUTE 169
0.0,0,Staten Island,SIE W - MLK N WOOLEY AVENUE - WLAKER STREET
0.0,0,Bronx,BRP S FORDHAM ROAD - WATSON AVENUE
18.01,435,Queens,Laurelton Pkwy N @ SSP - CIP N Hempstead Tpk
32.93,168,Queens,Whitestone Expwy S Exit 14 (Linden Pl) - VWE S MP8.65 (Exit 13 Northern Blvd)
50.33,42,Brooklyn,VNB E-GOWANUS N BROOKLYN GANTRY LOWER LEVEL - 92ND STREET
50.95,109,Staten Island,SIE E CLOVE ROAD - FINGERBOARD ROAD
0.0,0,Staten Island,ROUTE 169 S - MLK WALKER STREET
0.0,0,Staten Island,MLK S - SIE W WALKER STREET - RICHMOND AVENUE
33.55,203,Manhattan,FDR S 63rd - 25th St
10.56,409,Bronx,MDE S HARLEM RIVER PARK - GWB W AMSTERDAM AVENUE LOWER LEVEL
52.81,118,Staten Island,WSE S BLLOMINGDALE ROAD - TYRELLAN AVENUE
45.98,253,Queens,CIP N TNB - Whitestone Expwy S Exit 14 (Linden Pl)
43.49,372,Queens,CIP NB GCP - TNB
0.0,0,Bronx,BRP S FORDHAM ROAD - WATSON AVENUE
37.28,147,Manhattan,LINCOLN TUNNEL W CENTER TUBE NY - NJ
27.96,151,Bronx,CBE AMSTERDAM AVE (L/LVL) - MORRIS AVE
2.48,4927,Queens,Belt Pkwy W JFK Expressway - VWE N Jamaica Ave
3.72,1073,Bronx,CBE W MORRIS AVE - GWB W AMSTERDAM AVE (L/LVL)
55.3,116,Queens,BWB S Queens Anchorage - WSE S Exit 14 (Linden Pl)
37.9,57,Queens,CIP N ramp to TNB - TNB Queens Anchorage
55.3,84,Bronx,BE N STRATFORD AVENUE - CASTLE HILL AVE
21.74,333,Manhattan,GWB E LOWER LEVEL PLAZA - CBE E LOWER LEVEL AMSTERDAM AVE
0.0,0,Staten Island,MLK S - SIE W WALKER STREET - RICHMOND AVENUE
43.49,57,Bronx,HRP S Lafayette Ave - BWB S Toll Plaza
0.0,0,Staten Island,MLK S - SIE W WALKER STREET - RICHMOND AVENUE
18.01,118,Brooklyn,GOW S VNB W 92ND STREET - BKLYN GANTRY LOWER LEVEL
53.43,123,Staten Island,SIE E BRADLEY AVENUE - CLOVE ROAD
55.92,83,Bronx,BE N STRATFORD AVENUE - CASTLE HILL AVE
34.17,136,Queens,BWB N Queens Anchorage - Toll Plaza
41.63,475,Manhattan,Westside Hwy S GWB - 57th St
19.26,256,Manhattan,LINCOLN TUNNEL W NORTH TUBE NY - NJ
54.05,145,Staten Island,WSE N ARDEN AVENUE - VICTORY BLVD
11.8,477,Manhattan,West St S Spring St - BBT Manhattan Portal outbound
0.0,0,Staten Island,SIE W - MLK N WOOLEY AVENUE - WLAKER STREET
22.36,115,Manhattan,BKN Bridge Manhattan Side - FDR N Catherine Slip
30.44,151,Bronx,BWB S Toll Plaza - Queens Anchorage
0.0,0,Staten Island,SIE E-MLK N RICHMOND AVENUE - WALKER STREET
49.7,222,Queens,CIP N Hempstead Tpk - LIE
60.27,130,Staten Island,WSE N ARDEN AVENUE - VICTORY BLVD
57.78,105,Staten Island,WSE N-SIE E SOUTH AVENUE - SOUTH AVENUE
46.6,165,Staten Island,WSE S TYRELLAN AVENUE - 440 S FRANCIS STREET
37.9,170,Queens,Whitestone Expwy N Exit 14 (Linden Pl) - BWB N Queens Anchorage
50.95,91,Bronx,BWB S Toll Plaza - Queens Anchorage
18.01,378,Queens,TNB S Toll Plaza - Queens Anchorage
0.0,0,Staten Island,ROUTE 169 S - MLK WALKER STREET
50.95,91,Bronx,BE N STRATFORD AVENUE - CASTLE HILL AVE
54.68,52,Staten Island,WSE S SOUTH AVENUE - VICTORY BOULEVARD
0.0,0,Queens,CIP N Hempstead Tpk - LIE
15.53,447,Brooklyn,BQE S 46TH STREET - LEONARD STREET
16.77,291,Manhattan,LINCOLN TUNNEL W NORTH TUBE NY - NJ
42.87,255,Queens,CVE NB LIE - WILLETS PT BLVD
8.69,368,Manhattan,11th ave s ganservoort - west st @ spring st
7.45,1052,Bronx,CBE W L/LE V AMSTERDAM AVE - I 95 S LOC LNS
13.67,174,Manhattan,TBB W - FDR S MANHATTAN TRUSS - E116TH STREET
32.93,217,Queens,MDE S TBB EXIT RAMP - QUEENS ANCHORAGE
37.9,287,Queens,VWE S MP2.66 (Exit 2 Rockaway Blvd) - Belt Pkwy E 182nd St
49.7,78,Staten Island,SIE E RICHMOND AVENUE - WOOLEY AVENUE
18.01,552,Manhattan,FDR N Catherine Slip - 25th St
52.81,115,Staten Island,WSE N-SIE E SOUTH AVENUE - SOUTH AVENUE
44.73,154,Queens,TNB N Queens Anchorage - Toll Plaza
10.56,470,Queens,LIE E 84TH ST - 108TH ST
50.95,105,Queens,VWE N MP6.39 (Exit 11 Jewel Ave) - MP8.65 (Exit 13 Northern Blvd)
14.29,467,Queens,VWE S MP4.63 (Exit 6 Jamaica Ave) - MP2.66 (Exit 2 Roackaway Blvd)
45.36,101,Bronx,BE N STRATFORD AVENUE - CASTLE HILL AVE
54.68,26,Staten Island,MLK N WALKER STREET - NJ ROUTE 169
0.0,0,Staten Island,SIE W - MLK N WOOLEY AVENUE - WLAKER STREET
21.12,217,Bronx,BWB S Toll Plaza - Queens Anchorage
50.33,137,Queens,TNB S Toll Plaza - Queens Anchorage
34.79,237,Bronx,CBE E CASTLE HILL AVE - BE N WATERBURY AVE
44.11,105,Queens,BWB N Queens Anchorage - Toll Plaza
26.09,212,Manhattan,LINCOLN TUNNEL E CENTER TUBE NJ - NY
26.09,92,Manhattan,TBB W - FDR S MANHATTAN TRUSS - E116TH STREET
16.15,476,Queens,Laurelton Pkwy N @ SSP - CIP N Hempstead Tpk
32.31,210,Manhattan,FDR S 63rd - 25th St
50.95,87,Bronx,HRP N LAFAYETTE AVENUE - E TREMONT AVENUE
42.87,252,Queens,VWE S MP2.66 (Exit 2 Rockaway Blvd) - Belt Pkwy E 182nd St
45.98,148,Manhattan,FDR N 25th - 63rd St
13.67,190,Manhattan,FDR S Catherine Slip - BKN Bridge Manhattan Side
45.36,169,Staten Island,WSE S TYRELLAN AVENUE - 440 S FRANCIS STREET
29.2,104,Queens,BE S TBB EXIT RAMP - MANHATTAN LIFT SPAN
0.0,0,Brooklyn,GOW S 9TH STREET - 7TH AVENUE
54.05,136,Manhattan,GWB E LOWER LEVEL PLAZA - CBE E LOWER LEVEL AMSTERDAM AVE
43.49,115,Manhattan,LINCOLN TUNNEL W NORTH TUBE NY - NJ
34.79,66,Staten Island,SIE E VNB E FINGERBOARD ROAD - SI GANTRY LOWER LEVEL
44.11,446,Manhattan,Westside Hwy N 57th St - GWB
16.15,265,Bronx,CBE W MORRIS AVE - GWB W AMSTERDAM AVE (L/LVL)
53.43,141,Queens,CIP S Hempstead Tpk - Laurelton Pkwy @ SSP
46.6,127,Staten Island,SIE W FINGERBOARD ROAD - CLOVE ROAD
44.73,153,Manhattan,FDR S 63rd - 25th St
31.68,169,Manhattan,QMT E Manhattan Side - Toll Plaza
49.08,223,Queens,CVE NB LIE - WILLETS PT BLVD
49.08,153,Staten Island,WSE N TYRELLAN AVENUE - BLOOMINGDALE ROAD
14.29,440,Manhattan,12th ave @ 45th - 11 ave ganservoort st
29.82,392,Queens,CIP N LIE ramp - TNB
31.68,173,Manhattan,LINCOLN TUNNEL E SOUTH TUBE - NJ - NY
22.36,535,Queens,Belt Pkwy W JFK Expressway - VWE N Jamaica Ave
34.79,68,Manhattan,TBB W - FDR S MANHATTAN TRUSS - E116TH STREET
8.69,494,Bronx,CBE W MORRIS AVE - GWB W AMSTERDAM AVE (L/LVL)
42.25,177,Queens,TBB S MANHATTAN LIFT SPAN - QUEENS ANCHORAGE
45.98,139,Queens,BWB S Queens Anchorage - WSE S Exit 14 (Linden Pl)
46.6,100,Brooklyn,VNB W BROOKLYN GANTRY UPPER LEVEL - SI GANTRY UPPER LEVEL
24.85,258,Manhattan,BBT E Manhattan Portal - Toll Plaza
53.43,147,Staten Island,WSE N ARDEN AVENUE - VICTORY BLVD
54.05,126,Queens,TNB N Queens Anchorage - Toll Plaza
57.16,47,Queens,TNB S Qns Anchorage - CIP S @ TNB
48.46,47,Staten Island,SIE E VNB E FINGERBOARD ROAD - SI GANTRY LOWER LEVEL
34.79,205,Queens,MDE S TBB EXIT RAMP - QUEENS ANCHORAGE
13.67,403,Manhattan,West St S Spring St - BBT Manhattan Portal outbound
38.52,55,Staten Island,VNB W-SIE W SI GANTRY LOWER LEVEL - FINGERBOARD ROAD
59.65,98,Staten Island,SIE W FINGERBOARD ROAD - CLOVE ROAD
40.38,396,Queens,CIP NB GCP - TNB
41.63,120,Manhattan,LINCOLN TUNNEL W NORTH TUBE NY - NJ
0.0,0,Manhattan,BQE N Atlantic Ave - MAN Bridge Manhattan Side
34.79,67,Manhattan,FDR N - TBB E 116TH STREET - MANHATTAN TRUSS
26.71,599,Queens,CIP NB GCP - TNB
24.23,293,Brooklyn,BQE N LEONARD STREET - 46TH STREET
49.08,43,Brooklyn,VNB E-GOWANUS N BROOKLYN GANTRY LOWER LEVEL - 92ND STREET
27.96,244,Queens,VWE S MP4.63 (Exit 6 Jamaica Ave) - MP2.66 (Exit 2 Roackaway Blvd)
6.21,1037,Queens,Whitestone Expwy N Exit 14 (Linden Pl) - BWB N Queens Anchorage
22.36,234,Manhattan,QMT E Manhattan Side - Toll Plaza
51.57,52,Queens,TNB S Qns Anchorage - CIP S @ TNB
13.04,768,Manhattan,FDR N Catherine Slip - 25th St
0.0,0,Brooklyn,GOW N 9TH STREET - ATLANTIC AVENUE
26.09,384,Manhattan,FDR S 25th St - Catherine Slip
49.08,87,Bronx,CBE W MORRIS AVE - GWB W AMSTERDAM AVE (U/LVL)
47.84,337,Queens,CIP NB GCP - TNB
55.3,142,Staten Island,WSE N ARDEN AVENUE - VICTORY BLVD
55.3,137,Queens,CIP S Hempstead Tpk - Laurelton Pkwy @ SSP
33.55,71,Manhattan,TBB W - FDR S MANHATTAN TRUSS - E116TH STREET
3.72,991,Brooklyn,BQE S - GOW S ALTANTIC AVENUE - 9TH STREET
13.67,191,Staten Island,SIE E SOUTH AVENUE - RICHMOND AVENUE
53.43,110,Staten Island,SIE W FINGERBOARD ROAD - CLOVE ROAD
41.01,122,Manhattan,LINCOLN TUNNEL W NORTH TUBE NY - NJ
3.1,942,Manhattan,11th ave s ganservoort - west st @ spring st
50.95,105,Queens,VWE S MP8.65 (Exit 13 Northern Blvd) - MP6.39 (Exit 11 Jewel Ave)
55.92,123,Queens,TNB N Queens Anchorage - Toll Plaza
0.0,0,Brooklyn,GOW S 9TH STREET - 7TH AVENUE
26.09,467,Queens,Belt Pkwy W JFK Expressway - VWE N Jamaica Ave
18.64,493,Queens,Belt Pkwy E 182nd St - Laurelton Pkwy N @ SSP
55.3,141,Staten Island,WSE N ARDEN AVENUE - VICTORY BLVD
58.4,128,Bronx,BE N Castle Hill Avenue - Griswold Ave
29.82,397,Queens,CIP N LIE ramp - TNB
26.71,171,Bronx,BWB S Toll Plaza - Queens Anchorage
4.34,523,Manhattan,12th Ave S 57th St - 45th St
41.63,56,Staten Island,SIE E VNB E FINGERBOARD ROAD - SI GANTRY LOWER LEVEL
47.84,45,Staten island,VNB W-SIE W SI GANTRY UPPER LEVEL - FINGERBOARD ROAD
55.92,83,Brooklyn,VNB E SI GANTRY LOWER LEVEL - BROOLKYN GANTRY LOWER LEVEL
29.82,238,Brooklyn,BQE N LEONARD STREET - 46TH STREET
50.33,92,Bronx,BWB S Toll Plaza - Queens Anchorage
0.0,0,Manhattan,BQE N Atlantic Ave - BKN Bridge Manhattan Side
54.68,49,Staten Island,SIE E SOUTH AVENUE - RICHMOND AVENUE
53.43,53,Staten Island,SIE W RICHMOND AVENUE - SOUTH AVENUE
0.0,0,Staten Island,MLK S - SIE E WALKER STREET - WOOLEY AVENUE
47.22,167,Staten Island,WSE S VICTORY BOULEVARD - ARDEN AVENUE
45.98,201,Queens,Laurelton Pkwy S @ SSP - Belt Pkwy W 182nd St
47.22,190,Queens,VWE N MP4.63 (Exit 6 - Jamaica Ave) - MP6.39 (Exit 11 Jewel Ave)
11.8,768,Queens,Belt Pkwy E 182nd St - Laurelton Pkwy N @ SSP
0.0,0,Bronx,BRP S FORDHAM ROAD - WATSON AVENUE
48.46,33,Staten Island,SIE E WOOLEY AVENUE - BRADLEY AVENUE
52.81,142,Staten Island,WSE N TYRELLAN AVENUE - BLOOMINGDALE ROAD
48.46,52,Bronx,CBE E TAYLOR AVENUE - CASTLE HILL AVENUE
49.08,108,Queens,VWE S MP8.65 (Exit 13 Northern Blvd) - MP6.39 (Exit 11 Jewel Ave)
18.01,302,Manhattan,LINCOLN TUNNEL E CENTER TUBE NJ - NY
45.36,204,Queens,Laurelton Pkwy S @ SSP - Belt Pkwy W 182nd St
44.73,167,Bronx,BE S Griswold - Castle Hill Avenue
10.56,302,Manhattan,12th Ave N 40th - 57th St
33.55,65,Queens,CIP N ramp to TNB - TNB Queens Anchorage
49.08,90,Bronx,HRP N LAFAYETTE AVENUE - E TREMONT AVENUE
0.0,0,Staten Island,MLK S - SIE E WALKER STREET - WOOLEY AVENUE
0.0,0,Brooklyn,GOW S 9TH STREET - 7TH AVENUE
46.6,49,Staten Island,SIE E VNB E FINGERBOARD ROAD - SI GANTRY LOWER LEVEL
0.0,0,Staten Island,MLK S - SIE E WALKER STREET - WOOLEY AVENUE
45.36,47,Brooklyn,GOW S VNB W 92ND STREET - BKLYN GANTRY UPPER LEVEL
60.27,152,Queens,Belt Pkwy E 182nd St - Laurelton Pkwy N @ SSP
42.25,55,Staten Island,SIE E VNB E FINGERBOARD ROAD - SI GANTRY LOWER LEVEL
59.03,118,Staten Island,SIE W - WSE S SOUTH AVENUE - SOUTH AVENUE
27.34,264,Queens,TBB N QUEENS ANCHORAGE - BE N
39.14,54,Brooklyn,VNB E-GOWANUS N BROOKLYN GANTRY UPPER LEVEL - 92ND STREET
49.7,57,Staten Island,SIE W RICHMOND AVENUE - SOUTH AVENUE
11.8,568,Manhattan,FDR N 25th - 63rd St
41.63,129,Queens,VWE S MP8.65 (Exit 13 Northern Blvd) - MP6.39 (Exit 11 Jewel Ave)
50.95,91,Queens,BWB N Queens Anchorage - Toll Plaza
45.36,48,Queens,CIP N ramp to TNB - TNB Queens Anchorage
0.0,0,Staten Island,MLK S - SIE E WALKER STREET - WOOLEY AVENUE
41.63,103,Brooklyn,GOW N 92ND STREET - 7TH AVENUE
0.0,0,Bronx,BRP S FORDHAM ROAD - WATSON AVENUE
29.2,303,Queens,VWE S MP6.39 (Exit 11 Jewel Ave) - MP4.63 (Exit 6 Jamaica Ave)
0.0,0,Manhattan,LINCOLN TUNNEL E CENTER TUBE NJ - NY
0.0,0,Staten Island,440 N FRANCIS STREET - WSE N TYRELLAN AVE
38.52,193,Queens,TBB S MANHATTAN LIFT SPAN - QUEENS ANCHORAGE
12.42,364,Brooklyn,VNB W BROOKLYN GANTRY UPPER LEVEL - SI GANTRY UPPER LEVEL
45.98,93,Bronx,CBE E AMSTERDAM AVE(U/LVL) - MORRIS AVE
44.73,243,Queens,CVE NB LIE - WILLETS PT BLVD
32.31,199,Manhattan,BBT E Manhattan Portal - Toll Plaza
19.26,429,Bronx,CBE W U/LEV AMSTERDAM AVE - I95 S EXP LNS
23.61,347,Bronx,CBE W U/LEV AMSTERDAM AVE - I95 S EXP LNS
0.0,0,Brooklyn,GOW N 7TH AVENUE - 9TH STREET
0.0,0,Staten Island,MLK S - SIE W WALKER STREET - RICHMOND AVENUE
55.92,123,Queens,TNB N Queens Anchorage - Toll Plaza
47.22,53,Bronx,CBE E TAYLOR AVENUE - CASTLE HILL AVENUE
55.92,165,Queens,Laurelton Pkwy S @ SSP - Belt Pkwy W 182nd St
4.34,532,Bronx,CBE W CASTLE HILL AVENUE - TAYLOR AVENUE
22.99,441,Manhattan,FDR S 25th St - Catherine Slip
49.08,120,Staten Island,SIE W FINGERBOARD ROAD - CLOVE ROAD
50.95,147,Staten Island,WSE N TYRELLAN AVENUE - BLOOMINGDALE ROAD
0.0,0,Manhattan,BQE N Atlantic Ave - BKN Bridge Manhattan Side
52.81,26,Staten Island,SIE W BRADLEY AVENUE - WOOLEY AVENUE
15.53,208,Manhattan,12th Ave N 40th - 57th St
44.73,103,Queens,BWB N Queens Anchorage - Toll Plaza
54.68,121,Staten Island,SIE E BRADLEY AVENUE - CLOVE ROAD
23.61,182,Bronx,CBE W MORRIS AVE - GWB W AMSTERDAM AVE (U/LVL)
13.04,529,Brooklyn,BQE N LEONARD STREET - 46TH STREET
38.52,514,Manhattan,Westside Hwy N 57th St - GWB
16.77,159,Staten Island,SIE E SOUTH AVENUE - RICHMOND AVENUE
5.59,995,Manhattan,West St S Spring St - BBT Manhattan Portal outbound
9.94,541,Manhattan,LINCOLN TUNNEL E SOUTH TUBE - NJ - NY
16.15,759,Queens,Belt Pkwy W JFK Expressway - VWE N Jamaica Ave
31.68,169,Manhattan,QMT E Manhattan Side - Toll Plaza
0.0,0,Queens,BE S TBB EXIT RAMP - QUEENS ANCHORAGE
15.53,411,Manhattan,12th ave @ 45th - 11 ave ganservoort st
57.16,137,Staten Island,WSE S VICTORY BOULEVARD - ARDEN AVENUE
26.71,167,Bronx,MDE S HARLEM RIVER PARK - GWB W AMSTERDAM AVENUE LOWER LEVEL
50.95,322,Queens,CVE NB GCP - WILLETS PT BLVD
53.43,86,Brooklyn,VNB W BROOKLYN GANTRY LOWER LEVEL - SI GANTRY LOWER LEVEL
55.3,84,Bronx,BE N STRATFORD AVENUE - CASTLE HILL AVE
38.52,129,Manhattan,LINCOLN TUNNEL W NORTH TUBE NY - NJ
19.26,279,Manhattan,11th ave n ganservoort - 12th ave @ 40th st
35.41,65,Staten Island,SIE E VNB E FINGERBOARD ROAD - SI GANTRY UPPER LEVEL
13.67,525,Queens,TBB N QUEENS ANCHORAGE - BE N
57.78,135,Staten Island,WSE N ARDEN AVENUE - VICTORY BLVD
36.03,246,Queens,VWE N MP4.63 (Exit 6 - Jamaica Ave) - MP6.39 (Exit 11 Jewel Ave)
57.78,44,Bronx,CBE E TAYLOR AVENUE - CASTLE HILL AVENUE
57.78,129,Bronx,BE N Castle Hill Avenue - Griswold Ave
63.37,62,Staten Island,SIE W WOOLEY AVENUE - RICHMOND AVENUE
15.53,165,Manhattan,FDR S Catherine Slip - BKN Bridge Manhattan Side
54.68,138,Staten Island,WSE N TYRELLAN AVENUE - BLOOMINGDALE ROAD
47.84,48,Staten Island,SIE E VNB E FINGERBOARD ROAD - SI GANTRY UPPER LEVEL
19.26,455,Queens,VWE N MP4.63 (Exit 6 - Jamaica Ave) - MP6.39 (Exit 11 Jewel Ave)
50.95,175,Queens,VWE N MP4.63 (Exit 6 - Jamaica Ave) - MP6.39 (Exit 11 Jewel Ave)
40.38,110,Bronx,MDE S HARLEM RIVER PARK - GWB W AMSTERDAM AVENUE LOWER LEVEL
59.65,277,Queens,CVE NB GCP - WILLETS PT BLVD
33.55,235,Queens,Laurelton Pkwy N @ SSP - CIP N Hempstead Tpk
0.0,0,Brooklyn,GOW S 9TH STREET - 7TH AVENUE
60.89,100,Staten Island,WSE N-SIE E SOUTH AVENUE - SOUTH AVENUE
0.0,0,Brooklyn,GOW S 9TH STREET - 7TH AVENUE
56.54,139,Staten Island,WSE N ARDEN AVENUE - VICTORY BLVD
50.95,135,Queens,TNB S Toll Plaza - Queens Anchorage
41.63,51,Staten island,VNB W-SIE W SI GANTRY UPPER LEVEL - FINGERBOARD ROAD
40.38,490,Manhattan,Westside Hwy S GWB - 57th St
34.17,261,Queens,VWE S MP6.39 (Exit 11 Jewel Ave) - MP4.63 (Exit 6 Jamaica Ave)
24.85,198,Queens,LIE W 108TH ST - 84TH ST
49.7,86,Brooklyn,GOW N 92ND STREET - 7TH AVENUE
52.19,102,Queens,VWE N MP6.39 (Exit 11 Jewel Ave) - MP8.65 (Exit 13 Northern Blvd)
4.97,1606,Bronx,CBE W L/LE V AMSTERDAM AVE - I 95 S LOC LNS
40.38,39,Staten Island,SIE E WOOLEY AVENUE - BRADLEY AVENUE
44.73,35,Staten Island,SIE E WOOLEY AVENUE - BRADLEY AVENUE
27.34,220,Staten Island,WSE N-SIE E SOUTH AVENUE - SOUTH AVENUE
19.88,807,Queens,CIP NB GCP - TNB
53.43,100,Queens,VWE N MP8.64 (Exit 13 Northern Blvd) - Whitestone Expwy Exit 14 (Linden Pl)
0.0,0,Brooklyn,BQE S - GOW S ALTANTIC AVENUE - 9TH STREET
55.3,48,Staten Island,SIE E SOUTH AVENUE - RICHMOND AVENUE
17.39,148,Manhattan,BKN Bridge Manhattan Side - FDR N Catherine Slip
50.33,120,Staten Island,WSE N-SIE E SOUTH AVENUE - SOUTH AVENUE
5.59,450,Bronx,HRP S Lafayette Ave - BWB S Toll Plaza
54.68,49,Staten Island,SIE E SOUTH AVENUE - RICHMOND AVENUE
42.87,239,Manhattan,FDR S 25th St - Catherine Slip
48.46,44,Brooklyn,GOW S VNB W 92ND STREET - BKLYN GANTRY LOWER LEVEL
0.0,0,Staten Island,SIE W - MLK N WOOLEY AVENUE - WLAKER STREET
52.81,134,Brooklyn,BQE N LEONARD STREET - 46TH STREET
21.74,326,Brooklyn,BQE N LEONARD STREET - 46TH STREET
52.19,141,Manhattan,GWB E LOWER LEVEL PLAZA - CBE E LOWER LEVEL AMSTERDAM AVE
0.0,0,Manhattan,BQE N Atlantic Ave - BKN Bridge Manhattan Side
0.0,0,Brooklyn,GOW N 7TH AVENUE - 9TH STREET
47.84,89,Brooklyn,GOW N 92ND STREET - 7TH AVENUE
0.0,0,Staten Island,MLK S - SIE W WALKER STREET - RICHMOND AVENUE
49.7,93,Queens,BWB N Queens Anchorage - Toll Plaza
45.98,157,Queens,MDE S TBB EXIT RAMP - QUEENS ANCHORAGE
45.36,47,Brooklyn,VNB E-GOWANUS N BROOKLYN GANTRY LOWER LEVEL - 92ND STREET
57.78,86,Staten Island,WSE N BLOOMUINGDALE ROAD - ARDEN AVENUE
36.03,180,Manhattan,BBT E Manhattan Portal - Toll Plaza
58.4,157,Queens,Belt Pkwy E 182nd St - Laurelton Pkwy N @ SSP
0.0,0,Staten Island,MLK S - SIE W WALKER STREET - RICHMOND AVENUE
9.32,566,Manhattan,LINCOLN TUNNEL E CENTER TUBE NJ - NY
0.0,0,Staten Island,MLK S - SIE W WALKER STREET - RICHMOND AVENUE
0.0,0,Brooklyn,GOW S 9TH STREET - 7TH AVENUE
8.07,786,Manhattan,12th ave @ 45th - 11 ave ganservoort st
34.17,201,Manhattan,FDR S 63rd - 25th St
50.95,226,Queens,CIP N TNB - Whitestone Expwy S Exit 14 (Linden Pl)
46.6,426,Manhattan,Westside Hwy S GWB - 57th St
52.19,44,Staten Island,SIE E VNB E FINGERBOARD ROAD - SI GANTRY LOWER LEVEL
55.3,142,Staten Island,WSE N ARDEN AVENUE - VICTORY BLVD
4.97,1921,Manhattan,FDR N Catherine Slip - 25th St
47.22,99,Bronx,BE N STRATFORD AVENUE - CASTLE HILL AVE
44.73,96,Bronx,CBE E AMSTERDAM AVE(U/LVL) - MORRIS AVE
11.18,489,Manhattan,LINCOLN TUNNEL E SOUTH TUBE - NJ - NY
21.74,422,Queens,Belt Pkwy E 182nd St - Laurelton Pkwy N @ SSP
39.76,60,Manhattan,TBB W - FDR S MANHATTAN TRUSS - E116TH STREET
37.9,63,Manhattan,TBB W - FDR S MANHATTAN TRUSS - E116TH STREET
0.0,0,Manhattan,BQE N Atlantic Ave - BKN Bridge Manhattan Side
51.57,104,Queens,VWE N MP6.39 (Exit 11 Jewel Ave) - MP8.65 (Exit 13 Northern Blvd)
50.33,218,Queens,CIP S LIE - Hempstead Tpk
1.24,5989,Bronx,CBE W L/LE V AMSTERDAM AVE - I 95 S LOC LNS
49.7,93,Brooklyn,VNB W BROOKLYN GANTRY UPPER LEVEL - SI GANTRY UPPER LEVEL
34.79,154,Manhattan,QMT E Manhattan Side - Toll Plaza
8.07,523,Bronx,CBE W MORRIS AVE - GWB W AMSTERDAM AVE (L/LVL)
40.38,97,Queens,LIE WB LITTLE NECK PKWY - NB CIP
54.68,85,Queens,BWB N Queens Anchorage - Toll Plaza
50.33,128,Queens,BWB S Queens Anchorage - WSE S Exit 14 (Linden Pl)
43.49,103,Bronx,HRP N LAFAYETTE AVENUE - E TREMONT AVENUE
42.25,130,Bronx,BRP N WATSON AVENUE - FORDHAM ROAD
25.47,269,Queens,TNB S Toll Plaza - Queens Anchorage
0.0,0,Brooklyn,GOW N 9TH STREET - ATLANTIC AVENUE
46.6,50,Staten Island,SIE E VNB E FINGERBOARD ROAD - SI GANTRY LOWER LEVEL
21.12,332,Brooklyn,BQE S 46TH STREET - LEONARD STREET
38.52,414,Queens,CIP NB GCP - TNB
39.14,164,Queens,Whitestone Expwy N Exit 14 (Linden Pl) - BWB N Queens Anchorage
54.05,79,Bronx,CBE E AMSTERDAM AVE(U/LVL) - MORRIS AVE
42.87,150,Queens,Whitestone Expwy N Exit 14 (Linden Pl) - BWB N Queens Anchorage
46.6,92,Bronx,CBE AMSTERDAM AVE (L/LVL) - MORRIS AVE
17.39,280,Queens,LIE E 84TH ST - 108TH ST
52.19,89,Bronx,BWB S Toll Plaza - Queens Anchorage
40.38,39,Staten Island,SIE E WOOLEY AVENUE - BRADLEY AVENUE
9.94,526,Manhattan,QMT E Manhattan Side - Toll Plaza
45.98,46,Brooklyn,GOW S VNB W 92ND STREET - BKLYN GANTRY UPPER LEVEL
9.94,532,Manhattan,LINCOLN TUNNEL E SOUTH TUBE - NJ - NY
19.88,247,Queens,LIE W 108TH ST - 84TH ST
37.28,293,Queens,CIP S LIE - Hempstead Tpk
13.04,507,Queens,VWE S MP4.63 (Exit 6 Jamaica Ave) - MP2.66 (Exit 2 Roackaway Blvd)
41.01,52,Staten Island,VNB W-SIE W SI GANTRY LOWER LEVEL - FINGERBOARD ROAD
0.0,0,Brooklyn,GOW S VNB W 92ND STREET - BKLYN GANTRY LOWER LEVEL
49.7,86,Bronx,CBE AMSTERDAM AVE (L/LVL) - MORRIS AVE
33.55,116,Staten Island,SIE W WOOLEY AVENUE - RICHMOND AVENUE
18.01,397,Queens,TBB N QUEENS ANCHORAGE - BE N
54.68,127,Staten Island,SIE W - WSE S SOUTH AVENUE - SOUTH AVENUE
0.0,0,Queens,CIP S Hempstead Tpk - Laurelton Pkwy @ SSP
49.08,55,Queens,TNB S Qns Anchorage - CIP S @ TNB
55.3,142,Staten Island,WSE S VICTORY BOULEVARD - ARDEN AVENUE
55.3,142,Staten Island,WSE N ARDEN AVENUE - VICTORY BLVD
36.03,180,Manhattan,BBT W Toll Plaza - Manhattan Portal
49.7,154,Staten Island,440 N FRANCIS STREET - WSE N TYRELLAN AVE
57.78,86,Staten Island,WSE N BLOOMUINGDALE ROAD - ARDEN AVENUE
52.81,142,Staten Island,WSE N TYRELLAN AVENUE - BLOOMINGDALE ROAD
50.95,105,Queens,VWE S MP8.65 (Exit 13 Northern Blvd) - MP6.39 (Exit 11 Jewel Ave)
17.39,284,Manhattan,LINCOLN TUNNEL W NORTH TUBE NY - NJ
37.28,142,Queens,VWE N MP6.39 (Exit 11 Jewel Ave) - MP8.65 (Exit 13 Northern Blvd)
0.0,0,Manhattan,FDR S 25th St - Catherine Slip
49.08,130,Queens,Whitestone Expwy N Exit 14 (Linden Pl) - BWB N Queens Anchorage
32.93,162,Manhattan,QMT E Manhattan Side - Toll Plaza
10.56,597,Manhattan,BBT W Toll Plaza - Manhattan Portal
38.52,55,Brooklyn,VNB E-GOWANUS N BROOKLYN GANTRY UPPER LEVEL - 92ND STREET
44.73,103,Brooklyn,VNB E SI GANTRY UPPER LEVEL - BROOKLYN GANTRY UPPER LEVEL
58.4,119,Staten Island,SIE W - WSE S SOUTH AVENUE - SOUTH AVENUE
0.0,0,Bronx,I-87 NYST S Exit 1 - MDE S Van Cortlandt Park
0.0,0,Staten Island,SIE W - MLK N WOOLEY AVENUE - WLAKER STREET
0.0,0,Bronx,BRP N WATSON AVENUE - FORDHAM ROAD
37.28,171,Queens,Whitestone Expwy N Exit 14 (Linden Pl) - BWB N Queens Anchorage
58.4,64,Queens,Belt Pkwy W 182nd St - JFK Expressway
6.83,595,Bronx,CBE AMSTERDAM AVE (L/LVL) - MORRIS AVE
16.77,290,Queens,LIE W 108TH ST - 84TH ST
41.63,38,Staten Island,SIE E WOOLEY AVENUE - BRADLEY AVENUE
49.08,43,Brooklyn,GOW S VNB W 92ND STREET - BKLYN GANTRY LOWER LEVEL
52.19,144,Bronx,BE N Castle Hill Avenue - Griswold Ave
0.0,0,Staten Island,MLK N WALKER STREET - NJ ROUTE 169
25.47,282,Brooklyn,BQE N LEONARD STREET - 46TH STREET
0.0,0,Queens,BE S TBB EXIT RAMP - QUEENS ANCHORAGE
17.39,150,Staten Island,SIE E SOUTH AVENUE - RICHMOND AVENUE
46.6,92,Brooklyn,GOW N 92ND STREET - 7TH AVENUE
0.0,0,Brooklyn,BQE S - GOW S ALTANTIC AVENUE - 9TH STREET
0.0,0,Bronx,CBE W L/LE V AMSTERDAM AVE - I 95 S LOC LNS
44.11,116,Bronx,MDE N RFK Bridge - 142nd St
33.55,223,Bronx,BE S Griswold - Castle Hill Avenue
9.32,473,Bronx,MDE S HARLEM RIVER PARK - GWB W AMSTERDAM AVENUE LOWER LEVEL
62.75,125,Staten Island,WSE N ARDEN AVENUE - VICTORY BLVD
12.42,208,Queens,TNB S Qns Anchorage - CIP S @ TNB
21.74,553,Queens,Belt Pkwy W JFK Expressway - VWE N Jamaica Ave
0.0,0,Manhattan,FDR S Catherine Slip - BKN Bridge Manhattan Side
0.0,0,Brooklyn,GOW N 7TH AVENUE - 9TH STREET
53.43,80,Brooklyn,GOW S 7TH AVENUE - 92ND STREET
41.01,57,Staten Island,SIE E VNB E FINGERBOARD ROAD - SI GANTRY LOWER LEVEL
12.42,338,Bronx,CBE W MORRIS AVE - GWB W AMSTERDAM AVE (L/LVL)
0.0,0,Brooklyn,BQE S - GOW S ALTANTIC AVENUE - 9TH STREET
23.61,292,Queens,VWE S MP4.63 (Exit 6 Jamaica Ave) - MP2.66 (Exit 2 Roackaway Blvd)
0.0,0,Brooklyn,GOW S 9TH STREET - 7TH AVENUE
0.0,0,Staten Island,SIE E-MLK N RICHMOND AVENUE - WALKER STREET
27.96,385,Queens,VWE S MP2.66 (Exit 2 Rockaway Blvd) - Belt Pkwy E 182nd St
0.0,0,Brooklyn,GOW N 9TH STREET - ATLANTIC AVENUE
34.17,259,Queens,VWE N MP4.63 (Exit 6 - Jamaica Ave) - MP6.39 (Exit 11 Jewel Ave)
59.65,137,Bronx,I-87 NYST S Exit 1 - MDE S Van Cortlandt Park
0.0,0,Staten Island,MLK S - SIE W WALKER STREET - RICHMOND AVENUE
65.86,78,Staten Island,WSE S ARDEN AVENUE - BLOOMINGDALE ROAD
6.21,634,Bronx,CBE W MORRIS AVE - GWB W AMSTERDAM AVE (L/LVL)
50.33,128,Queens,BWB S Queens Anchorage - WSE S Exit 14 (Linden Pl)
33.55,158,Queens,VWE N MP8.64 (Exit 13 Northern Blvd) - Whitestone Expwy Exit 14 (Linden Pl)
13.67,315,Bronx,CBE AMSTERDAM AVE (L/LVL) - MORRIS AVE
13.67,385,Manhattan,11th ave n ganservoort - 12th ave @ 40th st
10.56,510,Manhattan,LINCOLN TUNNEL E SOUTH TUBE - NJ - NY
45.36,260,Queens,CIP N LIE ramp - TNB
21.74,329,Queens,TBB N QUEENS ANCHORAGE - BE N
53.43,86,Brooklyn,VNB W BROOKLYN GANTRY LOWER LEVEL - SI GANTRY LOWER LEVEL
26.71,89,Manhattan,FDR N - TBB E 116TH STREET - MANHATTAN TRUSS
55.92,133,Bronx,BE N Castle Hill Avenue - Griswold Ave
54.05,109,Staten Island,SIE W FINGERBOARD ROAD - CLOVE ROAD
45.98,236,Queens,VWE S MP2.66 (Exit 2 Rockaway Blvd) - Belt Pkwy E 182nd St
16.15,270,Bronx,BE S CASTLE HILL AVENUE - STRATFORD AVENUE
48.46,242,Queens,CIP N LIE ramp - TNB
27.96,95,Manhattan,FDR S Catherine Slip - BKN Bridge Manhattan Side
62.13,51,Staten Island,WSE N VICTORY BLVD - SOUTH AVENUE
55.3,96,Queens,VWE S MP8.65 (Exit 13 Northern Blvd) - MP6.39 (Exit 11 Jewel Ave)
43.49,454,Manhattan,Westside Hwy S GWB - 57th St
25.47,216,Manhattan,LINCOLN TUNNEL W CENTER TUBE NY - NJ
49.08,80,Queens,LIE WB LITTLE NECK PKWY - NB CIP
57.16,47,Queens,TNB S Qns Anchorage - CIP S @ TNB
27.96,708,Manhattan,Westside Hwy N 57th St - GWB
0.0,0,Manhattan,BQE N Atlantic Ave - MAN Bridge Manhattan Side
0.0,0,Manhattan,BKN Bridge Manhattan Side - FDR N Catherine Slip
59.65,66,Staten Island,SIE W WOOLEY AVENUE - RICHMOND AVENUE
32.31,229,Bronx,BE N Castle Hill Avenue - Griswold Ave
50.95,135,Queens,VWE S MP4.63 (Exit 6 Jamaica Ave) - MP2.66 (Exit 2 Roackaway Blvd)
49.7,78,Staten Island,SIE W WOOLEY AVENUE - RICHMOND AVENUE
41.63,179,Bronx,BE S Griswold - Castle Hill Avenue
0.0,0,Manhattan,BQE N Atlantic Ave - MAN Bridge Manhattan Side
51.57,145,Staten Island,WSE N TYRELLAN AVENUE - BLOOMINGDALE ROAD
21.12,323,Manhattan,FDR N 25th - 63rd St
0.0,0,Brooklyn,BQE S - GOW S ALTANTIC AVENUE - 9TH STREET
0.0,0,Bronx,CBE W L/LE V AMSTERDAM AVE - I 95 S LOC LNS
45.36,95,Bronx,CBE E AMSTERDAM AVE(U/LVL) - MORRIS AVE
57.78,77,Bronx,HRP N LAFAYETTE AVENUE - E TREMONT AVENUE
37.9,69,Manhattan,FDR S Catherine Slip - BKN Bridge Manhattan Side
54.05,99,Queens,VWE N MP6.39 (Exit 11 Jewel Ave) - MP8.65 (Exit 13 Northern Blvd)
42.25,50,Brooklyn,VNB E-GOWANUS N BROOKLYN GANTRY LOWER LEVEL - 92ND STREET
0.0,0,Staten Island,ROUTE 169 S - MLK WALKER STREET
21.12,233,Queens,LIE E 84TH ST - 108TH ST
9.94,245,Bronx,CBE W CASTLE HILL AVENUE - TAYLOR AVENUE
29.2,91,Manhattan,FDR S Catherine Slip - BKN Bridge Manhattan Side
0.0,0,Staten Island,ROUTE 169 S - MLK WALKER STREET
8.07,613,Bronx,MDE N RFK Bridge - 142nd St
41.63,133,Bronx,BRP N WATSON AVENUE - FORDHAM ROAD
0.0,0,Manhattan,BQE N Atlantic Ave - MAN Bridge Manhattan Side
57.78,129,Bronx,BE N Castle Hill Avenue - Griswold Ave
45.98,85,Staten Island,SIE E RICHMOND AVENUE - WOOLEY AVENUE
0.0,0,Staten Island,SIE W - MLK N WOOLEY AVENUE - WLAKER STREET
0.0,0,Queens,Laurelton Pkwy S @ SSP - Belt Pkwy W 182nd St
52.81,53,Staten Island,WSE S SOUTH AVENUE - VICTORY BOULEVARD
9.94,542,Manhattan,11th ave n ganservoort - 12th ave @ 40th st
52.19,120,Staten Island,WSE S BLLOMINGDALE ROAD - TYRELLAN AVENUE
29.82,87,Manhattan,BKN Bridge Manhattan Side - FDR N Catherine Slip
26.71,283,Staten Island,WSE S TYRELLAN AVENUE - 440 S FRANCIS STREET
64.62,50,Staten Island,WSE N VICTORY BLVD - SOUTH AVENUE
36.66,151,Manhattan,LINCOLN TUNNEL W CENTER TUBE NY - NJ
26.09,151,Staten Island,SIE W WOOLEY AVENUE - RICHMOND AVENUE
16.77,377,Manhattan,BBT E Manhattan Portal - Toll Plaza
14.29,477,Manhattan,FDR N 25th - 63rd St
44.73,200,Queens,VWE N MP4.63 (Exit 6 - Jamaica Ave) - MP6.39 (Exit 11 Jewel Ave)
38.52,98,Queens,Belt Pkwy W 182nd St - JFK Expressway
62.75,62,Staten Island,SIE W WOOLEY AVENUE - RICHMOND AVENUE
50.33,84,Brooklyn,GOW N 92ND STREET - 7TH AVENUE
49.7,125,Staten Island,WSE S BLLOMINGDALE ROAD - TYRELLAN AVENUE
58.4,85,Staten Island,WSE N BLOOMUINGDALE ROAD - ARDEN AVENUE
44.73,99,Bronx,BE S CASTLE HILL AVENUE - STRATFORD AVENUE
17.39,412,Brooklyn,BQE S 46TH STREET - LEONARD STREET
64.62,94,Staten Island,WSE N-SIE E SOUTH AVENUE - SOUTH AVENUE
51.57,83,Bronx,CBE E AMSTERDAM AVE(U/LVL) - MORRIS AVE
6.21,1333,Bronx,CBE W L/LE V AMSTERDAM AVE - I 95 S LOC LNS
54.05,102,Staten Island,SIE E CLOVE ROAD - FINGERBOARD ROAD
47.84,52,Bronx,BWB N Toll Plaza - HRP N Lafayatte Ave
42.25,50,Brooklyn,VNB E-GOWANUS N BROOKLYN GANTRY UPPER LEVEL - 92ND STREET
47.84,150,Queens,MDE S TBB EXIT RAMP - QUEENS ANCHORAGE
14.91,285,Bronx,CBE W MORRIS AVE - GWB W AMSTERDAM AVE (U/LVL)
49.08,58,Staten Island,WSE S SOUTH AVENUE - VICTORY BOULEVARD
52.81,125,Staten Island,SIE E BRADLEY AVENUE - CLOVE ROAD
41.01,57,Manhattan,FDR N - TBB E 116TH STREET - MANHATTAN TRUSS
45.36,55,Bronx,HRP S Lafayette Ave - BWB S Toll Plaza
49.7,107,Queens,VWE N MP8.64 (Exit 13 Northern Blvd) - Whitestone Expwy Exit 14 (Linden Pl)
55.92,196,Queens,CIP S LIE - Hempstead Tpk
54.05,82,Bronx,HRP N LAFAYETTE AVENUE - E TREMONT AVENUE
48.46,170,Bronx,CBE W U/LEV AMSTERDAM AVE - I95 S EXP LNS
60.27,100,Staten Island,WSE N-SIE E SOUTH AVENUE - SOUTH AVENUE
47.84,344,Queens,CVE NB GCP - WILLETS PT BLVD
0.0,0,Queens,BE S TBB EXIT RAMP - QUEENS ANCHORAGE
32.31,74,Manhattan,TBB W - FDR S MANHATTAN TRUSS - E116TH STREET
0.0,0,Staten Island,MLK N WALKER STREET - NJ ROUTE 169
32.31,164,Queens,QMT W Toll Plaza - Manhattan Side
47.84,170,Queens,TBB N QUEENS ANCHORAGE - MANHATTAN LIFT SPAN
8.07,790,Manhattan,BBT E Manhattan Portal - Toll Plaza
15.53,193,Queens,BE S TBB EXIT RAMP - MANHATTAN LIFT SPAN
50.33,109,Staten Island,SIE E CLOVE ROAD - FINGERBOARD ROAD
15.53,405,Manhattan,BBT W Toll Plaza - Manhattan Portal
37.9,289,Queens,CIP S LIE - Hempstead Tpk
6.83,992,Manhattan,FDR N 25th - 63rd St
0.0,0,Brooklyn,GOW S 9TH STREET - 7TH AVENUE
11.8,193,Manhattan,12th Ave S 57th St - 45th St
0.0,0,Queens,BE S TBB EXIT RAMP - QUEENS ANCHORAGE
7.45,440,Manhattan,11th ave s ganservoort - west st @ spring st
65.86,60,Staten Island,SIE W WOOLEY AVENUE - RICHMOND AVENUE
34.17,216,Manhattan,GWB E LOWER LEVEL PLAZA - CBE E LOWER LEVEL AMSTERDAM AVE
46.6,196,Queens,Laurelton Pkwy S @ SSP - Belt Pkwy W 182nd St
21.12,202,Bronx,MDE S HARLEM RIVER PARK - GWB W AMSTERDAM AVENUE UPPER LEVEL
0.0,0,Manhattan,BQE N Atlantic Ave - BKN Bridge Manhattan Side
34.79,185,Manhattan,BBT E Manhattan Portal - Toll Plaza
50.95,151,Staten Island,440 N FRANCIS STREET - WSE N TYRELLAN AVE
44.73,56,Bronx,HRP S Lafayette Ave - BWB S Toll Plaza
5.59,1785,Queens,CIP N Hempstead Tpk - LIE
0.0,0,Staten Island,SIE E-MLK N RICHMOND AVENUE - WALKER STREET
11.18,234,Queens,TNB S Qns Anchorage - CIP S @ TNB
45.98,193,Queens,VWE S MP6.39 (Exit 11 Jewel Ave) - MP4.63 (Exit 6 Jamaica Ave)
9.32,341,Manhattan,12th Ave N 40th - 57th St
44.73,48,Brooklyn,VNB E-GOWANUS N BROOKLYN GANTRY UPPER LEVEL - 92ND STREET
41.63,132,Manhattan,LINCOLN TUNNEL E SOUTH TUBE - NJ - NY
31.06,227,Brooklyn,BQE N LEONARD STREET - 46TH STREET
15.53,273,Bronx,CBE E AMSTERDAM AVE(U/LVL) - MORRIS AVE
15.53,355,Manhattan,LINCOLN TUNNEL E CENTER TUBE NJ - NY
0.0,0,Staten Island,MLK S - SIE W WALKER STREET - RICHMOND AVENUE
36.03,152,Manhattan,LINCOLN TUNNEL W CENTER TUBE NY - NJ
45.36,437,Manhattan,Westside Hwy S GWB - 57th St
44.73,48,Brooklyn,GOW S VNB W 92ND STREET - BKLYN GANTRY UPPER LEVEL
32.93,81,Queens,TNB S Qns Anchorage - CIP S @ TNB
57.78,108,Staten Island,WSE S BLLOMINGDALE ROAD - TYRELLAN AVENUE
57.16,109,Staten Island,WSE S BLLOMINGDALE ROAD - TYRELLAN AVENUE
50.33,190,Queens,LIE WB LITTLE NECK PKWY - NB CVE
0.0,0,Staten Island,MLK S - SIE E WALKER STREET - WOOLEY AVENUE
0.0,0,Bronx,CBE W L/LE V AMSTERDAM AVE - I 95 S LOC LNS
34.79,154,Queens,QMT W Toll Plaza - Manhattan Side
16.77,311,Manhattan,QMT E Manhattan Side - Toll Plaza
0.0,0,Queens,QMT W Toll Plaza - Manhattan Side
30.44,269,Bronx,CBE W U/LEV AMSTERDAM AVE - I95 S EXP LNS
42.87,151,Manhattan,BBT W Toll Plaza - Manhattan Portal
44.73,112,Manhattan,LINCOLN TUNNEL W NORTH TUBE NY - NJ
0.0,0,Manhattan,BQE N Atlantic Ave - MAN Bridge Manhattan Side
0.0,0,Brooklyn,VNB E-GOWANUS N BROOKLYN GANTRY UPPER LEVEL - 92ND STREET
16.77,342,Staten Island,SIE W FINGERBOARD ROAD - CLOVE ROAD
36.03,64,Staten Island,SIE E VNB E FINGERBOARD ROAD - SI GANTRY LOWER LEVEL
0.0,0,Staten Island,MLK S - SIE E WALKER STREET - WOOLEY AVENUE
4.34,571,Bronx,BWB N Toll Plaza - HRP N Lafayatte Ave
35.41,141,Queens,LIE W 108TH ST - 84TH ST
44.73,161,Queens,MDE S TBB EXIT RAMP - QUEENS ANCHORAGE
45.36,47,Brooklyn,GOW S VNB W 92ND STREET - BKLYN GANTRY UPPER LEVEL
49.7,111,Staten Island,SIE E CLOVE ROAD - FINGERBOARD ROAD
46.6,45,Brooklyn,GOW S VNB W 92ND STREET - BKLYN GANTRY UPPER LEVEL
0.0,0,Brooklyn,GOW N 7TH AVENUE - 9TH STREET
40.38,62,Bronx,BWB N Toll Plaza - HRP N Lafayatte Ave
45.36,47,Brooklyn,GOW S VNB W 92ND STREET - BKLYN GANTRY UPPER LEVEL
64.0,108,Staten Island,SIE W - WSE S SOUTH AVENUE - SOUTH AVENUE
59.65,48,Staten Island,SIE W RICHMOND AVENUE - SOUTH AVENUE
14.29,479,Manhattan,FDR N 25th - 63rd St
21.74,505,Queens,CIP N Hempstead Tpk - LIE
0.0,0,Manhattan,BQE N Atlantic Ave - MAN Bridge Manhattan Side
23.61,432,Manhattan,FDR N Catherine Slip - 25th St
29.2,285,Bronx,CBE W U/LEV AMSTERDAM AVE - I95 S EXP LNS
57.16,47,Queens,TNB S Qns Anchorage - CIP S @ TNB
0.0,0,Bronx,BRP S FORDHAM ROAD - WATSON AVENUE
56.54,94,Queens,VWE N MP8.64 (Exit 13 Northern Blvd) - Whitestone Expwy Exit 14 (Linden Pl)
50.33,107,Queens,VWE S MP8.65 (Exit 13 Northern Blvd) - MP6.39 (Exit 11 Jewel Ave)
37.9,172,Manhattan,BBT E Manhattan Portal - Toll Plaza
14.29,226,Manhattan,11th ave s ganservoort - west st @ spring st
8.07,742,Manhattan,12th ave @ 45th - 11 ave ganservoort st
0.0,0,Manhattan,BQE N Atlantic Ave - BKN Bridge Manhattan Side
0.0,0,Staten Island,SIE W - MLK N WOOLEY AVENUE - WLAKER STREET
57.78,285,Queens,CVE NB GCP - WILLETS PT BLVD
37.28,68,Bronx,CBE E TAYLOR AVENUE - CASTLE HILL AVENUE
0.0,0,Brooklyn,GOW N 7TH AVENUE - 9TH STREET
47.22,157,Bronx,BE S Griswold - Castle Hill Avenue
43.49,157,Queens,VWE S MP4.63 (Exit 6 Jamaica Ave) - MP2.66 (Exit 2 Roackaway Blvd)
26.09,447,Queens,CIP N LIE ramp - TNB
9.94,533,Manhattan,11th ave n ganservoort - 12th ave @ 40th st
0.0,0,Manhattan,BQE N Atlantic Ave - BKN Bridge Manhattan Side
4.34,1163,Manhattan,West St S Spring St - BBT Manhattan Portal outbound
23.61,109,Manhattan,BKN Bridge Manhattan Side - FDR N Catherine Slip
6.83,312,Manhattan,12th Ave S 57th St - 45th St
47.84,97,Brooklyn,VNB E SI GANTRY UPPER LEVEL - BROOKLYN GANTRY UPPER LEVEL
16.77,628,Queens,VWE S MP2.66 (Exit 2 Rockaway Blvd) - Belt Pkwy E 182nd St
50.33,92,Brooklyn,VNB W BROOKLYN GANTRY UPPER LEVEL - SI GANTRY UPPER LEVEL
49.08,87,Bronx,CBE E AMSTERDAM AVE(U/LVL) - MORRIS AVE
39.76,108,Bronx,CBE E AMSTERDAM AVE(U/LVL) - MORRIS AVE
0.0,0,Staten Island,MLK S - SIE W WALKER STREET - RICHMOND AVENUE
0.0,0,Manhattan,BQE N Atlantic Ave - MAN Bridge Manhattan Side
6.83,695,Bronx,MDE N RFK Bridge - 142nd St
8.69,594,Manhattan,11th ave n ganservoort - 12th ave @ 40th st
19.88,501,Manhattan,FDR S 25th St - Catherine Slip
14.29,347,Manhattan,LINCOLN TUNNEL W NORTH TUBE NY - NJ
24.85,326,Queens,TBB N QUEENS ANCHORAGE - MANHATTAN LIFT SPAN
42.25,169,Queens,MDE S TBB EXIT RAMP - QUEENS ANCHORAGE
60.89,85,Staten Island,WSE S ARDEN AVENUE - BLOOMINGDALE ROAD
24.85,273,Queens,VWE S MP4.63 (Exit 6 Jamaica Ave) - MP2.66 (Exit 2 Roackaway Blvd)
42.87,165,Brooklyn,BQE S 46TH STREET - LEONARD STREET
46.6,100,Queens,BWB N Queens Anchorage - Toll Plaza
24.23,290,Brooklyn,BQE N LEONARD STREET - 46TH STREET
11.8,462,Manhattan,LINCOLN TUNNEL E SOUTH TUBE - NJ - NY
46.6,99,Brooklyn,VNB W BROOKLYN GANTRY UPPER LEVEL - SI GANTRY UPPER LEVEL
54.68,216,Queens,CIP N LIE ramp - TNB
52.19,132,Queens,TNB N Queens Anchorage - Toll Plaza
0.0,0,Staten Island,ROUTE 169 S - MLK WALKER STREET
45.98,50,Staten Island,SIE E VNB E FINGERBOARD ROAD - SI GANTRY UPPER LEVEL
47.84,96,Brooklyn,VNB W BROOKLYN GANTRY UPPER LEVEL - SI GANTRY UPPER LEVEL
33.55,77,Manhattan,BKN Bridge Manhattan Side - FDR N Catherine Slip
18.64,162,Queens,BE S TBB EXIT RAMP - MANHATTAN LIFT SPAN
40.38,54,Queens,CIP N ramp to TNB - TNB Queens Anchorage
41.63,55,Staten Island,SIE E VNB E FINGERBOARD ROAD - SI GANTRY LOWER LEVEL
57.16,106,Staten Island,WSE N-SIE E SOUTH AVENUE - SOUTH AVENUE
0.0,0,Manhattan,GWB E LOWER LEVEL PLAZA - CBE E LOWER LEVEL AMSTERDAM AVE
0.0,0,Brooklyn,GOW S 9TH STREET - 7TH AVENUE
60.27,130,Staten Island,WSE N ARDEN AVENUE - VICTORY BLVD
32.93,151,Queens,LIE E 84TH ST - 108TH ST
43.49,49,Brooklyn,VNB E-GOWANUS N BROOKLYN GANTRY UPPER LEVEL - 92ND STREET
43.49,456,Manhattan,Westside Hwy S GWB - 57th St
10.56,604,Manhattan,12th ave @ 45th - 11 ave ganservoort st
24.23,505,Queens,Belt Pkwy W JFK Expressway - VWE N Jamaica Ave
19.88,276,Manhattan,LINCOLN TUNNEL E CENTER TUBE NJ - NY
53.43,86,Bronx,BE N STRATFORD AVENUE - CASTLE HILL AVE
52.19,209,Queens,CVE NB LIE - WILLETS PT BLVD
14.29,449,Manhattan,12th ave @ 45th - 11 ave ganservoort st
49.08,222,Queens,CVE NB LIE - WILLETS PT BLVD
57.16,81,Queens,BWB N Queens Anchorage - Toll Plaza
54.05,213,Queens,CIP N TNB - Whitestone Expwy S Exit 14 (Linden Pl)
21.74,296,Manhattan,BBT W Toll Plaza - Manhattan Portal
0.0,0,Manhattan,LINCOLN TUNNEL E CENTER TUBE NJ - NY
55.3,124,Queens,TNB N Queens Anchorage - Toll Plaza
55.92,286,Queens,CIP NB GCP - TNB
43.49,126,Manhattan,LINCOLN TUNNEL W CENTER TUBE NY - NJ
50.95,43,Queens,CIP N ramp to TNB - TNB Queens Anchorage
56.54,47,Queens,TNB S Qns Anchorage - CIP S @ TNB
0.0,0,Brooklyn,GOW N 7TH AVENUE - 9TH STREET
47.22,98,Brooklyn,VNB E SI GANTRY UPPER LEVEL - BROOKLYN GANTRY UPPER LEVEL
10.56,586,Manhattan,12th ave @ 45th - 11 ave ganservoort st
49.08,51,Bronx,BWB N Toll Plaza - HRP N Lafayatte Ave
17.39,244,Bronx,CBE E AMSTERDAM AVE(U/LVL) - MORRIS AVE
45.98,46,Brooklyn,VNB E-GOWANUS N BROOKLYN GANTRY LOWER LEVEL - 92ND STREET
55.3,71,Staten Island,SIE E RICHMOND AVENUE - WOOLEY AVENUE
45.98,58,Staten Island,SIE E SOUTH AVENUE - RICHMOND AVENUE
57.78,136,Staten Island,WSE N ARDEN AVENUE - VICTORY BLVD
14.91,178,Staten Island,SIE E SOUTH AVENUE - RICHMOND AVENUE
37.28,185,Queens,TNB S Toll Plaza - Queens Anchorage
53.43,26,Staten Island,SIE W BRADLEY AVENUE - WOOLEY AVENUE
42.87,169,Queens,MDE S TBB EXIT RAMP - QUEENS ANCHORAGE
50.33,216,Queens,CVE NB LIE - WILLETS PT BLVD
46.6,147,Manhattan,FDR S 63rd - 25th St
19.26,277,Manhattan,QMT E Manhattan Side - Toll Plaza
0.0,0,Brooklyn,GOW S 9TH STREET - 7TH AVENUE
31.68,168,Manhattan,QMT E Manhattan Side - Toll Plaza
12.42,343,Bronx,CBE E AMSTERDAM AVE(U/LVL) - MORRIS AVE
6.83,606,Bronx,CBE W MORRIS AVE - GWB W AMSTERDAM AVE (U/LVL)
0.0,0,Brooklyn,BQE S - GOW S ALTANTIC AVENUE - 9TH STREET
44.73,56,Bronx,HRP S Lafayette Ave - BWB S Toll Plaza
36.66,451,Queens,CVE NB GCP - WILLETS PT BLVD
44.11,101,Bronx,MDE S HARLEM RIVER PARK - GWB W AMSTERDAM AVENUE LOWER LEVEL
55.92,83,Bronx,BE N STRATFORD AVENUE - CASTLE HILL AVE
22.99,108,Bronx,CBE W CASTLE HILL AVENUE - TAYLOR AVENUE
47.22,136,Queens,Whitestone Expwy N Exit 14 (Linden Pl) - BWB N Queens Anchorage
4.97,1050,Manhattan,LINCOLN TUNNEL E CENTER TUBE NJ - NY
48.46,59,Staten Island,WSE S SOUTH AVENUE - VICTORY BOULEVARD
48.46,96,Bronx,BWB S Toll Plaza - Queens Anchorage
50.95,105,Queens,VWE S MP8.65 (Exit 13 Northern Blvd) - MP6.39 (Exit 11 Jewel Ave)
60.27,153,Queens,Belt Pkwy E 182nd St - Laurelton Pkwy N @ SSP
31.06,173,Queens,QMT W Toll Plaza - Manhattan Side
44.73,443,Manhattan,Westside Hwy N 57th St - GWB
42.25,378,Queens,CIP NB GCP - TNB
50.33,91,Brooklyn,VNB W BROOKLYN GANTRY LOWER LEVEL - SI GANTRY LOWER LEVEL
33.55,117,Queens,LIE WB LITTLE NECK PKWY - NB CIP
0.0,0,Staten Island,MLK S - SIE W WALKER STREET - RICHMOND AVENUE
51.57,178,Queens,Belt Pkwy E 182nd St - Laurelton Pkwy N @ SSP
0.0,0,Brooklyn,GOW S 9TH STREET - 7TH AVENUE
8.07,1495,Queens,Belt Pkwy W JFK Expressway - VWE N Jamaica Ave
50.95,104,Queens,VWE S MP8.65 (Exit 13 Northern Blvd) - MP6.39 (Exit 11 Jewel Ave)
55.3,97,Queens,VWE N MP6.39 (Exit 11 Jewel Ave) - MP8.65 (Exit 13 Northern Blvd)
11.8,191,Staten Island,SIE E VNB E FINGERBOARD ROAD - SI GANTRY UPPER LEVEL
45.98,92,Bronx,CBE W MORRIS AVE - GWB W AMSTERDAM AVE (L/LVL)
49.7,54,Queens,TNB S Qns Anchorage - CIP S @ TNB
52.19,136,Brooklyn,BQE S 46TH STREET - LEONARD STREET
54.05,296,Queens,CIP NB GCP - TNB
0.0,0,Brooklyn,GOW N 7TH AVENUE - 9TH STREET
56.54,66,Queens,Belt Pkwy W 182nd St - JFK Expressway
54.68,114,Staten Island,WSE S BLLOMINGDALE ROAD - TYRELLAN AVENUE
47.84,156,Bronx,BE N Castle Hill Avenue - Griswold Ave
37.28,192,Brooklyn,BQE N LEONARD STREET - 46TH STREET
8.07,650,Manhattan,LINCOLN TUNNEL W CENTER TUBE NY - NJ
7.45,727,Manhattan,West St S Spring St - BBT Manhattan Portal outbound
51.57,49,Bronx,BWB N Toll Plaza - HRP N Lafayatte Ave
46.6,249,Queens,CIP N TNB - Whitestone Expwy S Exit 14 (Linden Pl)
8.07,667,Manhattan,West St S Spring St - BBT Manhattan Portal outbound
49.08,43,Staten Island,VNB W-SIE W SI GANTRY LOWER LEVEL - FINGERBOARD ROAD
53.43,40,Brooklyn,VNB E-GOWANUS N BROOKLYN GANTRY LOWER LEVEL - 92ND STREET
50.33,85,Brooklyn,GOW N 92ND STREET - 7TH AVENUE
25.47,196,Queens,LIE W 108TH ST - 84TH ST
57.78,190,Queens,CIP S LIE - Hempstead Tpk
25.47,472,Queens,Belt Pkwy W JFK Expressway - VWE N Jamaica Ave
31.06,71,Queens,CIP N ramp to TNB - TNB Queens Anchorage
47.22,45,Brooklyn,VNB E-GOWANUS N BROOKLYN GANTRY LOWER LEVEL - 92ND STREET
44.11,156,Queens,TNB S Toll Plaza - Queens Anchorage
30.44,146,Bronx,BE S CASTLE HILL AVENUE - STRATFORD AVENUE
0.0,0,Staten Island,MLK S - SIE E WALKER STREET - WOOLEY AVENUE
38.52,176,Manhattan,FDR N 25th - 63rd St
29.2,347,Manhattan,FDR N Catherine Slip - 25th St
9.94,248,Bronx,CBE W CASTLE HILL AVENUE - TAYLOR AVENUE
26.09,246,Manhattan,BBT E Manhattan Portal - Toll Plaza
60.89,64,Staten Island,SIE E RICHMOND AVENUE - WOOLEY AVENUE
49.08,329,Queens,CIP NB GCP - TNB
49.7,107,Queens,VWE N MP8.64 (Exit 13 Northern Blvd) - Whitestone Expwy Exit 14 (Linden Pl)
46.6,45,Staten island,VNB W-SIE W SI GANTRY UPPER LEVEL - FINGERBOARD ROAD
17.39,410,Queens,TBB N QUEENS ANCHORAGE - BE N
0.0,0,Manhattan,BQE N Atlantic Ave - BKN Bridge Manhattan Side
0.0,0,Brooklyn,BQE S - GOW S ALTANTIC AVENUE - 9TH STREET
18.64,290,Bronx,BRP N WATSON AVENUE - FORDHAM ROAD
28.58,177,Bronx,MDE N RFK Bridge - 142nd St
18.01,354,Manhattan,12th ave @ 45th - 11 ave ganservoort st
0.0,0,Manhattan,BQE N Atlantic Ave - BKN Bridge Manhattan Side
0.0,0,Brooklyn,GOW N 9TH STREET - ATLANTIC AVENUE
55.3,97,Queens,VWE S MP8.65 (Exit 13 Northern Blvd) - MP6.39 (Exit 11 Jewel Ave)
53.43,141,Staten Island,WSE N TYRELLAN AVENUE - BLOOMINGDALE ROAD
44.73,47,Brooklyn,GOW S VNB W 92ND STREET - BKLYN GANTRY LOWER LEVEL
17.39,369,Manhattan,BBT E Manhattan Portal - Toll Plaza
56.54,135,Staten Island,440 N FRANCIS STREET - WSE N TYRELLAN AVE
26.09,108,Staten Island,WSE S SOUTH AVENUE - VICTORY BOULEVARD
50.95,104,Queens,VWE N MP6.39 (Exit 11 Jewel Ave) - MP8.65 (Exit 13 Northern Blvd)
0.0,0,Staten Island,MLK S - SIE W WALKER STREET - RICHMOND AVENUE
0.0,0,Staten Island,MLK S - SIE W WALKER STREET - RICHMOND AVENUE
50.33,123,Staten Island,WSE S BLLOMINGDALE ROAD - TYRELLAN AVENUE
37.28,531,Manhattan,Westside Hwy S GWB - 57th St
53.43,144,Staten Island,440 N FRANCIS STREET - WSE N TYRELLAN AVE
0.0,0,Staten Island,MLK S - SIE E WALKER STREET - WOOLEY AVENUE
0.0,0,Queens,Belt Pkwy W 182nd St - JFK Expressway
0.0,0,Staten Island,440 N FRANCIS STREET - WSE N TYRELLAN AVE
46.6,54,Bronx,HRP S Lafayette Ave - BWB S Toll Plaza
0.0,0,Staten Island,MLK S - SIE E WALKER STREET - WOOLEY AVENUE
53.43,86,Brooklyn,VNB W BROOKLYN GANTRY LOWER LEVEL - SI GANTRY LOWER LEVEL
0.0,0,Staten Island,MLK S - SIE W WALKER STREET - RICHMOND AVENUE
21.12,431,Queens,Belt Pkwy E 182nd St - Laurelton Pkwy N @ SSP
45.36,102,Bronx,BE N STRATFORD AVENUE - CASTLE HILL AVE
30.44,357,Queens,CIP N Hempstead Tpk - LIE
6.83,1287,Queens,VWE S MP6.39 (Exit 11 Jewel Ave) - MP4.63 (Exit 6 Jamaica Ave)
16.15,159,Manhattan,BKN Bridge Manhattan Side - FDR N Catherine Slip
55.3,96,Queens,VWE S MP8.65 (Exit 13 Northern Blvd) - MP6.39 (Exit 11 Jewel Ave)
20.5,372,Queens,CIP S Hempstead Tpk - Laurelton Pkwy @ SSP
14.29,388,Manhattan,LINCOLN TUNNEL W CENTER TUBE NY - NJ
49.7,93,Bronx,BWB S Toll Plaza - Queens Anchorage
52.81,125,Staten Island,SIE E BRADLEY AVENUE - CLOVE ROAD
52.19,106,Queens,Whitestone Expwy S Exit 14 (Linden Pl) - VWE S MP8.65 (Exit 13 Northern Blvd)
30.44,337,Manhattan,FDR S 25th St - Catherine Slip
40.38,53,Staten island,VNB W-SIE W SI GANTRY UPPER LEVEL - FINGERBOARD ROAD
46.6,49,Staten Island,SIE E VNB E FINGERBOARD ROAD - SI GANTRY UPPER LEVEL
48.46,33,Staten Island,SIE E WOOLEY AVENUE - BRADLEY AVENUE
52.81,136,Queens,MDE S TBB EXIT RAMP - QUEENS ANCHORAGE
1.24,5415,Bronx,CBE W L/LE V AMSTERDAM AVE - I 95 S LOC LNS
39.76,224,Queens,VWE S MP6.39 (Exit 11 Jewel Ave) - MP4.63 (Exit 6 Jamaica Ave)
52.81,88,Brooklyn,VNB W BROOKLYN GANTRY UPPER LEVEL - SI GANTRY UPPER LEVEL
45.98,46,Brooklyn,VNB E-GOWANUS N BROOKLYN GANTRY LOWER LEVEL - 92ND STREET
49.08,145,Brooklyn,BQE N LEONARD STREET - 46TH STREET
46.6,47,Queens,CIP N ramp to TNB - TNB Queens Anchorage
55.3,100,Queens,Whitestone Expwy S Exit 14 (Linden Pl) - VWE S MP8.65 (Exit 13 Northern Blvd)
46.6,197,Queens,Laurelton Pkwy S @ SSP - Belt Pkwy W 182nd St
50.33,190,Queens,LIE WB LITTLE NECK PKWY - NB CVE
35.41,268,Queens,LIE WB LITTLE NECK PKWY - NB CVE
45.98,50,Staten Island,SIE E VNB E FINGERBOARD ROAD - SI GANTRY UPPER LEVEL
11.18,1066,Queens,Belt Pkwy W JFK Expressway - VWE N Jamaica Ave
24.23,205,Queens,LIE E 84TH ST - 108TH ST
9.94,409,Bronx,CBE W MORRIS AVE - GWB W AMSTERDAM AVE (L/LVL)
6.83,1061,Queens,TBB N QUEENS ANCHORAGE - BE N
4.34,881,Bronx,CBE W MORRIS AVE - GWB W AMSTERDAM AVE (L/LVL)
53.43,47,Bronx,CBE E TAYLOR AVENUE - CASTLE HILL AVENUE
51.57,139,Brooklyn,BQE N LEONARD STREET - 46TH STREET
45.36,113,Bronx,MDE N RFK Bridge - 142nd St
35.41,156,Bronx,BRP N WATSON AVENUE - FORDHAM ROAD
53.43,180,Queens,LIE WB LITTLE NECK PKWY - NB CVE
61.51,81,Staten Island,WSE N BLOOMUINGDALE ROAD - ARDEN AVENUE
0.0,0,Brooklyn,GOW N 7TH AVENUE - 9TH STREET
36.03,207,Bronx,BE S Griswold - Castle Hill Avenue
43.49,128,Bronx,BRP N WATSON AVENUE - FORDHAM ROAD
11.18,561,Manhattan,BBT E Manhattan Portal - Toll Plaza
54.05,108,Staten Island,SIE W FINGERBOARD ROAD - CLOVE ROAD
57.78,86,Staten Island,WSE N BLOOMUINGDALE ROAD - ARDEN AVENUE
16.15,201,Manhattan,12th Ave N 40th - 57th St
21.12,254,Manhattan,11th ave n ganservoort - 12th ave @ 40th st
15.53,280,Bronx,MDE S HARLEM RIVER PARK - GWB W AMSTERDAM AVENUE UPPER LEVEL
44.11,267,Queens,CIP N LIE ramp - TNB
53.43,140,Staten Island,WSE N TYRELLAN AVENUE - BLOOMINGDALE ROAD
0.0,0,Bronx,CBE W L/LE V AMSTERDAM AVE - I 95 S LOC LNS
36.66,206,Queens,CIP S Hempstead Tpk - Laurelton Pkwy @ SSP
54.68,114,Staten Island,WSE S BLLOMINGDALE ROAD - TYRELLAN AVENUE
31.68,344,Queens,CIP N Hempstead Tpk - LIE
58.4,55,Staten Island,WSE N VICTORY BLVD - SOUTH AVENUE
49.08,109,Queens,VWE S MP8.65 (Exit 13 Northern Blvd) - MP6.39 (Exit 11 Jewel Ave)
16.77,188,Manhattan,12th Ave N 40th - 57th St
14.29,570,Bronx,CBE W U/LEV AMSTERDAM AVE - I95 S EXP LNS
47.22,163,Staten Island,WSE S TYRELLAN AVENUE - 440 S FRANCIS STREET
54.68,139,Queens,CIP S Hempstead Tpk - Laurelton Pkwy @ SSP
44.11,183,Queens,TBB N QUEENS ANCHORAGE - MANHATTAN LIFT SPAN
23.61,333,Queens,Laurelton Pkwy N @ SSP - CIP N Hempstead Tpk
0.0,0,Brooklyn,GOW N 7TH AVENUE - 9TH STREET
55.3,142,Staten Island,WSE S VICTORY BOULEVARD - ARDEN AVENUE
41.63,164,Manhattan,FDR N 25th - 63rd St
36.66,536,Manhattan,Westside Hwy S GWB - 57th St
43.49,127,Bronx,BRP N WATSON AVENUE - FORDHAM ROAD
45.36,168,Queens,CIP S Hempstead Tpk - Laurelton Pkwy @ SSP
9.94,1178,Queens,Belt Pkwy W JFK Expressway - VWE N Jamaica Ave
0.0,0,Bronx,BRP S FORDHAM ROAD - WATSON AVENUE
44.11,184,Queens,TBB N QUEENS ANCHORAGE - MANHATTAN LIFT SPAN
0.0,0,Bronx,BRP S FORDHAM ROAD - WATSON AVENUE
54.68,152,Bronx,CBE E CASTLE HILL AVE - BE N WATERBURY AVE
25.47,397,Manhattan,FDR S 25th St - Catherine Slip
43.49,117,Bronx,MDE N RFK Bridge - 142nd St
44.73,47,Brooklyn,GOW S VNB W 92ND STREET - BKLYN GANTRY LOWER LEVEL
33.55,202,Manhattan,FDR N 25th - 63rd St
0.0,0,Staten Island,MLK N WALKER STREET - NJ ROUTE 169
44.73,444,Manhattan,Westside Hwy S GWB - 57th St
32.93,226,Bronx,BE S Griswold - Castle Hill Avenue
61.51,52,Staten Island,WSE N VICTORY BLVD - SOUTH AVENUE
52.19,105,Staten Island,SIE E CLOVE ROAD - FINGERBOARD ROAD
52.19,98,Bronx,MDE N RFK Bridge - 142nd St
5.59,749,Bronx,CBE AMSTERDAM AVE (L/LVL) - MORRIS AVE
4.97,597,Manhattan,11th ave s ganservoort - west st @ spring st
57.78,46,Staten Island,SIE E SOUTH AVENUE - RICHMOND AVENUE
44.73,243,Queens,CIP S LIE - Hempstead Tpk
55.3,126,Staten Island,SIE W - WSE S SOUTH AVENUE - SOUTH AVENUE
21.12,478,Manhattan,FDR S 25th St - Catherine Slip
41.01,182,Bronx,BE S Griswold - Castle Hill Avenue
48.46,148,Queens,MDE S TBB EXIT RAMP - QUEENS ANCHORAGE
16.77,313,Manhattan,QMT E Manhattan Side - Toll Plaza
13.67,188,Manhattan,FDR S Catherine Slip - BKN Bridge Manhattan Side
49.08,112,Queens,Whitestone Expwy S Exit 14 (Linden Pl) - VWE S MP8.65 (Exit 13 Northern Blvd)
19.26,258,Manhattan,LINCOLN TUNNEL W NORTH TUBE NY - NJ
50.33,152,Staten Island,WSE S TYRELLAN AVENUE - 440 S FRANCIS STREET
49.08,95,Queens,BWB N Queens Anchorage - Toll Plaza
41.01,203,Bronx,CBE W U/LEV AMSTERDAM AVE - I95 S EXP LNS
43.49,107,Bronx,BE N STRATFORD AVENUE - CASTLE HILL AVE
34.17,319,Queens,CIP N Hempstead Tpk - LIE
50.95,52,Staten Island,SIE E SOUTH AVENUE - RICHMOND AVENUE
53.43,53,Staten Island,SIE W RICHMOND AVENUE - SOUTH AVENUE
26.09,280,Queens,TBB N QUEENS ANCHORAGE - BE N
16.15,564,Queens,Belt Pkwy E 182nd St - Laurelton Pkwy N @ SSP
48.46,47,Staten Island,SIE E VNB E FINGERBOARD ROAD - SI GANTRY UPPER LEVEL
53.43,141,Staten Island,WSE N TYRELLAN AVENUE - BLOOMINGDALE ROAD
0.0,0,Staten Island,WSE S TYRELLAN AVENUE - 440 S FRANCIS STREET
49.08,109,Queens,VWE N MP8.64 (Exit 13 Northern Blvd) - Whitestone Expwy Exit 14 (Linden Pl)
50.95,84,Brooklyn,GOW S 7TH AVENUE - 92ND STREET
57.78,136,Staten Island,WSE N ARDEN AVENUE - VICTORY BLVD
45.36,51,Staten Island,SIE E VNB E FINGERBOARD ROAD - SI GANTRY UPPER LEVEL
46.6,162,Queens,CIP S Hempstead Tpk - Laurelton Pkwy @ SSP
0.0,0,Staten Island,ROUTE 169 S - MLK WALKER STREET
11.18,932,Queens,VWE S MP2.66 (Exit 2 Rockaway Blvd) - Belt Pkwy E 182nd St
52.19,89,Brooklyn,VNB W BROOKLYN GANTRY UPPER LEVEL - SI GANTRY UPPER LEVEL
46.6,46,Brooklyn,VNB E-GOWANUS N BROOKLYN GANTRY UPPER LEVEL - 92ND STREET
51.57,127,Staten Island,SIE E BRADLEY AVENUE - CLOVE ROAD
55.3,48,Queens,TNB S Qns Anchorage - CIP S @ TNB
47.22,175,Bronx,CBE E CASTLE HILL AVE - BE N WATERBURY AVE
19.88,231,Bronx,BWB S Toll Plaza - Queens Anchorage
0.0,0,Staten Island,MLK S - SIE W WALKER STREET - RICHMOND AVENUE
48.46,95,Brooklyn,VNB W BROOKLYN GANTRY UPPER LEVEL - SI GANTRY UPPER LEVEL
45.98,427,Manhattan,Westside Hwy S GWB - 57th St
55.3,298,Queens,CVE NB GCP - WILLETS PT BLVD
43.49,122,Queens,VWE S MP8.65 (Exit 13 Northern Blvd) - MP6.39 (Exit 11 Jewel Ave)
0.0,0,Bronx,CBE W L/LE V AMSTERDAM AVE - I 95 S LOC LNS
24.23,225,Manhattan,LINCOLN TUNNEL W CENTER TUBE NY - NJ
41.63,60,Bronx,HRP S Lafayette Ave - BWB S Toll Plaza
0.0,0,Brooklyn,BQE S - GOW S ALTANTIC AVENUE - 9TH STREET
11.18,127,Staten Island,SIE W BRADLEY AVENUE - WOOLEY AVENUE
54.05,116,Staten Island,WSE S BLLOMINGDALE ROAD - TYRELLAN AVENUE
14.91,739,Queens,CIP N Hempstead Tpk - LIE
45.98,193,Queens,VWE N MP4.63 (Exit 6 - Jamaica Ave) - MP6.39 (Exit 11 Jewel Ave)
33.55,148,Queens,LIE E 84TH ST - 108TH ST
28.58,291,Bronx,CBE W U/LEV AMSTERDAM AVE - I95 S EXP LNS
47.84,97,Brooklyn,VNB E SI GANTRY LOWER LEVEL - BROOLKYN GANTRY LOWER LEVEL
27.96,166,Brooklyn,VNB W BROOKLYN GANTRY UPPER LEVEL - SI GANTRY UPPER LEVEL
0.0,0,Staten Island,MLK N WALKER STREET - NJ ROUTE 169
0.0,0,Staten Island,MLK S - SIE W WALKER STREET - RICHMOND AVENUE
0.0,0,Staten Island,SIE W - MLK N WOOLEY AVENUE - WLAKER STREET
0.0,0,Staten Island,MLK N WALKER STREET - NJ ROUTE 169
55.3,48,Staten Island,SIE E SOUTH AVENUE - RICHMOND AVENUE
0.0,0,Brooklyn,BQE S 46TH STREET - LEONARD STREET
18.64,287,Manhattan,QMT E Manhattan Side - Toll Plaza
45.36,202,Queens,Belt Pkwy E 182nd St - Laurelton Pkwy N @ SSP
43.49,49,Brooklyn,VNB E-GOWANUS N BROOKLYN GANTRY LOWER LEVEL - 92ND STREET
26.71,188,Queens,LIE E 84TH ST - 108TH ST
33.55,327,Queens,CIP N Hempstead Tpk - LIE
20.5,966,Manhattan,Westside Hwy S GWB - 57th St
43.49,143,Staten Island,WSE S BLLOMINGDALE ROAD - TYRELLAN AVENUE
52.19,123,Queens,BWB S Queens Anchorage - WSE S Exit 14 (Linden Pl)
0.0,0,Staten Island,MLK N WALKER STREET - NJ ROUTE 169
48.46,239,Queens,CIP N TNB - Whitestone Expwy S Exit 14 (Linden Pl)
67.1,77,Staten Island,WSE S ARDEN AVENUE - BLOOMINGDALE ROAD
0.0,0,Staten Island,ROUTE 169 S - MLK WALKER STREET
17.39,246,Brooklyn,GOW N 92ND STREET - 7TH AVENUE
21.74,374,Bronx,CBE W U/LEV AMSTERDAM AVE - I95 S EXP LNS
59.65,87,Staten Island,WSE S ARDEN AVENUE - BLOOMINGDALE ROAD
60.89,114,Staten Island,SIE W - WSE S SOUTH AVENUE - SOUTH AVENUE
42.87,92,Staten Island,SIE W WOOLEY AVENUE - RICHMOND AVENUE
44.11,170,Queens,TBB S MANHATTAN LIFT SPAN - QUEENS ANCHORAGE
0.0,0,Brooklyn,GOW N 9TH STREET - ATLANTIC AVENUE
11.8,355,Bronx,CBE W MORRIS AVE - GWB W AMSTERDAM AVE (L/LVL)
52.81,142,Staten Island,WSE N TYRELLAN AVENUE - BLOOMINGDALE ROAD
44.11,48,Brooklyn,GOW S VNB W 92ND STREET - BKLYN GANTRY UPPER LEVEL
49.08,235,Queens,CIP N TNB - Whitestone Expwy S Exit 14 (Linden Pl)
27.34,248,Queens,VWE S MP4.63 (Exit 6 Jamaica Ave) - MP2.66 (Exit 2 Roackaway Blvd)
26.09,167,Bronx,MDE S HARLEM RIVER PARK - GWB W AMSTERDAM AVENUE UPPER LEVEL
14.91,664,Manhattan,FDR S 25th St - Catherine Slip
57.16,87,Staten Island,WSE N BLOOMUINGDALE ROAD - ARDEN AVENUE
60.27,53,Staten Island,WSE N VICTORY BLVD - SOUTH AVENUE
56.54,47,Queens,TNB S Qns Anchorage - CIP S @ TNB
49.08,113,Staten Island,SIE E CLOVE ROAD - FINGERBOARD ROAD
44.73,47,Brooklyn,GOW S VNB W 92ND STREET - BKLYN GANTRY UPPER LEVEL
31.06,137,Bronx,CBE AMSTERDAM AVE (L/LVL) - MORRIS AVE
52.81,30,Staten Island,SIE E WOOLEY AVENUE - BRADLEY AVENUE
57.16,106,Staten Island,WSE N-SIE E SOUTH AVENUE - SOUTH AVENUE
13.67,316,Bronx,MDE S HARLEM RIVER PARK - GWB W AMSTERDAM AVENUE LOWER LEVEL
48.46,96,Brooklyn,VNB W BROOKLYN GANTRY UPPER LEVEL - SI GANTRY UPPER LEVEL
57.78,65,Queens,Belt Pkwy W 182nd St - JFK Expressway
42.25,241,Manhattan,FDR N Catherine Slip - 25th St
0.0,0,Queens,VWE N MP6.39 (Exit 11 Jewel Ave) - MP8.65 (Exit 13 Northern Blvd)
41.01,167,Manhattan,FDR S 63rd - 25th St
0.0,0,Manhattan,12th Ave S 57th St - 45th St
34.79,186,Manhattan,BBT W Toll Plaza - Manhattan Portal
50.95,91,Bronx,BWB S Toll Plaza - Queens Anchorage
16.15,758,Queens,Belt Pkwy W JFK Expressway - VWE N Jamaica Ave
27.34,143,Staten Island,SIE W WOOLEY AVENUE - RICHMOND AVENUE
24.23,364,Queens,VWE N MP4.63 (Exit 6 - Jamaica Ave) - MP6.39 (Exit 11 Jewel Ave)
39.76,191,Queens,CIP S Hempstead Tpk - Laurelton Pkwy @ SSP
39.14,60,Manhattan,FDR N - TBB E 116TH STREET - MANHATTAN TRUSS
49.08,127,Staten Island,WSE S BLLOMINGDALE ROAD - TYRELLAN AVENUE
41.63,60,Bronx,BWB N Toll Plaza - HRP N Lafayatte Ave
43.49,53,Staten Island,SIE E VNB E FINGERBOARD ROAD - SI GANTRY LOWER LEVEL
11.8,452,Manhattan,LINCOLN TUNNEL E SOUTH TUBE - NJ - NY
43.49,50,Queens,CIP N ramp to TNB - TNB Queens Anchorage
9.94,311,Manhattan,12th Ave N 40th - 57th St
24.23,98,Manhattan,TBB W - FDR S MANHATTAN TRUSS - E116TH STREET
0.0,0,Queens,BE S TBB EXIT RAMP - QUEENS ANCHORAGE
23.61,371,Queens,VWE S MP6.39 (Exit 11 Jewel Ave) - MP4.63 (Exit 6 Jamaica Ave)
25.47,306,Queens,Laurelton Pkwy N @ SSP - CIP N Hempstead Tpk
19.88,410,Bronx,CBE E CASTLE HILL AVE - BE N WATERBURY AVE
0.0,0,Brooklyn,GOW S 9TH STREET - 7TH AVENUE
51.57,103,Queens,VWE N MP6.39 (Exit 11 Jewel Ave) - MP8.65 (Exit 13 Northern Blvd)
0.0,0,Manhattan,BQE N Atlantic Ave - BKN Bridge Manhattan Side
51.57,41,Brooklyn,VNB E-GOWANUS N BROOKLYN GANTRY LOWER LEVEL - 92ND STREET
9.94,622,Manhattan,BBT E Manhattan Portal - Toll Plaza
48.46,52,Bronx,BWB N Toll Plaza - HRP N Lafayatte Ave
13.67,195,Staten Island,SIE E SOUTH AVENUE - RICHMOND AVENUE
50.33,92,Brooklyn,VNB E SI GANTRY LOWER LEVEL - BROOLKYN GANTRY LOWER LEVEL
57.78,108,Staten Island,WSE S BLLOMINGDALE ROAD - TYRELLAN AVENUE
13.04,323,Bronx,MDE S HARLEM RIVER PARK - GWB W AMSTERDAM AVENUE UPPER LEVEL
51.57,152,Staten Island,WSE S VICTORY BOULEVARD - ARDEN AVENUE
47.22,33,Staten Island,SIE E WOOLEY AVENUE - BRADLEY AVENUE
62.13,112,Staten Island,SIE W - WSE S SOUTH AVENUE - SOUTH AVENUE
31.06,513,Queens,CIP NB GCP - TNB
15.53,638,Manhattan,FDR S 25th St - Catherine Slip
41.01,482,Manhattan,Westside Hwy S GWB - 57th St
57.16,81,Bronx,BE N STRATFORD AVENUE - CASTLE HILL AVE
0.0,0,Brooklyn,BQE S - GOW S ALTANTIC AVENUE - 9TH STREET
44.73,214,Queens,LIE WB LITTLE NECK PKWY - NB CVE
40.38,107,Bronx,MDE S HARLEM RIVER PARK - GWB W AMSTERDAM AVENUE UPPER LEVEL
19.88,234,Brooklyn,VNB W BROOKLYN GANTRY UPPER LEVEL - SI GANTRY UPPER LEVEL
43.49,50,Queens,CIP N ramp to TNB - TNB Queens Anchorage
40.38,251,Manhattan,FDR N Catherine Slip - 25th St
21.74,114,Bronx,CBE W CASTLE HILL AVENUE - TAYLOR AVENUE
37.28,239,Queens,VWE N MP4.63 (Exit 6 - Jamaica Ave) - MP6.39 (Exit 11 Jewel Ave)
13.04,423,Manhattan,LINCOLN TUNNEL E CENTER TUBE NJ - NY
45.98,46,Brooklyn,VNB E-GOWANUS N BROOKLYN GANTRY LOWER LEVEL - 92ND STREET
39.14,181,Brooklyn,BQE N LEONARD STREET - 46TH STREET
34.17,199,Queens,TNB S Toll Plaza - Queens Anchorage
0.0,0,Brooklyn,BQE S - GOW S ALTANTIC AVENUE - 9TH STREET
22.99,531,Queens,Belt Pkwy W JFK Expressway - VWE N Jamaica Ave
18.64,344,Manhattan,BBT W Toll Plaza - Manhattan Portal
47.84,164,Staten Island,WSE S VICTORY BOULEVARD - ARDEN AVENUE
49.7,86,Bronx,CBE W MORRIS AVE - GWB W AMSTERDAM AVE (U/LVL)
45.36,196,Queens,VWE N MP4.63 (Exit 6 - Jamaica Ave) - MP6.39 (Exit 11 Jewel Ave)
32.93,330,Queens,CVE NB LIE - WILLETS PT BLVD
36.66,194,Brooklyn,BQE N LEONARD STREET - 46TH STREET
45.98,193,Queens,VWE N MP4.63 (Exit 6 - Jamaica Ave) - MP6.39 (Exit 11 Jewel Ave)
40.38,53,Brooklyn,GOW S VNB W 92ND STREET - BKLYN GANTRY LOWER LEVEL
16.15,279,Bronx,BWB S Toll Plaza - Queens Anchorage
27.96,365,Manhattan,FDR S 25th St - Catherine Slip
49.08,156,Staten Island,440 N FRANCIS STREET - WSE N TYRELLAN AVE
41.63,51,Brooklyn,GOW S VNB W 92ND STREET - BKLYN GANTRY LOWER LEVEL
49.7,86,Brooklyn,GOW S 7TH AVENUE - 92ND STREET
0.0,0,Staten Island,MLK S - SIE W WALKER STREET - RICHMOND AVENUE
42.87,377,Queens,CIP NB GCP - TNB
0.0,0,Brooklyn,BQE S - GOW S ALTANTIC AVENUE - 9TH STREET
0.0,0,Manhattan,BQE N Atlantic Ave - BKN Bridge Manhattan Side
50.95,50,Bronx,CBE E TAYLOR AVENUE - CASTLE HILL AVENUE
50.33,84,Bronx,CBE AMSTERDAM AVE (L/LVL) - MORRIS AVE
50.95,226,Queens,CIP N TNB - Whitestone Expwy S Exit 14 (Linden Pl)
46.6,138,Queens,BWB S Queens Anchorage - WSE S Exit 14 (Linden Pl)
22.36,323,Queens,MDE S TBB EXIT RAMP - QUEENS ANCHORAGE
50.33,152,Staten Island,440 N FRANCIS STREET - WSE N TYRELLAN AVE
39.76,108,Bronx,CBE W MORRIS AVE - GWB W AMSTERDAM AVE (L/LVL)
28.58,248,Brooklyn,BQE S 46TH STREET - LEONARD STREET
51.57,86,Bronx,HRP N LAFAYETTE AVENUE - E TREMONT AVENUE
34.79,333,Queens,CIP N TNB - Whitestone Expwy S Exit 14 (Linden Pl)
55.3,297,Queens,CVE NB GCP - WILLETS PT BLVD
46.6,45,Brooklyn,GOW S VNB W 92ND STREET - BKLYN GANTRY LOWER LEVEL
45.36,47,Brooklyn,GOW S VNB W 92ND STREET - BKLYN GANTRY LOWER LEVEL
0.0,0,Brooklyn,GOW N 9TH STREET - ATLANTIC AVENUE
10.56,1144,Queens,Belt Pkwy W JFK Expressway - VWE N Jamaica Ave
54.05,145,Staten Island,WSE N ARDEN AVENUE - VICTORY BLVD
6.21,683,Bronx,CBE W MORRIS AVE - GWB W AMSTERDAM AVE (U/LVL)
0.0,0,Queens,BE S TBB EXIT RAMP - QUEENS ANCHORAGE
6.83,1208,Queens,VWE S MP6.39 (Exit 11 Jewel Ave) - MP4.63 (Exit 6 Jamaica Ave)
43.49,106,Brooklyn,VNB E SI GANTRY LOWER LEVEL - BROOLKYN GANTRY LOWER LEVEL
49.08,43,Staten island,VNB W-SIE W SI GANTRY UPPER LEVEL - FINGERBOARD ROAD
16.15,269,Bronx,MDE S HARLEM RIVER PARK - GWB W AMSTERDAM AVENUE UPPER LEVEL
0.0,0,Staten Island,MLK S - SIE E WALKER STREET - WOOLEY AVENUE
41.01,175,Queens,MDE S TBB EXIT RAMP - QUEENS ANCHORAGE
51.57,138,Brooklyn,BQE N LEONARD STREET - 46TH STREET
14.29,207,Queens,BE S TBB EXIT RAMP - MANHATTAN LIFT SPAN
38.52,284,Queens,CIP N Hempstead Tpk - LIE
41.63,55,Staten Island,SIE E VNB E FINGERBOARD ROAD - SI GANTRY UPPER LEVEL
55.92,112,Staten Island,WSE S BLLOMINGDALE ROAD - TYRELLAN AVENUE
42.25,170,Queens,MDE S TBB EXIT RAMP - QUEENS ANCHORAGE
56.54,107,Staten Island,WSE N-SIE E SOUTH AVENUE - SOUTH AVENUE
3.72,1098,Bronx,CBE W MORRIS AVE - GWB W AMSTERDAM AVE (U/LVL)
47.22,97,Bronx,BE N STRATFORD AVENUE - CASTLE HILL AVE
14.91,352,Manhattan,QMT E Manhattan Side - Toll Plaza
46.6,54,Bronx,BWB N Toll Plaza - HRP N Lafayatte Ave
0.0,0,Bronx,BRP S FORDHAM ROAD - WATSON AVENUE
54.68,85,Brooklyn,VNB W BROOKLYN GANTRY LOWER LEVEL - SI GANTRY LOWER LEVEL
50.95,53,Queens,TNB S Qns Anchorage - CIP S @ TNB
0.0,0,Staten Island,MLK S - SIE E WALKER STREET - WOOLEY AVENUE
27.96,570,Queens,CIP NB GCP - TNB
45.98,165,Queens,CIP S Hempstead Tpk - Laurelton Pkwy @ SSP
35.41,253,Queens,VWE N MP4.63 (Exit 6 - Jamaica Ave) - MP6.39 (Exit 11 Jewel Ave)
18.01,257,Bronx,BWB S Toll Plaza - Queens Anchorage
0.0,0,Manhattan,BQE N Atlantic Ave - BKN Bridge Manhattan Side
21.12,201,Bronx,CBE AMSTERDAM AVE (L/LVL) - MORRIS AVE
47.22,98,Bronx,BWB S Toll Plaza - Queens Anchorage
31.68,203,Queens,BWB S Queens Anchorage - WSE S Exit 14 (Linden Pl)
33.55,163,Manhattan,LINCOLN TUNNEL E SOUTH TUBE - NJ - NY
6.83,1302,Queens,VWE S MP6.39 (Exit 11 Jewel Ave) - MP4.63 (Exit 6 Jamaica Ave)
0.0,0,Staten Island,ROUTE 169 S - MLK WALKER STREET
52.81,81,Bronx,CBE W MORRIS AVE - GWB W AMSTERDAM AVE (L/LVL)
40.38,177,Queens,MDE S TBB EXIT RAMP - QUEENS ANCHORAGE
53.43,204,Queens,CIP S LIE - Hempstead Tpk
46.6,193,Queens,VWE S MP6.39 (Exit 11 Jewel Ave) - MP4.63 (Exit 6 Jamaica Ave)
45.36,51,Staten Island,SIE E VNB E FINGERBOARD ROAD - SI GANTRY LOWER LEVEL
55.3,138,Staten Island,440 N FRANCIS STREET - WSE N TYRELLAN AVE
56.54,139,Staten Island,WSE S VICTORY BOULEVARD - ARDEN AVENUE
39.14,166,Manhattan,BBT W Toll Plaza - Manhattan Portal
53.43,123,Staten Island,SIE E BRADLEY AVENUE - CLOVE ROAD
31.68,225,Brooklyn,BQE N LEONARD STREET - 46TH STREET
51.57,55,Staten Island,SIE W RICHMOND AVENUE - SOUTH AVENUE
0.0,0,Brooklyn,BQE S - GOW S ALTANTIC AVENUE - 9TH STREET
4.34,489,Manhattan,12th Ave S 57th St - 45th St
47.84,33,Staten Island,SIE E WOOLEY AVENUE - BRADLEY AVENUE
49.7,32,Staten Island,SIE E WOOLEY AVENUE - BRADLEY AVENUE
7.45,813,Queens,Whitestone Expwy N Exit 14 (Linden Pl) - BWB N Queens Anchorage
47.22,45,Brooklyn,VNB E-GOWANUS N BROOKLYN GANTRY LOWER LEVEL - 92ND STREET
6.83,446,Manhattan,11th ave s ganservoort - west st @ spring st
42.25,467,Manhattan,Westside Hwy S GWB - 57th St
10.56,606,Manhattan,12th ave @ 45th - 11 ave ganservoort st
14.29,533,Queens,Laurelton Pkwy N @ SSP - CIP N Hempstead Tpk
17.39,185,Manhattan,12th Ave N 40th - 57th St
52.19,126,Staten Island,SIE E BRADLEY AVENUE - CLOVE ROAD
7.45,845,Manhattan,12th ave @ 45th - 11 ave ganservoort st
55.3,289,Queens,CIP NB GCP - TNB
52.81,81,Brooklyn,GOW N 92ND STREET - 7TH AVENUE
38.52,41,Staten Island,SIE E WOOLEY AVENUE - BRADLEY AVENUE
38.52,65,Bronx,HRP S Lafayette Ave - BWB S Toll Plaza
38.52,144,Bronx,BRP N WATSON AVENUE - FORDHAM ROAD
49.08,95,Bronx,BWB S Toll Plaza - Queens Anchorage
27.34,275,Queens,TBB S MANHATTAN LIFT SPAN - QUEENS ANCHORAGE
41.63,196,Queens,TBB N QUEENS ANCHORAGE - MANHATTAN LIFT SPAN
0.0,0,Staten Island,SIE W - MLK N WOOLEY AVENUE - WLAKER STREET
50.33,144,Queens,MDE S TBB EXIT RAMP - QUEENS ANCHORAGE
50.95,97,Queens,LIE W 108TH ST - 84TH ST
26.09,116,Queens,BE S TBB EXIT RAMP - MANHATTAN LIFT SPAN
45.98,46,Brooklyn,VNB E-GOWANUS N BROOKLYN GANTRY UPPER LEVEL - 92ND STREET
40.38,136,Manhattan,LINCOLN TUNNEL E SOUTH TUBE - NJ - NY
10.56,673,Queens,TBB N QUEENS ANCHORAGE - BE N
0.0,0,Staten Island,MLK N WALKER STREET - NJ ROUTE 169
54.05,202,Queens,CVE NB LIE - WILLETS PT BLVD
0.0,0,Brooklyn,BQE S - GOW S ALTANTIC AVENUE - 9TH STREET
39.76,499,Manhattan,Westside Hwy N 57th St - GWB
61.51,113,Staten Island,SIE W - WSE S SOUTH AVENUE - SOUTH AVENUE
50.95,115,Staten Island,SIE W FINGERBOARD ROAD - CLOVE ROAD
0.0,0,Manhattan,BQE N Atlantic Ave - BKN Bridge Manhattan Side
3.72,676,Bronx,CBE W CASTLE HILL AVENUE - TAYLOR AVENUE
8.69,862,Queens,Laurelton Pkwy N @ SSP - CIP N Hempstead Tpk
50.95,147,Bronx,BE N Castle Hill Avenue - Griswold Ave
22.36,238,Manhattan,QMT E Manhattan Side - Toll Plaza
2.48,1874,Manhattan,West St S Spring St - BBT Manhattan Portal outbound
0.0,0,Manhattan,BQE N Atlantic Ave - MAN Bridge Manhattan Side
47.22,46,Queens,CIP N ramp to TNB - TNB Queens Anchorage
49.08,150,Manhattan,GWB E LOWER LEVEL PLAZA - CBE E LOWER LEVEL AMSTERDAM AVE
54.68,142,Queens,Laurelton Pkwy N @ SSP - CIP N Hempstead Tpk
64.0,95,Staten Island,WSE N-SIE E SOUTH AVENUE - SOUTH AVENUE
10.56,680,Brooklyn,BQE S 46TH STREET - LEONARD STREET
51.57,52,Queens,TNB S Qns Anchorage - CIP S @ TNB
33.55,341,Queens,CIP N TNB - Whitestone Expwy S Exit 14 (Linden Pl)
55.92,80,Bronx,HRP N LAFAYETTE AVENUE - E TREMONT AVENUE
20.5,161,Manhattan,11th ave s ganservoort - west st @ spring st
24.23,448,Queens,CVE NB LIE - WILLETS PT BLVD
0.0,0,Staten Island,MLK S - SIE E WALKER STREET - WOOLEY AVENUE
23.61,318,Queens,TBB S MANHATTAN LIFT SPAN - QUEENS ANCHORAGE
0.0,0,Manhattan,LINCOLN TUNNEL W NORTH TUBE NY - NJ
39.14,114,Bronx,BE S CASTLE HILL AVENUE - STRATFORD AVENUE
40.38,127,Bronx,MDE N RFK Bridge - 142nd St
0.0,0,Brooklyn,GOW N 7TH AVENUE - 9TH STREET
47.22,60,Staten Island,WSE S SOUTH AVENUE - VICTORY BOULEVARD
56.54,108,Staten Island,WSE N-SIE E SOUTH AVENUE - SOUTH AVENUE
35.41,310,Queens,CVE NB LIE - WILLETS PT BLVD
64.62,80,Staten Island,WSE S ARDEN AVENUE - BLOOMINGDALE ROAD
27.96,93,Manhattan,BKN Bridge Manhattan Side - FDR N Catherine Slip
55.92,79,Bronx,HRP N LAFAYETTE AVENUE - E TREMONT AVENUE
32.31,159,Bronx,MDE N RFK Bridge - 142nd St
0.0,0,Queens,BE S TBB EXIT RAMP - QUEENS ANCHORAGE
11.18,279,Manhattan,12th Ave N 40th - 57th St
48.46,88,Bronx,CBE AMSTERDAM AVE (L/LVL) - MORRIS AVE
0.0,0,Staten Island,ROUTE 169 S - MLK WALKER STREET
0.0,0,Brooklyn,GOW N 7TH AVENUE - 9TH STREET
52.81,104,Queens,Whitestone Expwy S Exit 14 (Linden Pl) - VWE S MP8.65 (Exit 13 Northern Blvd)
36.03,176,Queens,BWB S Queens Anchorage - WSE S Exit 14 (Linden Pl)
52.19,225,Queens,CIP N LIE ramp - TNB
0.0,0,Staten Island,MLK S - SIE W WALKER STREET - RICHMOND AVENUE
24.23,341,Bronx,CBE W U/LEV AMSTERDAM AVE - I95 S EXP LNS
43.49,49,Brooklyn,VNB E-GOWANUS N BROOKLYN GANTRY LOWER LEVEL - 92ND STREET
56.54,133,Staten Island,WSE N TYRELLAN AVENUE - BLOOMINGDALE ROAD
16.77,311,Queens,VWE S MP8.65 (Exit 13 Northern Blvd) - MP6.39 (Exit 11 Jewel Ave)
16.15,263,Bronx,CBE W MORRIS AVE - GWB W AMSTERDAM AVE (U/LVL)
21.12,511,Queens,CIP S LIE - Hempstead Tpk
3.72,585,Bronx,BWB N Toll Plaza - HRP N Lafayatte Ave
57.16,137,Staten Island,WSE S VICTORY BOULEVARD - ARDEN AVENUE
31.68,168,Queens,QMT W Toll Plaza - Manhattan Side
60.27,82,Queens,LIE W 108TH ST - 84TH ST
47.84,186,Queens,VWE N MP4.63 (Exit 6 - Jamaica Ave) - MP6.39 (Exit 11 Jewel Ave)
0.0,0,Queens,Whitestone Expwy S Exit 14 (Linden Pl) - VWE S MP8.65 (Exit 13 Northern Blvd)
10.56,501,Manhattan,LINCOLN TUNNEL W CENTER TUBE NY - NJ
35.41,193,Manhattan,FDR S 63rd - 25th St
39.76,274,Queens,CVE NB LIE - WILLETS PT BLVD
62.75,51,Staten Island,WSE N VICTORY BLVD - SOUTH AVENUE
37.9,145,Manhattan,LINCOLN TUNNEL W CENTER TUBE NY - NJ
36.66,243,Queens,VWE N MP4.63 (Exit 6 - Jamaica Ave) - MP6.39 (Exit 11 Jewel Ave)
47.84,29,Staten Island,SIE W BRADLEY AVENUE - WOOLEY AVENUE
50.95,42,Staten Island,VNB W-SIE W SI GANTRY LOWER LEVEL - FINGERBOARD ROAD
4.97,1086,Manhattan,West St S Spring St - BBT Manhattan Portal outbound
44.73,214,Queens,LIE WB LITTLE NECK PKWY - NB CVE
0.0,0,Staten Island,MLK N WALKER STREET - NJ ROUTE 169
11.18,591,Manhattan,FDR N 25th - 63rd St
62.75,62,Staten Island,SIE W WOOLEY AVENUE - RICHMOND AVENUE
18.01,246,Bronx,MDE S HARLEM RIVER PARK - GWB W AMSTERDAM AVENUE LOWER LEVEL
52.81,148,Staten Island,WSE S VICTORY BOULEVARD - ARDEN AVENUE
58.4,76,Bronx,HRP N LAFAYETTE AVENUE - E TREMONT AVENUE
47.84,97,Brooklyn,VNB E SI GANTRY UPPER LEVEL - BROOKLYN GANTRY UPPER LEVEL
0.0,0,Staten Island,MLK N WALKER STREET - NJ ROUTE 169
27.96,245,Manhattan,FDR S 63rd - 25th St
57.16,87,Staten Island,WSE N BLOOMUINGDALE ROAD - ARDEN AVENUE
54.05,99,Queens,VWE N MP6.39 (Exit 11 Jewel Ave) - MP8.65 (Exit 13 Northern Blvd)
35.41,181,Manhattan,BBT E Manhattan Portal - Toll Plaza
58.4,27,Staten Island,SIE E WOOLEY AVENUE - BRADLEY AVENUE
0.0,0,Bronx,BRP S FORDHAM ROAD - WATSON AVENUE
32.31,210,Manhattan,FDR S 63rd - 25th St
44.11,48,Brooklyn,VNB E-GOWANUS N BROOKLYN GANTRY LOWER LEVEL - 92ND STREET
45.98,349,Queens,CIP NB GCP - TNB
0.0,0,Staten Island,MLK S - SIE E WALKER STREET - WOOLEY AVENUE
0.0,0,Staten Island,ROUTE 169 S - MLK WALKER STREET
51.57,213,Queens,CIP N Hempstead Tpk - LIE
16.15,442,Brooklyn,BQE S 46TH STREET - LEONARD STREET
49.08,52,Bronx,CBE E TAYLOR AVENUE - CASTLE HILL AVENUE
0.0,0,Staten Island,SIE E VNB E FINGERBOARD ROAD - SI GANTRY LOWER LEVEL
9.94,636,Manhattan,12th ave @ 45th - 11 ave ganservoort st
47.84,89,Brooklyn,GOW S 7TH AVENUE - 92ND STREET
0.0,0,Queens,CIP S Hempstead Tpk - Laurelton Pkwy @ SSP
18.64,292,Manhattan,LINCOLN TUNNEL E CENTER TUBE NJ - NY
56.54,75,Brooklyn,GOW N 92ND STREET - 7TH AVENUE
34.79,69,Manhattan,TBB W - FDR S MANHATTAN TRUSS - E116TH STREET
27.34,300,Bronx,CBE W U/LEV AMSTERDAM AVE - I95 S EXP LNS
53.43,104,Staten Island,SIE E CLOVE ROAD - FINGERBOARD ROAD
0.0,0,Staten Island,MLK S - SIE W WALKER STREET - RICHMOND AVENUE
0.0,0,Staten Island,MLK S - SIE E WALKER STREET - WOOLEY AVENUE
54.68,40,Queens,CIP N ramp to TNB - TNB Queens Anchorage
26.09,83,Queens,CIP N ramp to TNB - TNB Queens Anchorage
22.99,445,Manhattan,FDR S 25th St - Catherine Slip
60.27,274,Queens,CVE NB GCP - WILLETS PT BLVD
40.38,228,Queens,Belt Pkwy E 182nd St - Laurelton Pkwy N @ SSP
41.63,133,Manhattan,LINCOLN TUNNEL W CENTER TUBE NY - NJ
55.3,130,Brooklyn,BQE N LEONARD STREET - 46TH STREET
49.7,100,Queens,LIE W 108TH ST - 84TH ST
47.22,97,Brooklyn,VNB W BROOKLYN GANTRY LOWER LEVEL - SI GANTRY LOWER LEVEL
49.08,155,Staten Island,440 N FRANCIS STREET - WSE N TYRELLAN AVE
8.69,260,Manhattan,12th Ave S 57th St - 45th St
49.7,150,Bronx,BE S Griswold - Castle Hill Avenue
0.0,0,Staten Island,MLK N WALKER STREET - NJ ROUTE 169
52.19,150,Staten Island,WSE S VICTORY BOULEVARD - ARDEN AVENUE
47.22,60,Staten Island,SIE W RICHMOND AVENUE - SOUTH AVENUE
43.49,455,Manhattan,Westside Hwy N 57th St - GWB
32.31,80,Manhattan,BKN Bridge Manhattan Side - FDR N Catherine Slip
23.61,108,Manhattan,BKN Bridge Manhattan Side - FDR N Catherine Slip
34.17,224,Staten Island,440 N FRANCIS STREET - WSE N TYRELLAN AVE
42.87,54,Staten Island,SIE E VNB E FINGERBOARD ROAD - SI GANTRY UPPER LEVEL
18.64,298,Manhattan,LINCOLN TUNNEL E SOUTH TUBE - NJ - NY
39.14,280,Queens,CIP N Hempstead Tpk - LIE
53.43,29,Staten Island,SIE E WOOLEY AVENUE - BRADLEY AVENUE
52.19,89,Brooklyn,VNB E SI GANTRY UPPER LEVEL - BROOKLYN GANTRY UPPER LEVEL
36.66,127,Brooklyn,VNB E SI GANTRY UPPER LEVEL - BROOKLYN GANTRY UPPER LEVEL
57.78,136,Staten Island,WSE N ARDEN AVENUE - VICTORY BLVD
0.0,0,Staten Island,MLK S - SIE E WALKER STREET - WOOLEY AVENUE
59.65,83,Queens,LIE W 108TH ST - 84TH ST
36.03,206,Bronx,BE S Griswold - Castle Hill Avenue
65.86,79,Staten Island,WSE S ARDEN AVENUE - BLOOMINGDALE ROAD
9.94,428,Bronx,MDE S HARLEM RIVER PARK - GWB W AMSTERDAM AVENUE UPPER LEVEL
41.63,51,Staten island,VNB W-SIE W SI GANTRY UPPER LEVEL - FINGERBOARD ROAD
55.3,29,Staten Island,SIE E WOOLEY AVENUE - BRADLEY AVENUE
51.57,143,Manhattan,GWB E LOWER LEVEL PLAZA - CBE E LOWER LEVEL AMSTERDAM AVE
34.79,107,Queens,Belt Pkwy W 182nd St - JFK Expressway
0.0,0,Brooklyn,GOW N 9TH STREET - ATLANTIC AVENUE
55.92,99,Staten Island,SIE E CLOVE ROAD - FINGERBOARD ROAD
58.4,79,Bronx,BE N STRATFORD AVENUE - CASTLE HILL AVE
57.16,137,Staten Island,WSE S VICTORY BOULEVARD - ARDEN AVENUE
47.22,45,Brooklyn,GOW S VNB W 92ND STREET - BKLYN GANTRY LOWER LEVEL
52.81,129,Queens,TNB S Toll Plaza - Queens Anchorage
60.89,180,Queens,CIP S LIE - Hempstead Tpk
0.0,0,Staten Island,SIE W - MLK N WOOLEY AVENUE - WLAKER STREET
11.8,665,Queens,Laurelton Pkwy N @ SSP - CIP N Hempstead Tpk
55.3,84,Queens,BWB N Queens Anchorage - Toll Plaza
0.0,0,Manhattan,LINCOLN TUNNEL W CENTER TUBE NY - NJ
50.95,49,Bronx,CBE E TAYLOR AVENUE - CASTLE HILL AVENUE
57.16,97,Staten Island,SIE E CLOVE ROAD - FINGERBOARD ROAD
33.55,159,Manhattan,QMT E Manhattan Side - Toll Plaza
57.78,86,Staten Island,WSE N BLOOMUINGDALE ROAD - ARDEN AVENUE
50.95,180,Queens,Laurelton Pkwy S @ SSP - Belt Pkwy W 182nd St
41.01,197,Queens,TBB N QUEENS ANCHORAGE - MANHATTAN LIFT SPAN
28.58,148,Brooklyn,GOW S 7TH AVENUE - 92ND STREET
41.63,68,Staten Island,SIE W RICHMOND AVENUE - SOUTH AVENUE
60.27,182,Queens,CIP N Hempstead Tpk - LIE
34.79,273,Queens,LIE WB LITTLE NECK PKWY - NB CVE
36.66,116,Bronx,CBE AMSTERDAM AVE (L/LVL) - MORRIS AVE
52.19,30,Staten Island,SIE E WOOLEY AVENUE - BRADLEY AVENUE
48.46,81,Staten Island,SIE E RICHMOND AVENUE - WOOLEY AVENUE
54.05,112,Staten Island,WSE N-SIE E SOUTH AVENUE - SOUTH AVENUE
0.0,0,Staten Island,SIE E-MLK N RICHMOND AVENUE - WALKER STREET
0.0,0,Brooklyn,GOW S 9TH STREET - 7TH AVENUE
12.42,346,Bronx,MDE S HARLEM RIVER PARK - GWB W AMSTERDAM AVENUE UPPER LEVEL
55.3,125,Queens,VWE S MP4.63 (Exit 6 Jamaica Ave) - MP2.66 (Exit 2 Roackaway Blvd)
54.68,81,Bronx,HRP N LAFAYETTE AVENUE - E TREMONT AVENUE
18.01,307,Manhattan,LINCOLN TUNNEL E CENTER TUBE NJ - NY
0.0,0,Manhattan,BQE N Atlantic Ave - MAN Bridge Manhattan Side
29.82,154,Brooklyn,VNB W BROOKLYN GANTRY LOWER LEVEL - SI GANTRY LOWER LEVEL
0.0,0,Bronx,CBE W L/LE V AMSTERDAM AVE - I 95 S LOC LNS
47.84,155,Bronx,BE N Castle Hill Avenue - Griswold Ave
52.19,48,Bronx,CBE E TAYLOR AVENUE - CASTLE HILL AVENUE
8.69,357,Manhattan,11th ave s ganservoort - west st @ spring st
32.31,254,Bronx,CBE E CASTLE HILL AVE - BE N WATERBURY AVE
45.36,86,Queens,LIE WB LITTLE NECK PKWY - NB CIP
43.49,148,Queens,Whitestone Expwy N Exit 14 (Linden Pl) - BWB N Queens Anchorage
31.06,245,Queens,CIP S Hempstead Tpk - Laurelton Pkwy @ SSP
51.57,83,Brooklyn,GOW N 92ND STREET - 7TH AVENUE
25.47,173,Bronx,MDE S HARLEM RIVER PARK - GWB W AMSTERDAM AVENUE LOWER LEVEL
43.49,158,Queens,TNB S Toll Plaza - Queens Anchorage
41.63,472,Manhattan,Westside Hwy S GWB - 57th St
22.36,238,Queens,VWE N MP6.39 (Exit 11 Jewel Ave) - MP8.65 (Exit 13 Northern Blvd)
52.19,106,Queens,Whitestone Expwy S Exit 14 (Linden Pl) - VWE S MP8.65 (Exit 13 Northern Blvd)
59.65,65,Staten Island,SIE W WOOLEY AVENUE - RICHMOND AVENUE
49.08,109,Queens,VWE N MP6.39 (Exit 11 Jewel Ave) - MP8.65 (Exit 13 Northern Blvd)
34.79,143,Manhattan,LINCOLN TUNNEL W NORTH TUBE NY - NJ
49.7,100,Queens,LIE W 108TH ST - 84TH ST
27.34,237,Manhattan,BBT E Manhattan Portal - Toll Plaza
54.68,136,Staten Island,WSE N TYRELLAN AVENUE - BLOOMINGDALE ROAD
44.11,184,Queens,TBB N QUEENS ANCHORAGE - MANHATTAN LIFT SPAN
50.95,84,Brooklyn,GOW N 92ND STREET - 7TH AVENUE
18.01,657,Queens,CIP N LIE ramp - TNB
59.65,78,Brooklyn,VNB E SI GANTRY UPPER LEVEL - BROOKLYN GANTRY UPPER LEVEL
47.22,97,Bronx,BE N STRATFORD AVENUE - CASTLE HILL AVE
32.93,168,Bronx,BRP N WATSON AVENUE - FORDHAM ROAD
14.29,371,Queens,QMT W Toll Plaza - Manhattan Side
39.76,53,Staten island,VNB W-SIE W SI GANTRY UPPER LEVEL - FINGERBOARD ROAD
4.97,1055,Manhattan,LINCOLN TUNNEL W CENTER TUBE NY - NJ
21.12,104,Queens,CIP N ramp to TNB - TNB Queens Anchorage
50.33,50,Bronx,BWB N Toll Plaza - HRP N Lafayatte Ave
0.0,0,Brooklyn,GOW N 9TH STREET - ATLANTIC AVENUE
31.68,169,Queens,QMT W Toll Plaza - Manhattan Side
16.77,256,Bronx,MDE S HARLEM RIVER PARK - GWB W AMSTERDAM AVENUE UPPER LEVEL
43.49,70,Queens,BE S TBB EXIT RAMP - MANHATTAN LIFT SPAN
42.25,105,Bronx,MDE S HARLEM RIVER PARK - GWB W AMSTERDAM AVENUE LOWER LEVEL
34.79,125,Bronx,MDE S HARLEM RIVER PARK - GWB W AMSTERDAM AVENUE UPPER LEVEL
52.81,48,Bronx,BWB N Toll Plaza - HRP N Lafayatte Ave
14.29,438,Manhattan,BBT E Manhattan Portal - Toll Plaza
0.0,0,Queens,BE S TBB EXIT RAMP - QUEENS ANCHORAGE
0.0,0,Manhattan,BQE N Atlantic Ave - BKN Bridge Manhattan Side
29.82,231,Queens,VWE S MP4.63 (Exit 6 Jamaica Ave) - MP2.66 (Exit 2 Roackaway Blvd)
23.61,391,Queens,Belt Pkwy E 182nd St - Laurelton Pkwy N @ SSP
0.0,0,Bronx,MDE N RFK Bridge - 142nd St
51.57,133,Queens,TNB S Toll Plaza - Queens Anchorage
0.0,0,Brooklyn,BQE S - GOW S ALTANTIC AVENUE - 9TH STREET
31.06,162,Manhattan,LINCOLN TUNNEL W NORTH TUBE NY - NJ
29.2,170,Queens,LIE E 84TH ST - 108TH ST
47.22,45,Brooklyn,VNB E-GOWANUS N BROOKLYN GANTRY LOWER LEVEL - 92ND STREET
16.15,302,Manhattan,LINCOLN TUNNEL W NORTH TUBE NY - NJ
56.54,139,Staten Island,WSE N ARDEN AVENUE - VICTORY BLVD
21.74,196,Brooklyn,GOW N 92ND STREET - 7TH AVENUE
18.64,281,Queens,QMT W Toll Plaza - Manhattan Side
50.95,105,Queens,VWE S MP8.65 (Exit 13 Northern Blvd) - MP6.39 (Exit 11 Jewel Ave)
27.96,153,Bronx,CBE W MORRIS AVE - GWB W AMSTERDAM AVE (U/LVL)
44.73,54,Manhattan,TBB W - FDR S MANHATTAN TRUSS - E116TH STREET
40.38,206,Bronx,CBE W U/LEV AMSTERDAM AVE - I95 S EXP LNS
57.16,56,Staten Island,WSE N VICTORY BLVD - SOUTH AVENUE
10.56,558,Staten Island,SIE W FINGERBOARD ROAD - CLOVE ROAD
38.52,63,Manhattan,TBB W - FDR S MANHATTAN TRUSS - E116TH STREET
43.49,175,Queens,CIP S Hempstead Tpk - Laurelton Pkwy @ SSP
44.73,438,Manhattan,Westside Hwy S GWB - 57th St
47.22,145,Queens,TNB S Toll Plaza - Queens Anchorage
29.82,216,Manhattan,BBT W Toll Plaza - Manhattan Portal
43.49,106,Queens,BWB N Queens Anchorage - Toll Plaza
42.87,123,Queens,VWE N MP8.64 (Exit 13 Northern Blvd) - Whitestone Expwy Exit 14 (Linden Pl)
0.0,0,Bronx,CBE W L/LE V AMSTERDAM AVE - I 95 S LOC LNS
42.87,92,Queens,LIE WB LITTLE NECK PKWY - NB CIP
52.81,313,Queens,CVE NB GCP - WILLETS PT BLVD
37.9,122,Queens,BWB N Queens Anchorage - Toll Plaza
29.82,183,Manhattan,LINCOLN TUNNEL W CENTER TUBE NY - NJ
44.11,189,Bronx,CBE W U/LEV AMSTERDAM AVE - I95 S EXP LNS
45.98,101,Queens,BWB N Queens Anchorage - Toll Plaza
6.83,318,Manhattan,12th Ave S 57th St - 45th St
50.33,100,Staten Island,WSE N BLOOMUINGDALE ROAD - ARDEN AVENUE
48.46,44,Staten Island,VNB W-SIE W SI GANTRY LOWER LEVEL - FINGERBOARD ROAD
0.0,0,Staten Island,SIE W - MLK N WOOLEY AVENUE - WLAKER STREET
29.2,181,Queens,VWE N MP6.39 (Exit 11 Jewel Ave) - MP8.65 (Exit 13 Northern Blvd)
46.6,235,Queens,CVE NB LIE - WILLETS PT BLVD
58.4,118,Queens,VWE S MP4.63 (Exit 6 Jamaica Ave) - MP2.66 (Exit 2 Roackaway Blvd)
21.12,255,Manhattan,11th ave n ganservoort - 12th ave @ 40th st
43.49,250,Queens,CIP N Hempstead Tpk - LIE
0.0,0,Brooklyn,GOW N 7TH AVENUE - 9TH STREET
22.99,312,Queens,TBB N QUEENS ANCHORAGE - BE N
47.22,30,Staten Island,SIE W BRADLEY AVENUE - WOOLEY AVENUE
60.27,82,Staten Island,WSE N BLOOMUINGDALE ROAD - ARDEN AVENUE
50.33,106,Queens,VWE S MP8.65 (Exit 13 Northern Blvd) - MP6.39 (Exit 11 Jewel Ave)
50.95,84,Bronx,CBE AMSTERDAM AVE (L/LVL) - MORRIS AVE
18.01,292,Manhattan,QMT E Manhattan Side - Toll Plaza
54.68,151,Bronx,CBE E CASTLE HILL AVE - BE N WATERBURY AVE
10.56,474,Queens,LIE E 84TH ST - 108TH ST
50.33,57,Staten Island,WSE S SOUTH AVENUE - VICTORY BOULEVARD
0.0,0,Manhattan,LINCOLN TUNNEL E CENTER TUBE NJ - NY
55.92,148,Bronx,CBE E CASTLE HILL AVE - BE N WATERBURY AVE
51.57,103,Queens,VWE N MP8.64 (Exit 13 Northern Blvd) - Whitestone Expwy Exit 14 (Linden Pl)
19.26,260,Queens,LIE W 108TH ST - 84TH ST
52.81,130,Queens,VWE S MP4.63 (Exit 6 Jamaica Ave) - MP2.66 (Exit 2 Roackaway Blvd)
13.04,552,Queens,TBB N QUEENS ANCHORAGE - BE N
49.7,86,Brooklyn,GOW N 92ND STREET - 7TH AVENUE
54.68,211,Queens,CIP N TNB - Whitestone Expwy S Exit 14 (Linden Pl)
51.57,149,Staten Island,440 N FRANCIS STREET - WSE N TYRELLAN AVE
19.26,135,Manhattan,FDR S Catherine Slip - BKN Bridge Manhattan Side
34.79,256,Queens,VWE N MP4.63 (Exit 6 - Jamaica Ave) - MP6.39 (Exit 11 Jewel Ave)
57.16,88,Staten Island,WSE N BLOOMUINGDALE ROAD - ARDEN AVENUE
49.7,43,Brooklyn,VNB E-GOWANUS N BROOKLYN GANTRY LOWER LEVEL - 92ND STREET
43.49,53,Staten Island,SIE E VNB E FINGERBOARD ROAD - SI GANTRY UPPER LEVEL
44.73,103,Brooklyn,VNB W BROOKLYN GANTRY UPPER LEVEL - SI GANTRY UPPER LEVEL
44.11,55,Manhattan,TBB W - FDR S MANHATTAN TRUSS - E116TH STREET
42.25,162,Manhattan,FDR S 63rd - 25th St
49.08,94,Bronx,BWB S Toll Plaza - Queens Anchorage
55.3,77,Brooklyn,GOW S 7TH AVENUE - 92ND STREET
40.38,53,Staten Island,VNB W-SIE W SI GANTRY LOWER LEVEL - FINGERBOARD ROAD
6.83,746,Manhattan,11th ave n ganservoort - 12th ave @ 40th st
9.32,674,Manhattan,12th ave @ 45th - 11 ave ganservoort st
4.34,1822,Bronx,CBE W L/LE V AMSTERDAM AVE - I 95 S LOC LNS
53.43,104,Staten Island,SIE E CLOVE ROAD - FINGERBOARD ROAD
45.36,150,Queens,TNB S Toll Plaza - Queens Anchorage
0.0,0,Staten Island,MLK S - SIE W WALKER STREET - RICHMOND AVENUE
48.46,153,Bronx,BE N Castle Hill Avenue - Griswold Ave
42.87,145,Staten Island,WSE S BLLOMINGDALE ROAD - TYRELLAN AVENUE
54.05,53,Staten Island,WSE S SOUTH AVENUE - VICTORY BOULEVARD
34.79,186,Manhattan,BBT E Manhattan Portal - Toll Plaza
59.03,66,Staten Island,SIE W WOOLEY AVENUE - RICHMOND AVENUE
0.0,0,Staten Island,MLK S - SIE W WALKER STREET - RICHMOND AVENUE
0.0,0,Brooklyn,GOW N 7TH AVENUE - 9TH STREET
54.68,141,Staten Island,WSE S TYRELLAN AVENUE - 440 S FRANCIS STREET
44.73,113,Bronx,MDE N RFK Bridge - 142nd St
47.84,52,Bronx,BWB N Toll Plaza - HRP N Lafayatte Ave
24.23,380,Queens,Belt Pkwy E 182nd St - Laurelton Pkwy N @ SSP
31.06,231,Queens,TBB N QUEENS ANCHORAGE - BE N
8.69,736,Manhattan,12th ave @ 45th - 11 ave ganservoort st
41.01,287,Queens,CIP N LIE ramp - TNB
31.06,232,Queens,MDE S TBB EXIT RAMP - QUEENS ANCHORAGE
13.04,406,Queens,VWE S MP8.65 (Exit 13 Northern Blvd) - MP6.39 (Exit 11 Jewel Ave)
44.11,163,Queens,MDE S TBB EXIT RAMP - QUEENS ANCHORAGE
0.0,0,Staten Island,ROUTE 169 S - MLK WALKER STREET
6.83,754,Manhattan,11th ave n ganservoort - 12th ave @ 40th st
55.3,208,Queens,CIP N TNB - Whitestone Expwy S Exit 14 (Linden Pl)
49.7,112,Queens,Whitestone Expwy S Exit 14 (Linden Pl) - VWE S MP8.65 (Exit 13 Northern Blvd)
40.38,57,Staten Island,SIE E VNB E FINGERBOARD ROAD - SI GANTRY LOWER LEVEL
34.17,162,Manhattan,LINCOLN TUNNEL W CENTER TUBE NY - NJ
59.65,99,Staten Island,SIE W FINGERBOARD ROAD - CLOVE ROAD
56.54,107,Staten Island,WSE N-SIE E SOUTH AVENUE - SOUTH AVENUE
32.31,171,Manhattan,LINCOLN TUNNEL W CENTER TUBE NY - NJ
16.77,231,Staten Island,SIE E RICHMOND AVENUE - WOOLEY AVENUE
47.22,145,Queens,TNB N Queens Anchorage - Toll Plaza
65.86,79,Staten Island,WSE S ARDEN AVENUE - BLOOMINGDALE ROAD
34.17,471,Queens,CIP NB GCP - TNB
55.3,42,Staten Island,SIE E VNB E FINGERBOARD ROAD - SI GANTRY LOWER LEVEL
0.0,0,Staten Island,ROUTE 169 S - MLK WALKER STREET
33.55,214,Brooklyn,BQE N LEONARD STREET - 46TH STREET
29.82,340,Manhattan,FDR N Catherine Slip - 25th St
0.0,0,Brooklyn,GOW N 7TH AVENUE - 9TH STREET
41.63,120,Queens,LIE W 108TH ST - 84TH ST
22.36,191,Brooklyn,GOW N 92ND STREET - 7TH AVENUE
18.01,122,Queens,CIP N ramp to TNB - TNB Queens Anchorage
32.93,325,Queens,VWE S MP2.66 (Exit 2 Rockaway Blvd) - Belt Pkwy E 182nd St
46.6,191,Queens,VWE S MP6.39 (Exit 11 Jewel Ave) - MP4.63 (Exit 6 Jamaica Ave)
16.77,422,Manhattan,BQE N Atlantic Ave - BKN Bridge Manhattan Side
31.68,224,Brooklyn,BQE S 46TH STREET - LEONARD STREET
0.0,0,Staten Island,MLK S - SIE W WALKER STREET - RICHMOND AVENUE
63.37,110,Staten Island,SIE W - WSE S SOUTH AVENUE - SOUTH AVENUE
13.67,388,Queens,VWE S MP8.65 (Exit 13 Northern Blvd) - MP6.39 (Exit 11 Jewel Ave)
38.52,193,Manhattan,GWB E LOWER LEVEL PLAZA - CBE E LOWER LEVEL AMSTERDAM AVE
52.19,143,Staten Island,WSE N TYRELLAN AVENUE - BLOOMINGDALE ROAD
45.98,46,Brooklyn,GOW S VNB W 92ND STREET - BKLYN GANTRY UPPER LEVEL
49.08,87,Brooklyn,GOW S 7TH AVENUE - 92ND STREET
39.76,276,Queens,CIP S LIE - Hempstead Tpk
45.36,133,Staten Island,WSE N-SIE E SOUTH AVENUE - SOUTH AVENUE
48.46,133,Queens,BWB S Queens Anchorage - WSE S Exit 14 (Linden Pl)
31.06,352,Queens,CVE NB LIE - WILLETS PT BLVD
27.34,52,Staten Island,SIE W BRADLEY AVENUE - WOOLEY AVENUE
50.33,127,Queens,BWB S Queens Anchorage - WSE S Exit 14 (Linden Pl)
30.44,78,Manhattan,TBB W - FDR S MANHATTAN TRUSS - E116TH STREET
42.87,150,Queens,Whitestone Expwy N Exit 14 (Linden Pl) - BWB N Queens Anchorage
49.7,53,Queens,TNB S Qns Anchorage - CIP S @ TNB
14.29,227,Manhattan,11th ave s ganservoort - west st @ spring st
42.87,37,Staten Island,SIE E WOOLEY AVENUE - BRADLEY AVENUE
53.43,123,Staten Island,SIE E BRADLEY AVENUE - CLOVE ROAD
0.0,0,Brooklyn,GOW N 7TH AVENUE - 9TH STREET
57.16,44,Bronx,CBE W CASTLE HILL AVENUE - TAYLOR AVENUE
0.0,0,Bronx,BRP S FORDHAM ROAD - WATSON AVENUE
53.43,147,Staten Island,WSE N ARDEN AVENUE - VICTORY BLVD
32.31,223,Queens,TBB N QUEENS ANCHORAGE - BE N
0.0,0,Staten Island,SIE E-MLK N RICHMOND AVENUE - WALKER STREET
42.25,171,Queens,TBB N QUEENS ANCHORAGE - BE N
0.0,0,Manhattan,GWB E LOWER LEVEL PLAZA - CBE E LOWER LEVEL AMSTERDAM AVE
50.33,28,Staten Island,SIE W BRADLEY AVENUE - WOOLEY AVENUE
11.8,219,Queens,TNB S Qns Anchorage - CIP S @ TNB
19.88,278,Manhattan,LINCOLN TUNNEL E SOUTH TUBE - NJ - NY
0.0,0,Brooklyn,BQE S - GOW S ALTANTIC AVENUE - 9TH STREET
44.11,48,Brooklyn,VNB E-GOWANUS N BROOKLYN GANTRY LOWER LEVEL - 92ND STREET
57.78,105,Staten Island,WSE N-SIE E SOUTH AVENUE - SOUTH AVENUE
56.54,163,Queens,Laurelton Pkwy S @ SSP - Belt Pkwy W 182nd St
62.75,62,Staten Island,SIE E RICHMOND AVENUE - WOOLEY AVENUE
55.92,96,Queens,VWE N MP6.39 (Exit 11 Jewel Ave) - MP8.65 (Exit 13 Northern Blvd)
22.36,222,Manhattan,LINCOLN TUNNEL W NORTH TUBE NY - NJ
0.0,0,Staten Island,MLK S - SIE W WALKER STREET - RICHMOND AVENUE
46.6,49,Staten Island,SIE E VNB E FINGERBOARD ROAD - SI GANTRY UPPER LEVEL
39.14,409,Queens,CIP NB GCP - TNB
0.0,0,Brooklyn,GOW N 9TH STREET - ATLANTIC AVENUE
47.22,45,Brooklyn,GOW S VNB W 92ND STREET - BKLYN GANTRY LOWER LEVEL
16.77,255,Bronx,CBE W MORRIS AVE - GWB W AMSTERDAM AVE (U/LVL)
22.99,359,Bronx,CBE W U/LEV AMSTERDAM AVE - I95 S EXP LNS
45.36,134,Staten Island,WSE N-SIE E SOUTH AVENUE - SOUTH AVENUE
29.82,310,Queens,Belt Pkwy E 182nd St - Laurelton Pkwy N @ SSP
27.34,143,Queens,LIE WB LITTLE NECK PKWY - NB CIP
57.78,80,Bronx,BE N STRATFORD AVENUE - CASTLE HILL AVE
50.95,175,Queens,VWE N MP4.63 (Exit 6 - Jamaica Ave) - MP6.39 (Exit 11 Jewel Ave)
50.33,178,Queens,VWE N MP4.63 (Exit 6 - Jamaica Ave) - MP6.39 (Exit 11 Jewel Ave)
9.32,587,Manhattan,LINCOLN TUNNEL W CENTER TUBE NY - NJ
57.16,78,Bronx,HRP N LAFAYETTE AVENUE - E TREMONT AVENUE
50.33,43,Queens,CIP N ramp to TNB - TNB Queens Anchorage
1.86,4413,Bronx,CBE W L/LE V AMSTERDAM AVE - I 95 S LOC LNS
33.55,164,Manhattan,LINCOLN TUNNEL W CENTER TUBE NY - NJ
42.87,165,Brooklyn,BQE S 46TH STREET - LEONARD STREET
0.0,0,Manhattan,GWB E LOWER LEVEL PLAZA - CBE E LOWER LEVEL AMSTERDAM AVE
57.78,86,Staten Island,WSE N BLOOMUINGDALE ROAD - ARDEN AVENUE
15.53,259,Brooklyn,GOW N 9TH STREET - ATLANTIC AVENUE
9.94,431,Bronx,CBE W MORRIS AVE - GWB W AMSTERDAM AVE (U/LVL)
50.95,134,Queens,TNB N Queens Anchorage - Toll Plaza
27.96,93,Manhattan,FDR S Catherine Slip - BKN Bridge Manhattan Side
12.42,451,Manhattan,West St S Spring St - BBT Manhattan Portal outbound
0.0,0,Manhattan,BQE N Atlantic Ave - MAN Bridge Manhattan Side
40.38,124,Manhattan,LINCOLN TUNNEL W NORTH TUBE NY - NJ
56.54,47,Queens,TNB S Qns Anchorage - CIP S @ TNB
42.25,63,Queens,TNB S Qns Anchorage - CIP S @ TNB
6.83,733,Manhattan,11th ave n ganservoort - 12th ave @ 40th st
0.0,0,Staten Island,ROUTE 169 S - MLK WALKER STREET
24.23,415,Manhattan,FDR S 25th St - Catherine Slip
45.98,428,Manhattan,Westside Hwy S GWB - 57th St
62.13,80,Staten Island,WSE N BLOOMUINGDALE ROAD - ARDEN AVENUE
54.05,138,Staten Island,WSE N TYRELLAN AVENUE - BLOOMINGDALE ROAD
37.28,147,Bronx,BRP S FORDHAM ROAD - WATSON AVENUE
16.15,258,Bronx,CBE E AMSTERDAM AVE(U/LVL) - MORRIS AVE
19.26,120,Manhattan,FDR N - TBB E 116TH STREET - MANHATTAN TRUSS
38.52,185,Queens,MDE S TBB EXIT RAMP - QUEENS ANCHORAGE
38.52,115,Bronx,MDE S HARLEM RIVER PARK - GWB W AMSTERDAM AVENUE LOWER LEVEL
0.0,0,Manhattan,West St S Spring St - BBT Manhattan Portal outbound
45.98,54,Bronx,HRP S Lafayette Ave - BWB S Toll Plaza
0.0,0,Brooklyn,BQE S - GOW S ALTANTIC AVENUE - 9TH STREET
40.38,290,Queens,CIP N LIE ramp - TNB
19.26,298,Manhattan,West St S Spring St - BBT Manhattan Portal outbound
44.11,32,Staten Island,SIE W BRADLEY AVENUE - WOOLEY AVENUE
15.53,136,Staten island,VNB W-SIE W SI GANTRY UPPER LEVEL - FINGERBOARD ROAD
22.36,106,Manhattan,FDR N - TBB E 116TH STREET - MANHATTAN TRUSS
47.22,177,Bronx,CBE E CASTLE HILL AVE - BE N WATERBURY AVE
11.18,287,Manhattan,11th ave s ganservoort - west st @ spring st
0.0,0,Manhattan,BQE N Atlantic Ave - BKN Bridge Manhattan Side
0.0,0,Staten Island,SIE W - MLK N WOOLEY AVENUE - WLAKER STREET
18.01,556,Manhattan,FDR S 25th St - Catherine Slip
57.78,92,Queens,VWE N MP6.39 (Exit 11 Jewel Ave) - MP8.65 (Exit 13 Northern Blvd)
9.94,533,Manhattan,11th ave n ganservoort - 12th ave @ 40th st
0.0,0,Brooklyn,GOW N 7TH AVENUE - 9TH STREET
56.54,107,Staten Island,WSE N-SIE E SOUTH AVENUE - SOUTH AVENUE
52.81,129,Queens,TNB N Queens Anchorage - Toll Plaza
45.98,46,Brooklyn,VNB E-GOWANUS N BROOKLYN GANTRY UPPER LEVEL - 92ND STREET
3.1,1503,Manhattan,11th ave n ganservoort - 12th ave @ 40th st
47.22,98,Brooklyn,VNB E SI GANTRY UPPER LEVEL - BROOKLYN GANTRY UPPER LEVEL
44.11,162,Queens,MDE S TBB EXIT RAMP - QUEENS ANCHORAGE
34.17,115,Queens,LIE WB LITTLE NECK PKWY - NB CIP
18.01,259,Brooklyn,VNB W BROOKLYN GANTRY UPPER LEVEL - SI GANTRY UPPER LEVEL
51.57,178,Queens,Laurelton Pkwy S @ SSP - Belt Pkwy W 182nd St
44.73,95,Brooklyn,GOW N 92ND STREET - 7TH AVENUE
39.76,204,Queens,TBB N QUEENS ANCHORAGE - MANHATTAN LIFT SPAN
13.04,482,Queens,Whitestone Expwy N Exit 14 (Linden Pl) - BWB N Queens Anchorage
41.63,195,Queens,TBB N QUEENS ANCHORAGE - MANHATTAN LIFT SPAN
38.52,232,Queens,VWE S MP6.39 (Exit 11 Jewel Ave) - MP4.63 (Exit 6 Jamaica Ave)
37.28,63,Manhattan,FDR N - TBB E 116TH STREET - MANHATTAN TRUSS
0.0,0,Brooklyn,BQE S - GOW S ALTANTIC AVENUE - 9TH STREET
11.8,457,Manhattan,LINCOLN TUNNEL W CENTER TUBE NY - NJ
52.19,120,Staten Island,WSE S BLLOMINGDALE ROAD - TYRELLAN AVENUE
50.33,136,Manhattan,FDR N 25th - 63rd St
44.73,439,Manhattan,Westside Hwy S GWB - 57th St
0.0,0,Brooklyn,GOW S 9TH STREET - 7TH AVENUE
50.33,219,Queens,CIP N Hempstead Tpk - LIE
55.3,298,Queens,CVE NB GCP - WILLETS PT BLVD
42.25,55,Staten Island,SIE E VNB E FINGERBOARD ROAD - SI GANTRY UPPER LEVEL
18.01,559,Manhattan,FDR N Catherine Slip - 25th St
56.54,107,Staten Island,WSE N-SIE E SOUTH AVENUE - SOUTH AVENUE
50.95,151,Staten Island,440 N FRANCIS STREET - WSE N TYRELLAN AVE
39.76,98,Queens,LIE WB LITTLE NECK PKWY - NB CIP
52.19,143,Bronx,BE N Castle Hill Avenue - Griswold Ave
32.93,140,Brooklyn,VNB W BROOKLYN GANTRY LOWER LEVEL - SI GANTRY LOWER LEVEL
14.91,450,Manhattan,FDR N 25th - 63rd St
59.65,277,Queens,CVE NB GCP - WILLETS PT BLVD
51.57,49,Bronx,BWB N Toll Plaza - HRP N Lafayatte Ave
9.94,422,Bronx,CBE E AMSTERDAM AVE(U/LVL) - MORRIS AVE
0.0,0,Staten Island,MLK S - SIE W WALKER STREET - RICHMOND AVENUE
50.95,215,Queens,CVE NB LIE - WILLETS PT BLVD
21.74,64,Staten Island,SIE W BRADLEY AVENUE - WOOLEY AVENUE
45.36,86,Staten Island,SIE E RICHMOND AVENUE - WOOLEY AVENUE
32.31,171,Manhattan,LINCOLN TUNNEL W CENTER TUBE NY - NJ
45.98,101,Brooklyn,VNB E SI GANTRY UPPER LEVEL - BROOKLYN GANTRY UPPER LEVEL
39.14,500,Manhattan,Westside Hwy N 57th St - GWB
3.72,1028,Bronx,MDE S HARLEM RIVER PARK - GWB W AMSTERDAM AVENUE UPPER LEVEL
44.11,217,Queens,LIE WB LITTLE NECK PKWY - NB CVE
34.79,258,Queens,VWE N MP4.63 (Exit 6 - Jamaica Ave) - MP6.39 (Exit 11 Jewel Ave)
0.0,0,Manhattan,GWB E LOWER LEVEL PLAZA - CBE E LOWER LEVEL AMSTERDAM AVE
31.06,234,Queens,TBB N QUEENS ANCHORAGE - BE N
18.64,125,Manhattan,FDR N - TBB E 116TH STREET - MANHATTAN TRUSS
20.5,534,Queens,CVE NB LIE - WILLETS PT BLVD
18.64,142,Queens,TNB S Qns Anchorage - CIP S @ TNB
54.05,140,Queens,CIP S Hempstead Tpk - Laurelton Pkwy @ SSP
47.22,99,Brooklyn,VNB W BROOKLYN GANTRY UPPER LEVEL - SI GANTRY UPPER LEVEL
29.2,285,Bronx,CBE W U/LEV AMSTERDAM AVE - I95 S EXP LNS
58.4,67,Staten Island,SIE E RICHMOND AVENUE - WOOLEY AVENUE
19.26,171,Manhattan,11th ave s ganservoort - west st @ spring st
49.08,146,Queens,MDE S TBB EXIT RAMP - QUEENS ANCHORAGE
55.92,83,Brooklyn,VNB W BROOKLYN GANTRY LOWER LEVEL - SI GANTRY LOWER LEVEL
52.81,88,Brooklyn,VNB W BROOKLYN GANTRY LOWER LEVEL - SI GANTRY LOWER LEVEL
8.07,673,Manhattan,West St S Spring St - BBT Manhattan Portal outbound
9.32,615,Manhattan,West St S Spring St - BBT Manhattan Portal outbound
45.36,164,Queens,TBB S MANHATTAN LIFT SPAN - QUEENS ANCHORAGE
52.19,131,Queens,VWE S MP4.63 (Exit 6 Jamaica Ave) - MP2.66 (Exit 2 Roackaway Blvd)
48.46,102,Queens,LIE W 108TH ST - 84TH ST
13.04,443,Staten Island,SIE W FINGERBOARD ROAD - CLOVE ROAD
0.0,0,Brooklyn,GOW N 7TH AVENUE - 9TH STREET
39.14,63,Bronx,HRP S Lafayette Ave - BWB S Toll Plaza
50.95,31,Staten Island,SIE E WOOLEY AVENUE - BRADLEY AVENUE
34.79,333,Queens,CIP N TNB - Whitestone Expwy S Exit 14 (Linden Pl)
0.0,0,Brooklyn,BQE S - GOW S ALTANTIC AVENUE - 9TH STREET
52.19,82,Brooklyn,GOW S 7TH AVENUE - 92ND STREET
46.6,191,Queens,VWE N MP4.63 (Exit 6 - Jamaica Ave) - MP6.39 (Exit 11 Jewel Ave)
14.91,279,Bronx,CBE W MORRIS AVE - GWB W AMSTERDAM AVE (U/LVL)
24.23,263,Manhattan,BBT W Toll Plaza - Manhattan Portal
57.78,120,Staten Island,SIE W - WSE S SOUTH AVENUE - SOUTH AVENUE
55.3,166,Queens,Laurelton Pkwy S @ SSP - Belt Pkwy W 182nd St
9.94,874,Queens,VWE N MP4.63 (Exit 6 - Jamaica Ave) - MP6.39 (Exit 11 Jewel Ave)
46.6,99,Brooklyn,VNB E SI GANTRY LOWER LEVEL - BROOLKYN GANTRY LOWER LEVEL
45.36,436,Manhattan,Westside Hwy S GWB - 57th St
26.09,388,Manhattan,FDR N Catherine Slip - 25th St
26.09,275,Brooklyn,BQE N LEONARD STREET - 46TH STREET
31.68,620,Manhattan,Westside Hwy S GWB - 57th St
54.05,86,Brooklyn,VNB E SI GANTRY LOWER LEVEL - BROOLKYN GANTRY LOWER LEVEL
21.74,209,Bronx,BE N STRATFORD AVENUE - CASTLE HILL AVE
26.71,205,Bronx,BRP N WATSON AVENUE - FORDHAM ROAD
55.92,140,Staten Island,WSE N ARDEN AVENUE - VICTORY BLVD
50.95,84,Bronx,CBE AMSTERDAM AVE (L/LVL) - MORRIS AVE
23.61,224,Manhattan,QMT E Manhattan Side - Toll Plaza
11.18,506,Staten Island,SIE W FINGERBOARD ROAD - CLOVE ROAD
37.9,523,Manhattan,Westside Hwy S GWB - 57th St
47.22,166,Staten Island,WSE S VICTORY BOULEVARD - ARDEN AVENUE
0.0,0,Staten Island,MLK N WALKER STREET - NJ ROUTE 169
24.85,410,Manhattan,FDR S 25th St - Catherine Slip
50.95,98,Staten Island,WSE N BLOOMUINGDALE ROAD - ARDEN AVENUE
57.16,121,Staten Island,SIE W - WSE S SOUTH AVENUE - SOUTH AVENUE
32.31,131,Bronx,CBE E AMSTERDAM AVE(U/LVL) - MORRIS AVE
42.87,168,Queens,MDE S TBB EXIT RAMP - QUEENS ANCHORAGE
11.8,209,Bronx,HRP S Lafayette Ave - BWB S Toll Plaza
38.52,169,Manhattan,BBT W Toll Plaza - Manhattan Portal
53.43,99,Queens,VWE S MP8.65 (Exit 13 Northern Blvd) - MP6.39 (Exit 11 Jewel Ave)
12.42,496,Manhattan,12th ave @ 45th - 11 ave ganservoort st
46.6,233,Queens,VWE S MP2.66 (Exit 2 Rockaway Blvd) - Belt Pkwy E 182nd St
26.71,184,Queens,LIE W 108TH ST - 84TH ST
53.43,87,Brooklyn,VNB W BROOKLYN GANTRY UPPER LEVEL - SI GANTRY UPPER LEVEL
36.66,145,Queens,VWE N MP8.64 (Exit 13 Northern Blvd) - Whitestone Expwy Exit 14 (Linden Pl)
45.98,93,Brooklyn,GOW S 7TH AVENUE - 92ND STREET
50.33,92,Brooklyn,VNB E SI GANTRY LOWER LEVEL - BROOLKYN GANTRY LOWER LEVEL
8.69,482,Bronx,CBE W MORRIS AVE - GWB W AMSTERDAM AVE (L/LVL)
9.94,320,Manhattan,11th ave s ganservoort - west st @ spring st
54.68,108,Staten Island,SIE W FINGERBOARD ROAD - CLOVE ROAD
14.91,467,Brooklyn,BQE S 46TH STREET - LEONARD STREET
41.63,475,Manhattan,Westside Hwy S GWB - 57th St
18.01,638,Queens,CIP N LIE ramp - TNB
19.26,279,Queens,VWE N MP6.39 (Exit 11 Jewel Ave) - MP8.65 (Exit 13 Northern Blvd)
57.16,137,Staten Island,WSE S VICTORY BOULEVARD - ARDEN AVENUE
45.98,140,Queens,BWB S Queens Anchorage - WSE S Exit 14 (Linden Pl)
5.59,1484,Bronx,CBE W L/LE V AMSTERDAM AVE - I 95 S LOC LNS
12.42,331,Brooklyn,GOW N 92ND STREET - 7TH AVENUE
42.25,258,Queens,CIP S LIE - Hempstead Tpk
55.92,133,Staten Island,WSE N TYRELLAN AVENUE - BLOOMINGDALE ROAD
44.73,153,Manhattan,FDR S 63rd - 25th St
37.9,130,Queens,LIE W 108TH ST - 84TH ST
10.56,601,Manhattan,BBT E Manhattan Portal - Toll Plaza
57.16,138,Staten Island,WSE N ARDEN AVENUE - VICTORY BLVD
42.25,110,Brooklyn,VNB E SI GANTRY UPPER LEVEL - BROOKLYN GANTRY UPPER LEVEL
50.33,92,Brooklyn,VNB E SI GANTRY UPPER LEVEL - BROOKLYN GANTRY UPPER LEVEL
42.87,50,Brooklyn,GOW S VNB W 92ND STREET - BKLYN GANTRY UPPER LEVEL
19.88,270,Manhattan,11th ave n ganservoort - 12th ave @ 40th st
11.8,589,Queens,TBB N QUEENS ANCHORAGE - BE N
21.74,380,Bronx,CBE E CASTLE HILL AVE - BE N WATERBURY AVE
62.75,263,Queens,CVE NB GCP - WILLETS PT BLVD
49.08,169,Bronx,CBE E CASTLE HILL AVE - BE N WATERBURY AVE
42.87,50,Brooklyn,VNB E-GOWANUS N BROOKLYN GANTRY UPPER LEVEL - 92ND STREET
0.0,0,Queens,BE S TBB EXIT RAMP - QUEENS ANCHORAGE
70.21,73,Staten Island,WSE S ARDEN AVENUE - BLOOMINGDALE ROAD
53.43,103,Staten Island,SIE E CLOVE ROAD - FINGERBOARD ROAD
11.8,356,Bronx,CBE W MORRIS AVE - GWB W AMSTERDAM AVE (U/LVL)
41.01,63,Manhattan,BKN Bridge Manhattan Side - FDR N Catherine Slip
61.51,52,Staten Island,WSE N VICTORY BLVD - SOUTH AVENUE
0.0,0,Staten Island,SIE W - MLK N WOOLEY AVENUE - WLAKER STREET
54.05,79,Bronx,CBE E AMSTERDAM AVE(U/LVL) - MORRIS AVE
21.12,304,Queens,Whitestone Expwy N Exit 14 (Linden Pl) - BWB N Queens Anchorage
52.81,88,Brooklyn,VNB E SI GANTRY LOWER LEVEL - BROOLKYN GANTRY LOWER LEVEL
8.07,513,Bronx,CBE E AMSTERDAM AVE(U/LVL) - MORRIS AVE
42.25,151,Queens,BWB S Queens Anchorage - WSE S Exit 14 (Linden Pl)
57.16,119,Queens,TNB S Toll Plaza - Queens Anchorage
0.62,8330,Bronx,CBE W L/LE V AMSTERDAM AVE - I 95 S LOC LNS
60.27,272,Queens,CVE NB GCP - WILLETS PT BLVD
50.33,120,Staten Island,WSE N-SIE E SOUTH AVENUE - SOUTH AVENUE
48.46,29,Staten Island,SIE W BRADLEY AVENUE - WOOLEY AVENUE
41.01,124,Bronx,MDE N RFK Bridge - 142nd St
55.92,117,Staten Island,SIE E BRADLEY AVENUE - CLOVE ROAD
39.14,54,Staten Island,VNB W-SIE W SI GANTRY LOWER LEVEL - FINGERBOARD ROAD
21.74,730,Queens,CIP NB GCP - TNB
55.92,89,Queens,LIE W 108TH ST - 84TH ST
41.63,133,Bronx,BRP N WATSON AVENUE - FORDHAM ROAD
35.41,326,Queens,CIP N TNB - Whitestone Expwy S Exit 14 (Linden Pl)
18.01,380,Manhattan,FDR S 63rd - 25th St
0.62,7342,Bronx,CBE W L/LE V AMSTERDAM AVE - I 95 S LOC LNS
53.43,100,Queens,VWE S MP8.65 (Exit 13 Northern Blvd) - MP6.39 (Exit 11 Jewel Ave)
26.09,189,Queens,LIE W 108TH ST - 84TH ST
52.81,88,Queens,BWB N Queens Anchorage - Toll Plaza
0.0,0,Manhattan,LINCOLN TUNNEL E CENTER TUBE NJ - NY
62.13,177,Queens,CIP N Hempstead Tpk - LIE
32.31,200,Manhattan,BBT W Toll Plaza - Manhattan Portal
19.88,247,Queens,LIE W 108TH ST - 84TH ST
59.03,133,Staten Island,WSE S VICTORY BOULEVARD - ARDEN AVENUE
44.11,169,Queens,TBB S MANHATTAN LIFT SPAN - QUEENS ANCHORAGE
49.08,43,Brooklyn,VNB E-GOWANUS N BROOKLYN GANTRY UPPER LEVEL - 92ND STREET
52.19,41,Staten Island,VNB W-SIE W SI GANTRY LOWER LEVEL - FINGERBOARD ROAD
28.58,356,Manhattan,FDR S 25th St - Catherine Slip
14.91,166,Bronx,HRP S Lafayette Ave - BWB S Toll Plaza
47.22,60,Staten Island,SIE W RICHMOND AVENUE - SOUTH AVENUE
52.19,138,Queens,MDE S TBB EXIT RAMP - QUEENS ANCHORAGE
17.39,308,Manhattan,QMT E Manhattan Side - Toll Plaza
0.0,0,Staten Island,SIE W - MLK N WOOLEY AVENUE - WLAKER STREET
0.0,0,Queens,Laurelton Pkwy S @ SSP - Belt Pkwy W 182nd St
48.46,154,Bronx,BE N Castle Hill Avenue - Griswold Ave
28.58,105,Queens,BE S TBB EXIT RAMP - MANHATTAN LIFT SPAN
0.0,0,Queens,BE S TBB EXIT RAMP - QUEENS ANCHORAGE
4.97,866,Bronx,MDE S HARLEM RIVER PARK - GWB W AMSTERDAM AVENUE UPPER LEVEL
52.81,130,Queens,TNB N Queens Anchorage - Toll Plaza
0.0,0,Staten Island,MLK N WALKER STREET - NJ ROUTE 169
41.01,112,Brooklyn,VNB E SI GANTRY UPPER LEVEL - BROOKLYN GANTRY UPPER LEVEL
45.98,100,Queens,BWB N Queens Anchorage - Toll Plaza
3.1,1600,Manhattan,West St S Spring St - BBT Manhattan Portal outbound
53.43,144,Staten Island,WSE S TYRELLAN AVENUE - 440 S FRANCIS STREET
15.53,162,Bronx,CBE W CASTLE HILL AVENUE - TAYLOR AVENUE
44.11,48,Brooklyn,GOW S VNB W 92ND STREET - BKLYN GANTRY UPPER LEVEL
52.81,84,Bronx,HRP N LAFAYETTE AVENUE - E TREMONT AVENUE
30.44,52,Staten Island,SIE E WOOLEY AVENUE - BRADLEY AVENUE
11.18,648,Queens,TBB N QUEENS ANCHORAGE - BE N
0.0,0,Staten Island,MLK S - SIE E WALKER STREET - WOOLEY AVENUE
41.01,63,Manhattan,BKN Bridge Manhattan Side - FDR N Catherine Slip
50.33,124,Staten Island,WSE S BLLOMINGDALE ROAD - TYRELLAN AVENUE
12.42,978,Queens,Belt Pkwy W JFK Expressway - VWE N Jamaica Ave
18.64,133,Bronx,HRP S Lafayette Ave - BWB S Toll Plaza
53.43,86,Brooklyn,VNB W BROOKLYN GANTRY LOWER LEVEL - SI GANTRY LOWER LEVEL
16.77,249,Bronx,CBE E AMSTERDAM AVE(U/LVL) - MORRIS AVE
42.87,153,Staten Island,SIE E BRADLEY AVENUE - CLOVE ROAD
39.76,58,Staten Island,SIE E VNB E FINGERBOARD ROAD - SI GANTRY LOWER LEVEL
50.95,84,Bronx,CBE E AMSTERDAM AVE(U/LVL) - MORRIS AVE
0.0,0,Queens,MDE S TBB EXIT RAMP - QUEENS ANCHORAGE
55.3,70,Staten Island,SIE E RICHMOND AVENUE - WOOLEY AVENUE
18.64,231,Bronx,MDE S HARLEM RIVER PARK - GWB W AMSTERDAM AVENUE UPPER LEVEL
60.89,52,Staten Island,WSE N VICTORY BLVD - SOUTH AVENUE
34.79,82,Staten Island,WSE S SOUTH AVENUE - VICTORY BOULEVARD
9.32,1289,Queens,Belt Pkwy W JFK Expressway - VWE N Jamaica Ave
0.0,0,Brooklyn,GOW N 9TH STREET - ATLANTIC AVENUE
42.25,51,Brooklyn,VNB E-GOWANUS N BROOKLYN GANTRY LOWER LEVEL - 92ND STREET
34.79,76,Manhattan,FDR S Catherine Slip - BKN Bridge Manhattan Side
11.8,268,Manhattan,12th Ave N 40th - 57th St
39.76,55,Queens,CIP N ramp to TNB - TNB Queens Anchorage
52.19,155,Bronx,I-87 NYST S Exit 1 - MDE S Van Cortlandt Park
51.57,31,Staten Island,SIE E WOOLEY AVENUE - BRADLEY AVENUE
0.0,0,Staten Island,SIE E-MLK N RICHMOND AVENUE - WALKER STREET
8.69,826,Queens,TBB N QUEENS ANCHORAGE - BE N
0.0,0,Staten Island,SIE W - MLK N WOOLEY AVENUE - WLAKER STREET
44.11,162,Queens,MDE S TBB EXIT RAMP - QUEENS ANCHORAGE
40.38,106,Bronx,CBE W MORRIS AVE - GWB W AMSTERDAM AVE (U/LVL)
65.86,79,Staten Island,WSE S ARDEN AVENUE - BLOOMINGDALE ROAD
0.0,0,Manhattan,LINCOLN TUNNEL W CENTER TUBE NY - NJ
52.81,41,Queens,CIP N ramp to TNB - TNB Queens Anchorage
57.78,86,Staten Island,WSE N BLOOMUINGDALE ROAD - ARDEN AVENUE
0.0,0,Staten Island,SIE E-MLK N RICHMOND AVENUE - WALKER STREET
35.41,120,Bronx,CBE E AMSTERDAM AVE(U/LVL) - MORRIS AVE
0.0,0,Bronx,BRP S FORDHAM ROAD - WATSON AVENUE
57.78,159,Queens,Laurelton Pkwy S @ SSP - Belt Pkwy W 182nd St
54.68,143,Staten Island,WSE S VICTORY BOULEVARD - ARDEN AVENUE
32.93,151,Queens,LIE E 84TH ST - 108TH ST
49.7,107,Queens,VWE N MP8.64 (Exit 13 Northern Blvd) - Whitestone Expwy Exit 14 (Linden Pl)
16.15,306,Manhattan,LINCOLN TUNNEL W NORTH TUBE NY - NJ
18.64,376,Brooklyn,BQE N LEONARD STREET - 46TH STREET
0.0,0,Staten Island,ROUTE 169 S - MLK WALKER STREET
29.82,218,Manhattan,BBT E Manhattan Portal - Toll Plaza
14.29,473,Manhattan,FDR N 25th - 63rd St
39.76,294,Queens,CIP N LIE ramp - TNB
38.52,143,Manhattan,LINCOLN TUNNEL E CENTER TUBE NJ - NY
14.91,672,Manhattan,FDR N Catherine Slip - 25th St
54.68,200,Queens,CVE NB LIE - WILLETS PT BLVD
17.39,383,Manhattan,FDR S 63rd - 25th St
57.16,56,Staten Island,WSE N VICTORY BLVD - SOUTH AVENUE
19.26,288,Manhattan,LINCOLN TUNNEL E CENTER TUBE NJ - NY
27.96,360,Manhattan,FDR S 25th St - Catherine Slip
32.31,253,Bronx,I-87 NYST S Exit 1 - MDE S Van Cortlandt Park
60.89,82,Queens,LIE W 108TH ST - 84TH ST
44.73,56,Bronx,BWB N Toll Plaza - HRP N Lafayatte Ave
29.2,169,Manhattan,LINCOLN TUNNEL W NORTH TUBE NY - NJ
47.22,45,Brooklyn,VNB E-GOWANUS N BROOKLYN GANTRY LOWER LEVEL - 92ND STREET
0.0,0,Brooklyn,GOW N 9TH STREET - ATLANTIC AVENUE
3.1,804,Bronx,CBE W CASTLE HILL AVENUE - TAYLOR AVENUE
49.08,119,Staten Island,SIE W FINGERBOARD ROAD - CLOVE ROAD
22.36,352,Queens,Laurelton Pkwy N @ SSP - CIP N Hempstead Tpk
33.55,265,Queens,VWE N MP4.63 (Exit 6 - Jamaica Ave) - MP6.39 (Exit 11 Jewel Ave)
0.62,3281,Manhattan,12th Ave N 40th - 57th St
59.03,111,Staten Island,SIE E BRADLEY AVENUE - CLOVE ROAD
39.14,165,Manhattan,BBT W Toll Plaza - Manhattan Portal
0.0,0,Queens,LIE WB LITTLE NECK PKWY - NB CIP
41.63,283,Queens,CIP N LIE ramp - TNB
14.91,299,Bronx,MDE S HARLEM RIVER PARK - GWB W AMSTERDAM AVENUE LOWER LEVEL
0.0,0,Staten Island,SIE E-MLK N RICHMOND AVENUE - WALKER STREET
55.3,137,Queens,CIP S Hempstead Tpk - Laurelton Pkwy @ SSP
45.98,100,Brooklyn,VNB E SI GANTRY UPPER LEVEL - BROOKLYN GANTRY UPPER LEVEL
40.38,488,Manhattan,Westside Hwy S GWB - 57th St
58.4,46,Queens,TNB S Qns Anchorage - CIP S @ TNB
12.42,557,Queens,VWE S MP4.63 (Exit 6 Jamaica Ave) - MP2.66 (Exit 2 Roackaway Blvd)
45.36,55,Bronx,BWB N Toll Plaza - HRP N Lafayatte Ave
40.38,53,Staten island,VNB W-SIE W SI GANTRY UPPER LEVEL - FINGERBOARD ROAD
0.0,0,Staten Island,SIE E-MLK N RICHMOND AVENUE - WALKER STREET
59.03,279,Queens,CVE NB GCP - WILLETS PT BLVD
55.92,95,Queens,VWE N MP6.39 (Exit 11 Jewel Ave) - MP8.65 (Exit 13 Northern Blvd)
43.49,57,Bronx,HRP S Lafayette Ave - BWB S Toll Plaza
43.49,158,Queens,TNB N Queens Anchorage - Toll Plaza
49.7,128,Queens,Whitestone Expwy N Exit 14 (Linden Pl) - BWB N Queens Anchorage
20.5,396,Bronx,CBE W L/LE V AMSTERDAM AVE - I 95 S LOC LNS
45.36,165,Bronx,BE N Castle Hill Avenue - Griswold Ave
55.92,45,Bronx,CBE E TAYLOR AVENUE - CASTLE HILL AVENUE
59.65,42,Bronx,CBE W CASTLE HILL AVENUE - TAYLOR AVENUE
36.66,221,Bronx,I-87 NYST S Exit 1 - MDE S Van Cortlandt Park
66.48,78,Staten Island,WSE S ARDEN AVENUE - BLOOMINGDALE ROAD
51.57,52,Staten Island,SIE E SOUTH AVENUE - RICHMOND AVENUE
0.0,0,Queens,BE S TBB EXIT RAMP - QUEENS ANCHORAGE
53.43,86,Bronx,BE N STRATFORD AVENUE - CASTLE HILL AVE
57.16,120,Queens,TNB N Queens Anchorage - Toll Plaza
4.34,487,Manhattan,12th Ave S 57th St - 45th St
45.36,352,Queens,CIP NB GCP - TNB
47.84,412,Manhattan,Westside Hwy S GWB - 57th St
12.42,508,Manhattan,BBT W Toll Plaza - Manhattan Portal
37.28,309,Queens,CIP N TNB - Whitestone Expwy S Exit 14 (Linden Pl)
62.13,95,Staten Island,SIE W FINGERBOARD ROAD - CLOVE ROAD
19.88,515,Manhattan,FDR N Catherine Slip - 25th St
44.11,48,Brooklyn,GOW S VNB W 92ND STREET - BKLYN GANTRY UPPER LEVEL
58.4,49,Staten Island,SIE W RICHMOND AVENUE - SOUTH AVENUE
0.0,0,Staten Island,440 N FRANCIS STREET - WSE N TYRELLAN AVE
0.0,0,Queens,BE S TBB EXIT RAMP - QUEENS ANCHORAGE
8.07,710,Manhattan,West St S Spring St - BBT Manhattan Portal outbound
51.57,107,Queens,Whitestone Expwy S Exit 14 (Linden Pl) - VWE S MP8.65 (Exit 13 Northern Blvd)
42.87,50,Brooklyn,GOW S VNB W 92ND STREET - BKLYN GANTRY UPPER LEVEL
38.52,166,Queens,BWB S Queens Anchorage - WSE S Exit 14 (Linden Pl)
41.63,51,Staten Island,VNB W-SIE W SI GANTRY LOWER LEVEL - FINGERBOARD ROAD
65.86,175,Queens,CIP N TNB - Whitestone Expwy S Exit 14 (Linden Pl)
11.8,116,Staten Island,SIE W BRADLEY AVENUE - WOOLEY AVENUE
45.98,163,Queens,TBB S MANHATTAN LIFT SPAN - QUEENS ANCHORAGE
41.63,110,Queens,BWB N Queens Anchorage - Toll Plaza
37.28,65,Manhattan,TBB W - FDR S MANHATTAN TRUSS - E116TH STREET
31.06,78,Manhattan,TBB W - FDR S MANHATTAN TRUSS - E116TH STREET
20.5,261,Manhattan,QMT E Manhattan Side - Toll Plaza
34.79,134,Queens,BWB N Queens Anchorage - Toll Plaza
35.41,219,Queens,Laurelton Pkwy N @ SSP - CIP N Hempstead Tpk
0.0,0,Queens,BE S TBB EXIT RAMP - QUEENS ANCHORAGE
11.8,444,Manhattan,11th ave n ganservoort - 12th ave @ 40th st
8.69,376,Manhattan,11th ave s ganservoort - west st @ spring st
0.0,0,Staten Island,SIE E-MLK N RICHMOND AVENUE - WALKER STREET
49.08,80,Staten Island,SIE E RICHMOND AVENUE - WOOLEY AVENUE
54.68,200,Queens,CIP N Hempstead Tpk - LIE
62.13,83,Staten Island,WSE S ARDEN AVENUE - BLOOMINGDALE ROAD
42.87,108,Bronx,BE N STRATFORD AVENUE - CASTLE HILL AVE
42.25,51,Brooklyn,VNB E-GOWANUS N BROOKLYN GANTRY UPPER LEVEL - 92ND STREET
36.66,175,Queens,BWB S Queens Anchorage - WSE S Exit 14 (Linden Pl)
27.96,364,Manhattan,FDR N Catherine Slip - 25th St
47.22,45,Staten island,VNB W-SIE W SI GANTRY UPPER LEVEL - FINGERBOARD ROAD
48.46,45,Queens,CIP N ramp to TNB - TNB Queens Anchorage
14.29,312,Bronx,MDE S HARLEM RIVER PARK - GWB W AMSTERDAM AVENUE LOWER LEVEL
42.87,174,Queens,TBB S MANHATTAN LIFT SPAN - QUEENS ANCHORAGE
52.19,48,Bronx,CBE E TAYLOR AVENUE - CASTLE HILL AVENUE
34.79,123,Bronx,CBE W MORRIS AVE - GWB W AMSTERDAM AVE (L/LVL)
6.83,618,Bronx,MDE S HARLEM RIVER PARK - GWB W AMSTERDAM AVENUE LOWER LEVEL
17.39,590,Manhattan,FDR S 25th St - Catherine Slip
47.22,30,Staten Island,SIE W BRADLEY AVENUE - WOOLEY AVENUE
24.23,182,Bronx,MDE S HARLEM RIVER PARK - GWB W AMSTERDAM AVENUE LOWER LEVEL
0.0,0,Brooklyn,GOW N 9TH STREET - ATLANTIC AVENUE
13.67,235,Manhattan,12th Ave N 40th - 57th St
38.52,55,Staten island,VNB W-SIE W SI GANTRY UPPER LEVEL - FINGERBOARD ROAD
0.0,0,Manhattan,BQE N Atlantic Ave - MAN Bridge Manhattan Side
43.49,172,Queens,TBB S MANHATTAN LIFT SPAN - QUEENS ANCHORAGE
59.65,132,Staten Island,WSE N ARDEN AVENUE - VICTORY BLVD
43.49,53,Staten Island,SIE E VNB E FINGERBOARD ROAD - SI GANTRY UPPER LEVEL
47.22,98,Bronx,BWB S Toll Plaza - Queens Anchorage
58.4,134,Staten Island,WSE N ARDEN AVENUE - VICTORY BLVD
41.63,51,Brooklyn,VNB E-GOWANUS N BROOKLYN GANTRY UPPER LEVEL - 92ND STREET
29.82,89,Staten Island,SIE E SOUTH AVENUE - RICHMOND AVENUE
47.22,175,Bronx,CBE E CASTLE HILL AVE - BE N WATERBURY AVE
16.77,335,Manhattan,West St S Spring St - BBT Manhattan Portal outbound
19.88,514,Manhattan,FDR S 25th St - Catherine Slip
48.46,55,Queens,TNB S Qns Anchorage - CIP S @ TNB
54.68,107,Staten Island,SIE W FINGERBOARD ROAD - CLOVE ROAD
0.0,0,Queens,TBB N QUEENS ANCHORAGE - MANHATTAN LIFT SPAN
50.95,160,Bronx,I-87 NYST S Exit 1 - MDE S Van Cortlandt Park
11.8,463,Queens,Whitestone Expwy S Exit 14 (Linden Pl) - VWE S MP8.65 (Exit 13 Northern Blvd)
0.0,0,Brooklyn,BQE S - GOW S ALTANTIC AVENUE - 9TH STREET
0.0,0,Brooklyn,GOW S 9TH STREET - 7TH AVENUE
46.6,100,Bronx,BE N STRATFORD AVENUE - CASTLE HILL AVE
22.36,456,Manhattan,FDR N Catherine Slip - 25th St
54.68,114,Staten Island,WSE S BLLOMINGDALE ROAD - TYRELLAN AVENUE
49.08,28,Staten Island,SIE W BRADLEY AVENUE - WOOLEY AVENUE
34.17,201,Queens,TNB S Toll Plaza - Queens Anchorage
20.5,211,Bronx,MDE S HARLEM RIVER PARK - GWB W AMSTERDAM AVENUE UPPER LEVEL
0.0,0,Bronx,MDE N RFK Bridge - 142nd St
0.0,0,Staten Island,SIE E-MLK N RICHMOND AVENUE - WALKER STREET
38.52,232,Queens,VWE S MP6.39 (Exit 11 Jewel Ave) - MP4.63 (Exit 6 Jamaica Ave)
14.29,368,Queens,VWE N MP8.64 (Exit 13 Northern Blvd) - Whitestone Expwy Exit 14 (Linden Pl)
45.98,149,Manhattan,FDR N 25th - 63rd St
9.94,617,Manhattan,12th ave @ 45th - 11 ave ganservoort st
14.29,306,Bronx,MDE S HARLEM RIVER PARK - GWB W AMSTERDAM AVENUE UPPER LEVEL
55.3,48,Staten Island,SIE E SOUTH AVENUE - RICHMOND AVENUE
57.16,106,Staten Island,WSE N-SIE E SOUTH AVENUE - SOUTH AVENUE
30.44,182,Manhattan,LINCOLN TUNNEL E SOUTH TUBE - NJ - NY
43.49,454,Manhattan,Westside Hwy N 57th St - GWB
50.95,147,Staten Island,WSE N TYRELLAN AVENUE - BLOOMINGDALE ROAD
22.99,234,Manhattan,11th ave n ganservoort - 12th ave @ 40th st
18.01,277,Manhattan,LINCOLN TUNNEL W NORTH TUBE NY - NJ
19.88,266,Manhattan,11th ave n ganservoort - 12th ave @ 40th st
55.92,133,Bronx,BE S Griswold - Castle Hill Avenue
0.0,0,Staten Island,SIE E-MLK N RICHMOND AVENUE - WALKER STREET
28.58,172,Queens,LIE W 108TH ST - 84TH ST
25.47,167,Bronx,CBE AMSTERDAM AVE (L/LVL) - MORRIS AVE
0.0,0,Staten Island,SIE E-MLK N RICHMOND AVENUE - WALKER STREET
14.91,352,Queens,VWE N MP6.39 (Exit 11 Jewel Ave) - MP8.65 (Exit 13 Northern Blvd)
47.22,45,Brooklyn,GOW S VNB W 92ND STREET - BKLYN GANTRY UPPER LEVEL
57.16,105,Staten Island,WSE N-SIE E SOUTH AVENUE - SOUTH AVENUE
49.7,219,Queens,CIP S LIE - Hempstead Tpk
46.6,34,Staten Island,SIE E WOOLEY AVENUE - BRADLEY AVENUE
6.83,1293,Queens,VWE S MP6.39 (Exit 11 Jewel Ave) - MP4.63 (Exit 6 Jamaica Ave)
27.96,178,Queens,LIE W 108TH ST - 84TH ST
53.43,83,Bronx,BE S CASTLE HILL AVENUE - STRATFORD AVENUE
23.61,207,Queens,LIE W 108TH ST - 84TH ST
51.57,86,Bronx,BE S CASTLE HILL AVENUE - STRATFORD AVENUE
17.39,504,Queens,VWE S MP6.39 (Exit 11 Jewel Ave) - MP4.63 (Exit 6 Jamaica Ave)
47.22,60,Staten Island,SIE W RICHMOND AVENUE - SOUTH AVENUE
31.06,97,Queens,BE S TBB EXIT RAMP - MANHATTAN LIFT SPAN
0.0,0,Manhattan,BQE N Atlantic Ave - MAN Bridge Manhattan Side
50.33,99,Queens,LIE W 108TH ST - 84TH ST
47.22,98,Bronx,BWB S Toll Plaza - Queens Anchorage
29.82,337,Manhattan,FDR N Catherine Slip - 25th St
13.04,539,Brooklyn,BQE S 46TH STREET - LEONARD STREET
41.63,472,Manhattan,Westside Hwy N 57th St - GWB
55.92,98,Staten Island,SIE E CLOVE ROAD - FINGERBOARD ROAD
59.03,84,Staten Island,WSE N BLOOMUINGDALE ROAD - ARDEN AVENUE
24.23,135,Manhattan,11th ave s ganservoort - west st @ spring st
46.6,234,Queens,CIP S LIE - Hempstead Tpk
52.81,174,Queens,Laurelton Pkwy S @ SSP - Belt Pkwy W 182nd St
46.6,51,Manhattan,TBB W - FDR S MANHATTAN TRUSS - E116TH STREET
0.0,0,Brooklyn,GOW N 9TH STREET - ATLANTIC AVENUE
52.81,40,Staten Island,VNB W-SIE W SI GANTRY LOWER LEVEL - FINGERBOARD ROAD
59.03,85,Staten Island,WSE N BLOOMUINGDALE ROAD - ARDEN AVENUE
51.57,212,Queens,CIP S LIE - Hempstead Tpk
0.0,0,Queens,BE S TBB EXIT RAMP - QUEENS ANCHORAGE
52.81,74,Staten Island,SIE E RICHMOND AVENUE - WOOLEY AVENUE
13.67,311,Bronx,CBE W MORRIS AVE - GWB W AMSTERDAM AVE (U/LVL)
52.81,44,Staten Island,SIE E VNB E FINGERBOARD ROAD - SI GANTRY LOWER LEVEL
14.91,362,Manhattan,LINCOLN TUNNEL E SOUTH TUBE - NJ - NY
52.81,118,Staten Island,WSE S BLLOMINGDALE ROAD - TYRELLAN AVENUE
13.04,161,Staten Island,VNB W-SIE W SI GANTRY LOWER LEVEL - FINGERBOARD ROAD
44.11,57,Bronx,CBE W CASTLE HILL AVENUE - TAYLOR AVENUE
14.29,377,Queens,QMT W Toll Plaza - Manhattan Side
23.61,313,Bronx,BE S Griswold - Castle Hill Avenue
14.91,361,Manhattan,LINCOLN TUNNEL W CENTER TUBE NY - NJ
47.22,145,Manhattan,FDR S 63rd - 25th St
28.58,83,Manhattan,FDR N - TBB E 116TH STREET - MANHATTAN TRUSS
19.88,130,Manhattan,BKN Bridge Manhattan Side - FDR N Catherine Slip
32.93,207,Queens,TNB S Toll Plaza - Queens Anchorage
49.7,158,Staten Island,WSE S VICTORY BOULEVARD - ARDEN AVENUE
50.95,151,Staten Island,WSE S TYRELLAN AVENUE - 440 S FRANCIS STREET
63.37,50,Staten Island,WSE N VICTORY BLVD - SOUTH AVENUE
16.15,981,Queens,CIP NB GCP - TNB
9.94,239,Manhattan,TBB W - FDR S MANHATTAN TRUSS - E116TH STREET
0.0,0,Queens,BE S TBB EXIT RAMP - QUEENS ANCHORAGE
52.81,206,Queens,CVE NB LIE - WILLETS PT BLVD
47.84,44,Brooklyn,VNB E-GOWANUS N BROOKLYN GANTRY UPPER LEVEL - 92ND STREET
47.84,44,Brooklyn,VNB E-GOWANUS N BROOKLYN GANTRY UPPER LEVEL - 92ND STREET
15.53,529,Bronx,CBE W L/LE V AMSTERDAM AVE - I 95 S LOC LNS
44.73,96,Bronx,CBE AMSTERDAM AVE (L/LVL) - MORRIS AVE
49.08,51,Bronx,BWB N Toll Plaza - HRP N Lafayatte Ave
0.0,0,Staten Island,MLK N WALKER STREET - NJ ROUTE 169
50.95,83,Brooklyn,GOW N 92ND STREET - 7TH AVENUE
26.09,150,Queens,LIE WB LITTLE NECK PKWY - NB CIP
0.0,0,Staten Island,SIE E-MLK N RICHMOND AVENUE - WALKER STREET
23.61,351,Bronx,CBE W U/LEV AMSTERDAM AVE - I95 S EXP LNS
39.76,53,Brooklyn,VNB E-GOWANUS N BROOKLYN GANTRY UPPER LEVEL - 92ND STREET
49.7,107,Queens,VWE N MP6.39 (Exit 11 Jewel Ave) - MP8.65 (Exit 13 Northern Blvd)
44.11,116,Bronx,MDE N RFK Bridge - 142nd St
54.05,49,Queens,TNB S Qns Anchorage - CIP S @ TNB
15.53,431,Queens,VWE S MP4.63 (Exit 6 Jamaica Ave) - MP2.66 (Exit 2 Roackaway Blvd)
8.69,918,Bronx,CBE W L/LE V AMSTERDAM AVE - I 95 S LOC LNS
32.93,152,Queens,LIE E 84TH ST - 108TH ST
42.87,55,Manhattan,FDR N - TBB E 116TH STREET - MANHATTAN TRUSS
49.08,146,Brooklyn,BQE S 46TH STREET - LEONARD STREET
9.94,741,Manhattan,GWB E LOWER LEVEL PLAZA - CBE E LOWER LEVEL AMSTERDAM AVE
29.2,129,Queens,Belt Pkwy W 182nd St - JFK Expressway
49.7,399,Manhattan,Westside Hwy N 57th St - GWB
34.17,262,Queens,VWE S MP6.39 (Exit 11 Jewel Ave) - MP4.63 (Exit 6 Jamaica Ave)
30.44,141,Bronx,CBE W MORRIS AVE - GWB W AMSTERDAM AVE (L/LVL)
11.18,800,Queens,Laurelton Pkwy S @ SSP - Belt Pkwy W 182nd St
50.95,56,Staten Island,SIE W RICHMOND AVENUE - SOUTH AVENUE
52.81,374,Manhattan,Westside Hwy S GWB - 57th St
59.65,136,Bronx,I-87 NYST S Exit 1 - MDE S Van Cortlandt Park
45.36,243,Queens,CIP S LIE - Hempstead Tpk
50.95,76,Staten Island,SIE E RICHMOND AVENUE - WOOLEY AVENUE
42.87,117,Manhattan,LINCOLN TUNNEL W NORTH TUBE NY - NJ
26.09,288,Queens,CIP S Hempstead Tpk - Laurelton Pkwy @ SSP
42.25,154,Manhattan,BBT E Manhattan Portal - Toll Plaza
49.08,87,Brooklyn,GOW S 7TH AVENUE - 92ND STREET
53.43,103,Staten Island,SIE E CLOVE ROAD - FINGERBOARD ROAD
50.33,50,Bronx,BWB N Toll Plaza - HRP N Lafayatte Ave
50.95,136,Queens,TBB N QUEENS ANCHORAGE - BE N
0.0,0,Manhattan,BQE N Atlantic Ave - MAN Bridge Manhattan Side
47.22,49,Staten Island,SIE E VNB E FINGERBOARD ROAD - SI GANTRY LOWER LEVEL
33.55,148,Manhattan,LINCOLN TUNNEL W NORTH TUBE NY - NJ
50.33,156,Staten Island,WSE N ARDEN AVENUE - VICTORY BLVD
59.03,155,Queens,Belt Pkwy E 182nd St - Laurelton Pkwy N @ SSP
24.23,290,Brooklyn,BQE N LEONARD STREET - 46TH STREET
52.81,81,Brooklyn,GOW N 92ND STREET - 7TH AVENUE
37.9,122,Queens,BWB N Queens Anchorage - Toll Plaza
46.6,160,Queens,TBB S MANHATTAN LIFT SPAN - QUEENS ANCHORAGE
41.63,473,Manhattan,Westside Hwy S GWB - 57th St
47.22,98,Brooklyn,VNB E SI GANTRY UPPER LEVEL - BROOKLYN GANTRY UPPER LEVEL
56.54,146,Bronx,CBE E CASTLE HILL AVE - BE N WATERBURY AVE
49.7,137,Queens,TNB N Queens Anchorage - Toll Plaza
9.32,754,Queens,TBB N QUEENS ANCHORAGE - BE N
56.54,162,Queens,Laurelton Pkwy S @ SSP - Belt Pkwy W 182nd St
35.41,156,Manhattan,LINCOLN TUNNEL W CENTER TUBE NY - NJ
31.06,221,Manhattan,FDR N 25th - 63rd St
58.4,188,Queens,CIP N Hempstead Tpk - LIE
38.52,120,Queens,BWB N Queens Anchorage - Toll Plaza
37.28,248,Queens,Belt Pkwy E 182nd St - Laurelton Pkwy N @ SSP
48.46,33,Staten Island,SIE E WOOLEY AVENUE - BRADLEY AVENUE
57.16,81,Bronx,BE N STRATFORD AVENUE - CASTLE HILL AVE
46.6,422,Manhattan,Westside Hwy S GWB - 57th St
13.04,471,Manhattan,12th ave @ 45th - 11 ave ganservoort st
9.32,725,Brooklyn,BQE S 46TH STREET - LEONARD STREET
52.19,82,Bronx,CBE E AMSTERDAM AVE(U/LVL) - MORRIS AVE
54.68,97,Queens,VWE N MP8.64 (Exit 13 Northern Blvd) - Whitestone Expwy Exit 14 (Linden Pl)
52.81,104,Queens,Whitestone Expwy S Exit 14 (Linden Pl) - VWE S MP8.65 (Exit 13 Northern Blvd)
24.23,290,Brooklyn,BQE N LEONARD STREET - 46TH STREET
0.0,0,Manhattan,GWB E LOWER LEVEL PLAZA - CBE E LOWER LEVEL AMSTERDAM AVE
29.2,231,Manhattan,FDR S 63rd - 25th St
52.81,88,Brooklyn,VNB W BROOKLYN GANTRY LOWER LEVEL - SI GANTRY LOWER LEVEL
41.63,194,Queens,TBB N QUEENS ANCHORAGE - MANHATTAN LIFT SPAN
51.57,104,Queens,VWE S MP8.65 (Exit 13 Northern Blvd) - MP6.39 (Exit 11 Jewel Ave)
35.41,194,Manhattan,FDR S 63rd - 25th St
49.7,108,Queens,VWE N MP6.39 (Exit 11 Jewel Ave) - MP8.65 (Exit 13 Northern Blvd)
0.0,0,Brooklyn,BQE S - GOW S ALTANTIC AVENUE - 9TH STREET
53.43,117,Staten Island,WSE S BLLOMINGDALE ROAD - TYRELLAN AVENUE
57.78,80,Bronx,BE N STRATFORD AVENUE - CASTLE HILL AVE
50.95,42,Brooklyn,VNB E-GOWANUS N BROOKLYN GANTRY LOWER LEVEL - 92ND STREET
50.95,91,Bronx,BE N STRATFORD AVENUE - CASTLE HILL AVE
60.89,270,Queens,CVE NB GCP - WILLETS PT BLVD
42.25,219,Queens,Belt Pkwy E 182nd St - Laurelton Pkwy N @ SSP
0.0,0,Queens,VWE S MP4.63 (Exit 6 Jamaica Ave) - MP2.66 (Exit 2 Roackaway Blvd)
45.98,54,Bronx,HRP S Lafayette Ave - BWB S Toll Plaza
0.0,0,Brooklyn,GOW N 7TH AVENUE - 9TH STREET
30.44,85,Manhattan,BKN Bridge Manhattan Side - FDR N Catherine Slip
51.57,212,Queens,CIP S LIE - Hempstead Tpk
9.94,631,Manhattan,BBT W Toll Plaza - Manhattan Portal
44.73,168,Queens,CIP S Hempstead Tpk - Laurelton Pkwy @ SSP
31.06,76,Manhattan,FDR N - TBB E 116TH STREET - MANHATTAN TRUSS
36.66,534,Manhattan,Westside Hwy S GWB - 57th St
36.03,127,Brooklyn,VNB E SI GANTRY UPPER LEVEL - BROOKLYN GANTRY UPPER LEVEL
47.84,44,Brooklyn,GOW S VNB W 92ND STREET - BKLYN GANTRY LOWER LEVEL
11.8,608,Queens,TBB N QUEENS ANCHORAGE - BE N
57.78,102,Staten Island,SIE W FINGERBOARD ROAD - CLOVE ROAD
49.08,235,Queens,CIP N TNB - Whitestone Expwy S Exit 14 (Linden Pl)
42.25,50,Staten Island,VNB W-SIE W SI GANTRY LOWER LEVEL - FINGERBOARD ROAD
49.7,93,Brooklyn,VNB E SI GANTRY LOWER LEVEL - BROOLKYN GANTRY LOWER LEVEL
57.16,142,Bronx,I-87 NYST S Exit 1 - MDE S Van Cortlandt Park
31.06,76,Manhattan,FDR N - TBB E 116TH STREET - MANHATTAN TRUSS
37.28,192,Queens,MDE S TBB EXIT RAMP - QUEENS ANCHORAGE
0.0,0,Bronx,CBE W L/LE V AMSTERDAM AVE - I 95 S LOC LNS
55.92,25,Staten Island,SIE W BRADLEY AVENUE - WOOLEY AVENUE
0.0,0,Queens,TNB S Qns Anchorage - CIP S @ TNB
36.03,84,Queens,BE S TBB EXIT RAMP - MANHATTAN LIFT SPAN
16.77,384,Manhattan,BBT E Manhattan Portal - Toll Plaza
32.93,119,Queens,LIE WB LITTLE NECK PKWY - NB CIP
13.04,158,Brooklyn,GOW S VNB W 92ND STREET - BKLYN GANTRY LOWER LEVEL
0.0,0,Manhattan,BQE N Atlantic Ave - MAN Bridge Manhattan Side
19.26,821,Queens,CIP NB GCP - TNB
21.74,201,Bronx,MDE S HARLEM RIVER PARK - GWB W AMSTERDAM AVENUE LOWER LEVEL
45.98,93,Bronx,CBE AMSTERDAM AVE (L/LVL) - MORRIS AVE
32.31,166,Manhattan,QMT E Manhattan Side - Toll Plaza
56.54,95,Queens,VWE S MP8.65 (Exit 13 Northern Blvd) - MP6.39 (Exit 11 Jewel Ave)
17.39,416,Queens,TBB N QUEENS ANCHORAGE - BE N
27.34,200,Manhattan,LINCOLN TUNNEL E CENTER TUBE NJ - NY
0.0,0,Staten Island,SIE E-MLK N RICHMOND AVENUE - WALKER STREET
27.96,190,Queens,QMT W Toll Plaza - Manhattan Side
0.0,0,Brooklyn,BQE S - GOW S ALTANTIC AVENUE - 9TH STREET
9.94,612,Manhattan,12th ave @ 45th - 11 ave ganservoort st
51.57,76,Queens,LIE WB LITTLE NECK PKWY - NB CIP
8.07,264,Manhattan,12th Ave S 57th St - 45th St
0.0,0,Manhattan,LINCOLN TUNNEL E CENTER TUBE NJ - NY
0.0,0,Queens,VWE S MP8.65 (Exit 13 Northern Blvd) - MP6.39 (Exit 11 Jewel Ave)
37.9,130,Queens,LIE W 108TH ST - 84TH ST
0.0,0,Brooklyn,GOW N 9TH STREET - ATLANTIC AVENUE
55.92,164,Queens,Belt Pkwy E 182nd St - Laurelton Pkwy N @ SSP
0.0,0,Staten Island,MLK S - SIE E WALKER STREET - WOOLEY AVENUE
0.0,0,Brooklyn,GOW S 9TH STREET - 7TH AVENUE
49.7,107,Queens,VWE S MP8.65 (Exit 13 Northern Blvd) - MP6.39 (Exit 11 Jewel Ave)
64.0,171,Queens,CIP N Hempstead Tpk - LIE
16.77,166,Staten Island,WSE S SOUTH AVENUE - VICTORY BOULEVARD
62.13,51,Staten Island,WSE N VICTORY BLVD - SOUTH AVENUE
36.66,135,Manhattan,LINCOLN TUNNEL W NORTH TUBE NY - NJ
54.68,121,Staten Island,SIE E BRADLEY AVENUE - CLOVE ROAD
29.2,347,Manhattan,FDR S 25th St - Catherine Slip
34.17,200,Queens,TNB S Toll Plaza - Queens Anchorage
36.66,297,Queens,VWE S MP2.66 (Exit 2 Rockaway Blvd) - Belt Pkwy E 182nd St
9.32,773,Manhattan,GWB E LOWER LEVEL PLAZA - CBE E LOWER LEVEL AMSTERDAM AVE
55.92,294,Queens,CVE NB GCP - WILLETS PT BLVD
18.01,387,Brooklyn,BQE S 46TH STREET - LEONARD STREET
40.38,124,Manhattan,LINCOLN TUNNEL W NORTH TUBE NY - NJ
27.96,572,Queens,CIP NB GCP - TNB
12.42,437,Manhattan,LINCOLN TUNNEL W CENTER TUBE NY - NJ
49.08,43,Staten Island,VNB W-SIE W SI GANTRY LOWER LEVEL - FINGERBOARD ROAD
0.0,0,Queens,QMT W Toll Plaza - Manhattan Side
36.03,179,Manhattan,BBT W Toll Plaza - Manhattan Portal
13.04,473,Manhattan,12th ave @ 45th - 11 ave ganservoort st
27.34,136,Queens,Belt Pkwy W 182nd St - JFK Expressway
46.6,148,Queens,VWE S MP4.63 (Exit 6 Jamaica Ave) - MP2.66 (Exit 2 Roackaway Blvd)
50.33,31,Staten Island,SIE E WOOLEY AVENUE - BRADLEY AVENUE
46.6,54,Bronx,CBE W CASTLE HILL AVENUE - TAYLOR AVENUE
54.05,98,Queens,VWE S MP8.65 (Exit 13 Northern Blvd) - MP6.39 (Exit 11 Jewel Ave)
9.94,1191,Queens,Belt Pkwy W JFK Expressway - VWE N Jamaica Ave
50.95,42,Staten Island,VNB W-SIE W SI GANTRY LOWER LEVEL - FINGERBOARD ROAD
0.0,0,Manhattan,GWB E LOWER LEVEL PLAZA - CBE E LOWER LEVEL AMSTERDAM AVE
18.01,131,Manhattan,FDR N - TBB E 116TH STREET - MANHATTAN TRUSS
47.84,97,Brooklyn,VNB E SI GANTRY LOWER LEVEL - BROOLKYN GANTRY LOWER LEVEL
14.29,175,Bronx,CBE W CASTLE HILL AVENUE - TAYLOR AVENUE
55.92,109,Staten Island,WSE N-SIE E SOUTH AVENUE - SOUTH AVENUE
1.86,1110,Manhattan,12th Ave S 57th St - 45th St
55.92,141,Staten Island,WSE S VICTORY BOULEVARD - ARDEN AVENUE
48.46,340,Queens,CVE NB GCP - WILLETS PT BLVD
24.23,420,Manhattan,FDR S 25th St - Catherine Slip
54.05,153,Bronx,CBE E CASTLE HILL AVE - BE N WATERBURY AVE
37.28,147,Manhattan,LINCOLN TUNNEL E SOUTH TUBE - NJ - NY
53.43,86,Bronx,BE N STRATFORD AVENUE - CASTLE HILL AVE
39.14,502,Manhattan,Westside Hwy N 57th St - GWB
44.11,48,Staten island,VNB W-SIE W SI GANTRY UPPER LEVEL - FINGERBOARD ROAD
27.96,242,Manhattan,FDR N 25th - 63rd St
0.0,0,Manhattan,BQE N Atlantic Ave - MAN Bridge Manhattan Side
50.33,99,Staten Island,WSE N BLOOMUINGDALE ROAD - ARDEN AVENUE
4.97,1997,Manhattan,FDR N Catherine Slip - 25th St
44.11,48,Staten island,VNB W-SIE W SI GANTRY UPPER LEVEL - FINGERBOARD ROAD
29.82,344,Manhattan,FDR S 25th St - Catherine Slip
54.05,132,Brooklyn,BQE S 46TH STREET - LEONARD STREET
57.16,49,Staten Island,SIE W RICHMOND AVENUE - SOUTH AVENUE
49.7,93,Brooklyn,VNB E SI GANTRY UPPER LEVEL - BROOKLYN GANTRY UPPER LEVEL
55.3,84,Bronx,BE N STRATFORD AVENUE - CASTLE HILL AVE
49.7,57,Staten Island,WSE S SOUTH AVENUE - VICTORY BOULEVARD
0.0,0,Bronx,BRP S FORDHAM ROAD - WATSON AVENUE
51.57,122,Staten Island,WSE S BLLOMINGDALE ROAD - TYRELLAN AVENUE
1.24,5186,Bronx,CBE W L/LE V AMSTERDAM AVE - I 95 S LOC LNS
19.26,287,Bronx,BRP N WATSON AVENUE - FORDHAM ROAD
23.61,193,Bronx,BWB S Toll Plaza - Queens Anchorage
0.0,0,Manhattan,BQE N Atlantic Ave - MAN Bridge Manhattan Side
7.45,1131,Queens,VWE S MP6.39 (Exit 11 Jewel Ave) - MP4.63 (Exit 6 Jamaica Ave)
48.46,157,Queens,CIP S Hempstead Tpk - Laurelton Pkwy @ SSP
64.62,80,Staten Island,WSE S ARDEN AVENUE - BLOOMINGDALE ROAD
18.64,282,Manhattan,11th ave n ganservoort - 12th ave @ 40th st
28.58,84,Manhattan,TBB W - FDR S MANHATTAN TRUSS - E116TH STREET
15.53,335,Queens,QMT W Toll Plaza - Manhattan Side
52.19,105,Staten Island,SIE E CLOVE ROAD - FINGERBOARD ROAD
52.81,118,Staten Island,WSE S BLLOMINGDALE ROAD - TYRELLAN AVENUE
45.36,102,Brooklyn,VNB E SI GANTRY LOWER LEVEL - BROOLKYN GANTRY LOWER LEVEL
57.16,44,Bronx,CBE E TAYLOR AVENUE - CASTLE HILL AVENUE
59.03,75,Bronx,BE S CASTLE HILL AVENUE - STRATFORD AVENUE
50.95,108,Queens,Whitestone Expwy S Exit 14 (Linden Pl) - VWE S MP8.65 (Exit 13 Northern Blvd)
33.55,230,Queens,Laurelton Pkwy N @ SSP - CIP N Hempstead Tpk
21.74,152,Manhattan,11th ave s ganservoort - west st @ spring st
41.01,135,Bronx,BRP N WATSON AVENUE - FORDHAM ROAD
18.01,149,Queens,TNB S Qns Anchorage - CIP S @ TNB
39.14,502,Manhattan,Westside Hwy S GWB - 57th St
52.81,104,Queens,Whitestone Expwy S Exit 14 (Linden Pl) - VWE S MP8.65 (Exit 13 Northern Blvd)
38.52,79,Queens,BE S TBB EXIT RAMP - MANHATTAN LIFT SPAN
45.36,241,Queens,CIP S LIE - Hempstead Tpk
16.15,448,Queens,MDE S TBB EXIT RAMP - QUEENS ANCHORAGE
0.0,0,Staten Island,SIE W - MLK N WOOLEY AVENUE - WLAKER STREET
0.0,0,Bronx,BRP S FORDHAM ROAD - WATSON AVENUE
46.6,236,Queens,CIP N Hempstead Tpk - LIE
36.66,187,Manhattan,FDR N 25th - 63rd St
0.0,0,Staten Island,SIE E-MLK N RICHMOND AVENUE - WALKER STREET
21.12,67,Staten Island,SIE W BRADLEY AVENUE - WOOLEY AVENUE
39.14,164,Queens,BWB S Queens Anchorage - WSE S Exit 14 (Linden Pl)
48.46,44,Staten island,VNB W-SIE W SI GANTRY UPPER LEVEL - FINGERBOARD ROAD
52.19,127,Staten Island,SIE E BRADLEY AVENUE - CLOVE ROAD
55.3,84,Brooklyn,VNB E SI GANTRY UPPER LEVEL - BROOKLYN GANTRY UPPER LEVEL
24.85,300,Bronx,BE S Griswold - Castle Hill Avenue
33.55,78,Manhattan,FDR S Catherine Slip - BKN Bridge Manhattan Side
0.0,0,Brooklyn,VNB E-GOWANUS N BROOKLYN GANTRY UPPER LEVEL - 92ND STREET
36.66,227,Bronx,CBE W U/LEV AMSTERDAM AVE - I95 S EXP LNS
37.28,291,Queens,CVE NB LIE - WILLETS PT BLVD
55.3,137,Queens,CIP S Hempstead Tpk - Laurelton Pkwy @ SSP
61.51,81,Staten Island,WSE N BLOOMUINGDALE ROAD - ARDEN AVENUE
58.4,92,Queens,VWE N MP6.39 (Exit 11 Jewel Ave) - MP8.65 (Exit 13 Northern Blvd)
26.71,241,Manhattan,BBT E Manhattan Portal - Toll Plaza
21.12,338,Brooklyn,BQE S 46TH STREET - LEONARD STREET
3.72,1459,Manhattan,LINCOLN TUNNEL W CENTER TUBE NY - NJ
54.05,118,Queens,BWB S Queens Anchorage - WSE S Exit 14 (Linden Pl)
49.08,86,Brooklyn,GOW N 92ND STREET - 7TH AVENUE
13.04,327,Bronx,CBE W MORRIS AVE - GWB W AMSTERDAM AVE (U/LVL)
64.62,108,Staten Island,SIE W - WSE S SOUTH AVENUE - SOUTH AVENUE
3.1,1551,Manhattan,LINCOLN TUNNEL W CENTER TUBE NY - NJ
0.0,0,Bronx,BRP S FORDHAM ROAD - WATSON AVENUE
0.0,0,Staten Island,ROUTE 169 S - MLK WALKER STREET
53.43,140,Bronx,BE N Castle Hill Avenue - Griswold Ave
54.05,85,Queens,BWB N Queens Anchorage - Toll Plaza
47.22,46,Queens,CIP N ramp to TNB - TNB Queens Anchorage
55.92,80,Bronx,HRP N LAFAYETTE AVENUE - E TREMONT AVENUE
0.0,0,Brooklyn,BQE S - GOW S ALTANTIC AVENUE - 9TH STREET
65.24,79,Staten Island,WSE S ARDEN AVENUE - BLOOMINGDALE ROAD
11.18,491,Manhattan,West St S Spring St - BBT Manhattan Portal outbound
45.36,223,Manhattan,FDR N Catherine Slip - 25th St
32.31,232,Bronx,BE S Griswold - Castle Hill Avenue
57.78,189,Queens,CIP S LIE - Hempstead Tpk
0.0,0,Queens,CIP S LIE - Hempstead Tpk
42.87,129,Bronx,BRP N WATSON AVENUE - FORDHAM ROAD
1.86,4247,Bronx,CBE W L/LE V AMSTERDAM AVE - I 95 S LOC LNS
51.57,144,Staten Island,WSE N TYRELLAN AVENUE - BLOOMINGDALE ROAD
49.7,93,Brooklyn,VNB E SI GANTRY LOWER LEVEL - BROOLKYN GANTRY LOWER LEVEL
59.65,102,Staten Island,WSE N-SIE E SOUTH AVENUE - SOUTH AVENUE
37.28,148,Bronx,BRP N WATSON AVENUE - FORDHAM ROAD
13.04,517,Queens,VWE S MP4.63 (Exit 6 Jamaica Ave) - MP2.66 (Exit 2 Roackaway Blvd)
53.43,86,Brooklyn,VNB W BROOKLYN GANTRY LOWER LEVEL - SI GANTRY LOWER LEVEL
45.36,150,Manhattan,FDR N 25th - 63rd St
51.57,179,Queens,Laurelton Pkwy S @ SSP - Belt Pkwy W 182nd St
11.18,125,Staten Island,SIE W BRADLEY AVENUE - WOOLEY AVENUE
33.55,164,Bronx,BRP N WATSON AVENUE - FORDHAM ROAD
0.0,0,Staten Island,MLK S - SIE W WALKER STREET - RICHMOND AVENUE
45.98,46,Brooklyn,VNB E-GOWANUS N BROOKLYN GANTRY UPPER LEVEL - 92ND STREET
52.81,156,Bronx,CBE E CASTLE HILL AVE - BE N WATERBURY AVE
41.63,472,Manhattan,Westside Hwy N 57th St - GWB
55.92,99,Staten Island,SIE E CLOVE ROAD - FINGERBOARD ROAD
29.2,348,Manhattan,FDR S 25th St - Catherine Slip
51.57,83,Brooklyn,GOW S 7TH AVENUE - 92ND STREET
47.84,90,Bronx,CBE W MORRIS AVE - GWB W AMSTERDAM AVE (L/LVL)
21.12,252,Manhattan,11th ave n ganservoort - 12th ave @ 40th st
42.87,58,Bronx,BWB N Toll Plaza - HRP N Lafayatte Ave
50.33,85,Brooklyn,GOW N 92ND STREET - 7TH AVENUE
0.0,0,Staten Island,ROUTE 169 S - MLK WALKER STREET
47.84,112,Queens,VWE S MP8.65 (Exit 13 Northern Blvd) - MP6.39 (Exit 11 Jewel Ave)
16.15,324,Queens,QMT W Toll Plaza - Manhattan Side
54.68,97,Queens,VWE N MP8.64 (Exit 13 Northern Blvd) - Whitestone Expwy Exit 14 (Linden Pl)
41.63,132,Bronx,BRP N WATSON AVENUE - FORDHAM ROAD
18.01,147,Staten Island,SIE E SOUTH AVENUE - RICHMOND AVENUE
10.56,407,Bronx,CBE AMSTERDAM AVE (L/LVL) - MORRIS AVE
33.55,163,Manhattan,LINCOLN TUNNEL E CENTER TUBE NJ - NY
22.36,370,Bronx,CBE W U/LEV AMSTERDAM AVE - I95 S EXP LNS
7.45,1089,Bronx,CBE W L/LE V AMSTERDAM AVE - I 95 S LOC LNS
1.24,1481,Bronx,CBE W CASTLE HILL AVENUE - TAYLOR AVENUE
9.32,800,Queens,Laurelton Pkwy N @ SSP - CIP N Hempstead Tpk
50.95,149,Queens,CIP S Hempstead Tpk - Laurelton Pkwy @ SSP
22.36,188,Brooklyn,GOW N 92ND STREET - 7TH AVENUE
0.0,0,Queens,BE S TBB EXIT RAMP - QUEENS ANCHORAGE
29.2,345,Manhattan,FDR N Catherine Slip - 25th St
50.95,108,Queens,Whitestone Expwy S Exit 14 (Linden Pl) - VWE S MP8.65 (Exit 13 Northern Blvd)
0.0,0,Brooklyn,BQE S - GOW S ALTANTIC AVENUE - 9TH STREET
27.34,161,Bronx,BE S CASTLE HILL AVENUE - STRATFORD AVENUE
21.74,231,Manhattan,LINCOLN TUNNEL W NORTH TUBE NY - NJ
8.69,468,Bronx,CBE W MORRIS AVE - GWB W AMSTERDAM AVE (L/LVL)
40.38,53,Brooklyn,GOW S VNB W 92ND STREET - BKLYN GANTRY UPPER LEVEL
6.21,645,Bronx,CBE W MORRIS AVE - GWB W AMSTERDAM AVE (U/LVL)
55.3,25,Staten Island,SIE W BRADLEY AVENUE - WOOLEY AVENUE
58.4,43,Bronx,CBE W CASTLE HILL AVENUE - TAYLOR AVENUE
45.98,108,Queens,LIE W 108TH ST - 84TH ST
23.61,99,Manhattan,FDR N - TBB E 116TH STREET - MANHATTAN TRUSS
55.92,141,Staten Island,WSE N ARDEN AVENUE - VICTORY BLVD
35.41,333,Queens,CIP N LIE ramp - TNB
49.08,32,Staten Island,SIE E WOOLEY AVENUE - BRADLEY AVENUE
0.0,0,Staten Island,MLK N WALKER STREET - NJ ROUTE 169
19.88,375,Queens,TBB S MANHATTAN LIFT SPAN - QUEENS ANCHORAGE
25.47,218,Bronx,BRP N WATSON AVENUE - FORDHAM ROAD
60.27,85,Staten Island,WSE S ARDEN AVENUE - BLOOMINGDALE ROAD
41.01,216,Queens,VWE N MP4.63 (Exit 6 - Jamaica Ave) - MP6.39 (Exit 11 Jewel Ave)
26.71,407,Queens,VWE S MP2.66 (Exit 2 Rockaway Blvd) - Belt Pkwy E 182nd St
48.46,156,Queens,CIP S Hempstead Tpk - Laurelton Pkwy @ SSP
37.9,56,Staten island,VNB W-SIE W SI GANTRY UPPER LEVEL - FINGERBOARD ROAD
47.84,97,Brooklyn,VNB W BROOKLYN GANTRY UPPER LEVEL - SI GANTRY UPPER LEVEL
0.0,0,Brooklyn,BQE S - GOW S ALTANTIC AVENUE - 9TH STREET
47.84,97,Brooklyn,VNB E SI GANTRY LOWER LEVEL - BROOLKYN GANTRY LOWER LEVEL
0.0,0,Brooklyn,GOW N 7TH AVENUE - 9TH STREET
45.36,47,Brooklyn,GOW S VNB W 92ND STREET - BKLYN GANTRY LOWER LEVEL
23.61,317,Bronx,BE N Castle Hill Avenue - Griswold Ave
59.03,279,Queens,CVE NB GCP - WILLETS PT BLVD
39.14,244,Queens,LIE WB LITTLE NECK PKWY - NB CVE
47.22,195,Queens,Belt Pkwy E 182nd St - Laurelton Pkwy N @ SSP
18.01,296,Queens,VWE N MP6.39 (Exit 11 Jewel Ave) - MP8.65 (Exit 13 Northern Blvd)
15.53,272,Bronx,CBE E AMSTERDAM AVE(U/LVL) - MORRIS AVE
32.93,355,Queens,CIP N LIE ramp - TNB
54.05,47,Bronx,CBE E TAYLOR AVENUE - CASTLE HILL AVENUE
0.0,0,Bronx,BRP S FORDHAM ROAD - WATSON AVENUE
0.0,0,Staten Island,MLK S - SIE E WALKER STREET - WOOLEY AVENUE
24.85,272,Queens,VWE S MP4.63 (Exit 6 Jamaica Ave) - MP2.66 (Exit 2 Roackaway Blvd)
42.87,53,Staten Island,SIE E VNB E FINGERBOARD ROAD - SI GANTRY LOWER LEVEL
13.67,630,Queens,VWE N MP4.63 (Exit 6 - Jamaica Ave) - MP6.39 (Exit 11 Jewel Ave)
7.45,1020,Queens,Laurelton Pkwy N @ SSP - CIP N Hempstead Tpk
25.47,283,Queens,TBB N QUEENS ANCHORAGE - BE N
30.44,77,Manhattan,FDR N - TBB E 116TH STREET - MANHATTAN TRUSS
50.33,110,Queens,Whitestone Expwy S Exit 14 (Linden Pl) - VWE S MP8.65 (Exit 13 Northern Blvd)
45.36,47,Brooklyn,GOW S VNB W 92ND STREET - BKLYN GANTRY LOWER LEVEL
17.39,366,Manhattan,12th ave @ 45th - 11 ave ganservoort st
32.31,166,Queens,VWE S MP8.65 (Exit 13 Northern Blvd) - MP6.39 (Exit 11 Jewel Ave)
16.77,219,Queens,Belt Pkwy W 182nd St - JFK Expressway
49.7,94,Brooklyn,VNB W BROOKLYN GANTRY UPPER LEVEL - SI GANTRY UPPER LEVEL
24.85,104,Manhattan,BKN Bridge Manhattan Side - FDR N Catherine Slip
14.91,311,Brooklyn,VNB W BROOKLYN GANTRY UPPER LEVEL - SI GANTRY UPPER LEVEL
46.6,45,Brooklyn,GOW S VNB W 92ND STREET - BKLYN GANTRY LOWER LEVEL
54.05,53,Staten Island,WSE S SOUTH AVENUE - VICTORY BOULEVARD
64.0,81,Staten Island,WSE S ARDEN AVENUE - BLOOMINGDALE ROAD
23.61,303,Brooklyn,BQE N LEONARD STREET - 46TH STREET
45.98,85,Staten Island,SIE E RICHMOND AVENUE - WOOLEY AVENUE
36.66,262,Queens,LIE WB LITTLE NECK PKWY - NB CVE
23.61,101,Manhattan,TBB W - FDR S MANHATTAN TRUSS - E116TH STREET
55.3,106,Staten Island,SIE W FINGERBOARD ROAD - CLOVE ROAD
14.29,293,Bronx,CBE E AMSTERDAM AVE(U/LVL) - MORRIS AVE
50.33,137,Queens,TNB N Queens Anchorage - Toll Plaza
60.89,129,Staten Island,WSE S VICTORY BOULEVARD - ARDEN AVENUE
29.82,178,Queens,VWE N MP6.39 (Exit 11 Jewel Ave) - MP8.65 (Exit 13 Northern Blvd)
47.84,56,Queens,TNB S Qns Anchorage - CIP S @ TNB
47.22,113,Queens,VWE N MP8.64 (Exit 13 Northern Blvd) - Whitestone Expwy Exit 14 (Linden Pl)
19.88,119,Manhattan,TBB W - FDR S MANHATTAN TRUSS - E116TH STREET
9.32,569,Manhattan,11th ave n ganservoort - 12th ave @ 40th st
16.15,266,Bronx,MDE S HARLEM RIVER PARK - GWB W AMSTERDAM AVENUE UPPER LEVEL
49.7,51,Bronx,CBE E TAYLOR AVENUE - CASTLE HILL AVENUE
54.68,26,Staten Island,SIE W BRADLEY AVENUE - WOOLEY AVENUE
21.74,374,Bronx,CBE E CASTLE HILL AVE - BE N WATERBURY AVE
53.43,117,Staten Island,WSE S BLLOMINGDALE ROAD - TYRELLAN AVENUE
54.05,26,Staten Island,SIE W BRADLEY AVENUE - WOOLEY AVENUE
12.42,338,Bronx,CBE W MORRIS AVE - GWB W AMSTERDAM AVE (L/LVL)
47.22,53,Bronx,HRP S Lafayette Ave - BWB S Toll Plaza
43.49,146,Queens,BWB S Queens Anchorage - WSE S Exit 14 (Linden Pl)
51.57,144,Bronx,BE S Griswold - Castle Hill Avenue
6.21,681,Bronx,CBE W MORRIS AVE - GWB W AMSTERDAM AVE (U/LVL)
11.8,482,Manhattan,West St S Spring St - BBT Manhattan Portal outbound
2.48,1930,Manhattan,LINCOLN TUNNEL W CENTER TUBE NY - NJ
47.84,200,Queens,LIE WB LITTLE NECK PKWY - NB CVE
38.52,417,Queens,CIP NB GCP - TNB
34.79,224,Queens,Laurelton Pkwy N @ SSP - CIP N Hempstead Tpk
29.82,228,Queens,VWE S MP4.63 (Exit 6 Jamaica Ave) - MP2.66 (Exit 2 Roackaway Blvd)
23.61,518,Queens,Belt Pkwy W JFK Expressway - VWE N Jamaica Ave
18.64,346,Manhattan,BBT E Manhattan Portal - Toll Plaza
34.79,134,Queens,BWB N Queens Anchorage - Toll Plaza
0.0,0,Staten Island,ROUTE 169 S - MLK WALKER STREET
8.07,304,Bronx,CBE W CASTLE HILL AVENUE - TAYLOR AVENUE
33.55,283,Queens,LIE WB LITTLE NECK PKWY - NB CVE
54.05,126,Queens,TNB N Queens Anchorage - Toll Plaza
55.3,167,Queens,Laurelton Pkwy S @ SSP - Belt Pkwy W 182nd St
58.4,76,Bronx,HRP N LAFAYETTE AVENUE - E TREMONT AVENUE
14.29,322,Brooklyn,VNB W BROOKLYN GANTRY UPPER LEVEL - SI GANTRY UPPER LEVEL
0.0,0,Brooklyn,BQE S 46TH STREET - LEONARD STREET
55.92,194,Queens,CVE NB LIE - WILLETS PT BLVD
0.0,0,Staten Island,MLK S - SIE W WALKER STREET - RICHMOND AVENUE
27.96,135,Queens,Belt Pkwy W 182nd St - JFK Expressway
0.0,0,Manhattan,BQE N Atlantic Ave - BKN Bridge Manhattan Side
46.6,61,Staten Island,SIE W RICHMOND AVENUE - SOUTH AVENUE
52.81,30,Staten Island,SIE E WOOLEY AVENUE - BRADLEY AVENUE
44.11,203,Queens,VWE N MP4.63 (Exit 6 - Jamaica Ave) - MP6.39 (Exit 11 Jewel Ave)
21.12,123,Manhattan,FDR S Catherine Slip - BKN Bridge Manhattan Side
36.66,295,Queens,CVE NB LIE - WILLETS PT BLVD
32.31,153,Queens,LIE E 84TH ST - 108TH ST
0.0,0,Bronx,CBE W U/LEV AMSTERDAM AVE - I95 S EXP LNS
52.81,87,Brooklyn,VNB E SI GANTRY LOWER LEVEL - BROOLKYN GANTRY LOWER LEVEL
54.05,139,Bronx,BE N Castle Hill Avenue - Griswold Ave
0.0,0,Brooklyn,GOW N 9TH STREET - ATLANTIC AVENUE
56.54,79,Bronx,HRP N LAFAYETTE AVENUE - E TREMONT AVENUE
45.36,165,Queens,TBB S MANHATTAN LIFT SPAN - QUEENS ANCHORAGE
39.14,503,Manhattan,Westside Hwy N 57th St - GWB
25.47,425,Queens,CIP N Hempstead Tpk - LIE
16.15,205,Manhattan,11th ave s ganservoort - west st @ spring st
60.27,83,Staten Island,WSE N BLOOMUINGDALE ROAD - ARDEN AVENUE
6.83,649,Bronx,MDE S HARLEM RIVER PARK - GWB W AMSTERDAM AVENUE LOWER LEVEL
44.11,36,Staten Island,SIE E WOOLEY AVENUE - BRADLEY AVENUE
26.09,271,Brooklyn,BQE N LEONARD STREET - 46TH STREET
57.78,49,Staten Island,SIE W RICHMOND AVENUE - SOUTH AVENUE
0.0,0,Queens,CIP S LIE - Hempstead Tpk
55.92,134,Bronx,BE N Castle Hill Avenue - Griswold Ave
50.95,84,Brooklyn,GOW S 7TH AVENUE - 92ND STREET
16.77,292,Manhattan,LINCOLN TUNNEL W NORTH TUBE NY - NJ
50.33,91,Brooklyn,VNB W BROOKLYN GANTRY LOWER LEVEL - SI GANTRY LOWER LEVEL
0.0,0,Brooklyn,GOW S 9TH STREET - 7TH AVENUE
50.33,101,Bronx,MDE N RFK Bridge - 142nd St
51.57,146,Queens,CIP S Hempstead Tpk - Laurelton Pkwy @ SSP
52.81,80,Brooklyn,GOW S 7TH AVENUE - 92ND STREET
9.32,1251,Queens,Belt Pkwy W JFK Expressway - VWE N Jamaica Ave
13.67,391,Manhattan,QMT E Manhattan Side - Toll Plaza
46.6,173,Queens,TBB N QUEENS ANCHORAGE - MANHATTAN LIFT SPAN
15.53,169,Queens,TNB S Qns Anchorage - CIP S @ TNB
48.46,95,Brooklyn,VNB E SI GANTRY LOWER LEVEL - BROOLKYN GANTRY LOWER LEVEL
12.42,417,Queens,VWE S MP8.65 (Exit 13 Northern Blvd) - MP6.39 (Exit 11 Jewel Ave)
50.33,183,Queens,Laurelton Pkwy S @ SSP - Belt Pkwy W 182nd St
54.05,214,Queens,CIP N TNB - Whitestone Expwy S Exit 14 (Linden Pl)
0.0,0,Brooklyn,BQE S 46TH STREET - LEONARD STREET
11.18,429,Queens,LIE E 84TH ST - 108TH ST
0.0,0,Staten Island,MLK S - SIE E WALKER STREET - WOOLEY AVENUE
45.98,101,Brooklyn,VNB E SI GANTRY UPPER LEVEL - BROOKLYN GANTRY UPPER LEVEL
22.36,196,Bronx,MDE S HARLEM RIVER PARK - GWB W AMSTERDAM AVENUE UPPER LEVEL
44.73,96,Brooklyn,GOW N 92ND STREET - 7TH AVENUE
46.6,153,Brooklyn,BQE N LEONARD STREET - 46TH STREET
51.57,90,Brooklyn,VNB E SI GANTRY UPPER LEVEL - BROOKLYN GANTRY UPPER LEVEL
24.85,122,Queens,BE S TBB EXIT RAMP - MANHATTAN LIFT SPAN
51.57,104,Queens,VWE N MP8.64 (Exit 13 Northern Blvd) - Whitestone Expwy Exit 14 (Linden Pl)
26.09,259,Queens,TNB S Toll Plaza - Queens Anchorage
16.15,156,Bronx,HRP S Lafayette Ave - BWB S Toll Plaza
37.9,64,Manhattan,TBB W - FDR S MANHATTAN TRUSS - E116TH STREET
0.0,0,Brooklyn,BQE S - GOW S ALTANTIC AVENUE - 9TH STREET
57.78,158,Queens,Laurelton Pkwy S @ SSP - Belt Pkwy W 182nd St
57.16,47,Queens,TNB S Qns Anchorage - CIP S @ TNB
41.63,128,Queens,VWE S MP8.65 (Exit 13 Northern Blvd) - MP6.39 (Exit 11 Jewel Ave)
51.57,55,Staten Island,SIE W RICHMOND AVENUE - SOUTH AVENUE
56.54,133,Bronx,BE N Castle Hill Avenue - Griswold Ave
22.36,345,Queens,Laurelton Pkwy N @ SSP - CIP N Hempstead Tpk
0.0,0,Staten Island,MLK S - SIE W WALKER STREET - RICHMOND AVENUE
44.73,51,Staten Island,SIE E VNB E FINGERBOARD ROAD - SI GANTRY UPPER LEVEL
45.36,102,Queens,BWB N Queens Anchorage - Toll Plaza
47.22,201,Queens,LIE WB LITTLE NECK PKWY - NB CVE
41.63,165,Manhattan,FDR S 63rd - 25th St
65.24,60,Staten Island,SIE W WOOLEY AVENUE - RICHMOND AVENUE
0.0,0,Staten Island,ROUTE 169 S - MLK WALKER STREET
18.01,243,Bronx,MDE S HARLEM RIVER PARK - GWB W AMSTERDAM AVENUE LOWER LEVEL
0.0,0,Staten island,VNB W-SIE W SI GANTRY UPPER LEVEL - FINGERBOARD ROAD
0.0,0,Brooklyn,GOW S 9TH STREET - 7TH AVENUE
0.0,0,Queens,BE S TBB EXIT RAMP - QUEENS ANCHORAGE
53.43,50,Staten Island,SIE E SOUTH AVENUE - RICHMOND AVENUE
43.49,49,Brooklyn,GOW S VNB W 92ND STREET - BKLYN GANTRY UPPER LEVEL
60.89,123,Bronx,BE S Griswold - Castle Hill Avenue
50.95,134,Manhattan,FDR S 63rd - 25th St
49.7,93,Bronx,BE N STRATFORD AVENUE - CASTLE HILL AVE
49.7,103,Bronx,MDE N RFK Bridge - 142nd St
0.0,0,Manhattan,BQE N Atlantic Ave - BKN Bridge Manhattan Side
0.0,0,Staten Island,SIE W - MLK N WOOLEY AVENUE - WLAKER STREET
0.0,0,Staten Island,MLK S - SIE W WALKER STREET - RICHMOND AVENUE
37.28,43,Staten Island,SIE E WOOLEY AVENUE - BRADLEY AVENUE
13.67,394,Manhattan,QMT E Manhattan Side - Toll Plaza
0.0,0,Queens,BE S TBB EXIT RAMP - QUEENS ANCHORAGE
42.87,182,Staten Island,WSE S VICTORY BOULEVARD - ARDEN AVENUE
57.16,106,Staten Island,WSE N-SIE E SOUTH AVENUE - SOUTH AVENUE
40.38,395,Queens,CIP NB GCP - TNB
20.5,239,Queens,LIE E 84TH ST - 108TH ST
14.29,228,Manhattan,12th Ave N 40th - 57th St
0.0,0,Staten Island,SIE W - MLK N WOOLEY AVENUE - WLAKER STREET
25.47,398,Manhattan,FDR S 25th St - Catherine Slip
43.49,250,Queens,CVE NB LIE - WILLETS PT BLVD
22.36,351,Queens,Laurelton Pkwy N @ SSP - CIP N Hempstead Tpk
42.25,170,Queens,MDE S TBB EXIT RAMP - QUEENS ANCHORAGE
49.08,109,Queens,VWE N MP8.64 (Exit 13 Northern Blvd) - Whitestone Expwy Exit 14 (Linden Pl)
50.95,105,Queens,VWE N MP6.39 (Exit 11 Jewel Ave) - MP8.65 (Exit 13 Northern Blvd)
38.52,511,Manhattan,Westside Hwy N 57th St - GWB
45.98,85,Queens,LIE WB LITTLE NECK PKWY - NB CIP
19.88,119,Manhattan,FDR N - TBB E 116TH STREET - MANHATTAN TRUSS
39.14,110,Bronx,CBE W MORRIS AVE - GWB W AMSTERDAM AVE (L/LVL)
51.57,149,Staten Island,WSE S TYRELLAN AVENUE - 440 S FRANCIS STREET
32.31,170,Bronx,BRP S FORDHAM ROAD - WATSON AVENUE
41.63,94,Queens,LIE WB LITTLE NECK PKWY - NB CIP
43.49,171,Bronx,BE S Griswold - Castle Hill Avenue
42.25,109,Brooklyn,VNB E SI GANTRY UPPER LEVEL - BROOKLYN GANTRY UPPER LEVEL
50.33,183,Queens,Belt Pkwy E 182nd St - Laurelton Pkwy N @ SSP
53.43,86,Bronx,BE N STRATFORD AVENUE - CASTLE HILL AVE
0.0,0,Staten Island,MLK N WALKER STREET - NJ ROUTE 169
41.01,112,Queens,BWB N Queens Anchorage - Toll Plaza
38.52,120,Queens,BWB N Queens Anchorage - Toll Plaza
6.21,338,Manhattan,12th Ave S 57th St - 45th St
43.49,251,Queens,CIP N Hempstead Tpk - LIE
21.12,368,Queens,Laurelton Pkwy N @ SSP - CIP N Hempstead Tpk
54.68,72,Queens,LIE WB LITTLE NECK PKWY - NB CIP
21.74,138,Queens,BE S TBB EXIT RAMP - MANHATTAN LIFT SPAN
37.9,169,Manhattan,BBT W Toll Plaza - Manhattan Portal
50.95,91,Brooklyn,VNB W BROOKLYN GANTRY LOWER LEVEL - SI GANTRY LOWER LEVEL
49.7,86,Brooklyn,GOW S 7TH AVENUE - 92ND STREET
29.2,232,Manhattan,FDR S 63rd - 25th St
29.82,148,Bronx,BE S CASTLE HILL AVENUE - STRATFORD AVENUE
54.68,137,Bronx,BE N Castle Hill Avenue - Griswold Ave
42.25,59,Bronx,CBE W CASTLE HILL AVENUE - TAYLOR AVENUE
19.88,372,Bronx,BE S Griswold - Castle Hill Avenue
48.46,110,Queens,VWE N MP6.39 (Exit 11 Jewel Ave) - MP8.65 (Exit 13 Northern Blvd)
45.36,142,Queens,Whitestone Expwy N Exit 14 (Linden Pl) - BWB N Queens Anchorage
48.46,88,Bronx,CBE W MORRIS AVE - GWB W AMSTERDAM AVE (L/LVL)
33.55,149,Manhattan,LINCOLN TUNNEL W NORTH TUBE NY - NJ
54.68,98,Queens,VWE N MP6.39 (Exit 11 Jewel Ave) - MP8.65 (Exit 13 Northern Blvd)
26.09,91,Manhattan,FDR N - TBB E 116TH STREET - MANHATTAN TRUSS
22.99,306,Brooklyn,BQE S 46TH STREET - LEONARD STREET
0.0,0,Manhattan,BBT E Manhattan Portal - Toll Plaza
57.16,94,Queens,VWE N MP6.39 (Exit 11 Jewel Ave) - MP8.65 (Exit 13 Northern Blvd)
60.27,130,Staten Island,WSE S VICTORY BOULEVARD - ARDEN AVENUE
58.4,118,Queens,TNB N Queens Anchorage - Toll Plaza
0.0,0,Queens,LIE WB LITTLE NECK PKWY - NB CIP
42.87,100,Bronx,CBE AMSTERDAM AVE (L/LVL) - MORRIS AVE
56.54,47,Queens,TNB S Qns Anchorage - CIP S @ TNB
28.58,185,Queens,QMT W Toll Plaza - Manhattan Side
50.33,85,Brooklyn,GOW S 7TH AVENUE - 92ND STREET
54.05,115,Staten Island,WSE S BLLOMINGDALE ROAD - TYRELLAN AVENUE
0.0,0,Bronx,BRP S FORDHAM ROAD - WATSON AVENUE
61.51,123,Queens,CIP S Hempstead Tpk - Laurelton Pkwy @ SSP
28.58,136,Staten Island,SIE E RICHMOND AVENUE - WOOLEY AVENUE
54.68,26,Staten Island,SIE W BRADLEY AVENUE - WOOLEY AVENUE
44.73,96,Brooklyn,GOW S 7TH AVENUE - 92ND STREET
17.39,310,Manhattan,11th ave n ganservoort - 12th ave @ 40th st
14.29,544,Queens,Laurelton Pkwy N @ SSP - CIP N Hempstead Tpk
54.05,152,Bronx,CBE E CASTLE HILL AVE - BE N WATERBURY AVE
47.22,419,Manhattan,Westside Hwy S GWB - 57th St
27.96,242,Queens,TNB S Toll Plaza - Queens Anchorage
57.16,120,Queens,TNB N Queens Anchorage - Toll Plaza
19.88,271,Manhattan,11th ave n ganservoort - 12th ave @ 40th st
49.7,108,Queens,VWE N MP6.39 (Exit 11 Jewel Ave) - MP8.65 (Exit 13 Northern Blvd)
34.17,115,Staten Island,SIE E RICHMOND AVENUE - WOOLEY AVENUE
49.7,112,Queens,Whitestone Expwy S Exit 14 (Linden Pl) - VWE S MP8.65 (Exit 13 Northern Blvd)
46.6,84,Staten Island,SIE W WOOLEY AVENUE - RICHMOND AVENUE
4.34,1668,Queens,Laurelton Pkwy N @ SSP - CIP N Hempstead Tpk
40.38,193,Staten Island,WSE S VICTORY BOULEVARD - ARDEN AVENUE
0.0,0,Staten Island,SIE E-MLK N RICHMOND AVENUE - WALKER STREET
48.46,59,Staten Island,WSE S SOUTH AVENUE - VICTORY BOULEVARD
23.61,348,Bronx,CBE W U/LEV AMSTERDAM AVE - I95 S EXP LNS
19.88,447,Queens,VWE N MP4.63 (Exit 6 - Jamaica Ave) - MP6.39 (Exit 11 Jewel Ave)
0.0,0,Staten Island,MLK S - SIE E WALKER STREET - WOOLEY AVENUE
49.7,144,Brooklyn,BQE N LEONARD STREET - 46TH STREET
52.81,119,Staten Island,WSE S BLLOMINGDALE ROAD - TYRELLAN AVENUE
8.07,400,Manhattan,11th ave s ganservoort - west st @ spring st
16.77,156,Manhattan,FDR S Catherine Slip - BKN Bridge Manhattan Side
0.62,8330,Bronx,CBE W L/LE V AMSTERDAM AVE - I 95 S LOC LNS
50.95,31,Staten Island,SIE E WOOLEY AVENUE - BRADLEY AVENUE
22.36,197,Bronx,MDE S HARLEM RIVER PARK - GWB W AMSTERDAM AVENUE LOWER LEVEL
10.56,395,Bronx,CBE W MORRIS AVE - GWB W AMSTERDAM AVE (L/LVL)
21.74,291,Manhattan,12th ave @ 45th - 11 ave ganservoort st
38.52,510,Manhattan,Westside Hwy N 57th St - GWB
43.49,219,Queens,LIE WB LITTLE NECK PKWY - NB CVE
0.0,0,Staten Island,SIE W - MLK N WOOLEY AVENUE - WLAKER STREET
0.0,0,Brooklyn,GOW S 9TH STREET - 7TH AVENUE
64.0,80,Staten Island,WSE S ARDEN AVENUE - BLOOMINGDALE ROAD
0.0,0,Bronx,BRP S FORDHAM ROAD - WATSON AVENUE
52.81,87,Bronx,BE N STRATFORD AVENUE - CASTLE HILL AVE
4.34,466,Manhattan,12th Ave S 57th St - 45th St
22.99,443,Manhattan,FDR S 25th St - Catherine Slip
11.8,174,Staten island,VNB W-SIE W SI GANTRY UPPER LEVEL - FINGERBOARD ROAD
16.15,308,Queens,LIE E 84TH ST - 108TH ST
49.7,166,Bronx,CBE W U/LEV AMSTERDAM AVE - I95 S EXP LNS
45.36,47,Brooklyn,VNB E-GOWANUS N BROOKLYN GANTRY UPPER LEVEL - 92ND STREET
7.45,277,Brooklyn,GOW S VNB W 92ND STREET - BKLYN GANTRY UPPER LEVEL
39.14,54,Brooklyn,VNB E-GOWANUS N BROOKLYN GANTRY UPPER LEVEL - 92ND STREET
55.92,123,Queens,TNB S Toll Plaza - Queens Anchorage
31.68,75,Manhattan,TBB W - FDR S MANHATTAN TRUSS - E116TH STREET
0.0,0,Bronx,BRP S FORDHAM ROAD - WATSON AVENUE
20.5,348,Queens,TBB N QUEENS ANCHORAGE - BE N
11.8,454,Manhattan,LINCOLN TUNNEL W CENTER TUBE NY - NJ
6.83,627,Bronx,CBE W MORRIS AVE - GWB W AMSTERDAM AVE (L/LVL)
18.01,146,Queens,TNB S Qns Anchorage - CIP S @ TNB
44.73,104,Bronx,BWB S Toll Plaza - Queens Anchorage
0.0,0,Queens,BWB S Queens Anchorage - WSE S Exit 14 (Linden Pl)
15.53,138,Queens,CIP N ramp to TNB - TNB Queens Anchorage
26.71,147,Queens,LIE WB LITTLE NECK PKWY - NB CIP
54.68,78,Brooklyn,GOW N 92ND STREET - 7TH AVENUE
47.84,96,Brooklyn,VNB W BROOKLYN GANTRY UPPER LEVEL - SI GANTRY UPPER LEVEL
23.61,128,Queens,BE S TBB EXIT RAMP - MANHATTAN LIFT SPAN
29.2,671,Manhattan,Westside Hwy S GWB - 57th St
60.27,273,Queens,CVE NB GCP - WILLETS PT BLVD
8.07,665,Manhattan,11th ave n ganservoort - 12th ave @ 40th st
42.87,188,Queens,TBB N QUEENS ANCHORAGE - MANHATTAN LIFT SPAN
45.36,437,Manhattan,Westside Hwy N 57th St - GWB
51.57,121,Staten Island,WSE S BLLOMINGDALE ROAD - TYRELLAN AVENUE
44.73,47,Brooklyn,GOW S VNB W 92ND STREET - BKLYN GANTRY UPPER LEVEL
31.68,155,Queens,LIE W 108TH ST - 84TH ST
38.52,131,Bronx,MDE N RFK Bridge - 142nd St
51.57,90,Bronx,BWB S Toll Plaza - Queens Anchorage
9.32,657,Manhattan,12th ave @ 45th - 11 ave ganservoort st
45.36,178,Queens,TBB N QUEENS ANCHORAGE - MANHATTAN LIFT SPAN
45.98,62,Staten Island,WSE S SOUTH AVENUE - VICTORY BOULEVARD
49.08,94,Bronx,BWB S Toll Plaza - Queens Anchorage
49.08,90,Bronx,HRP N LAFAYETTE AVENUE - E TREMONT AVENUE
29.82,318,Queens,LIE WB LITTLE NECK PKWY - NB CVE
50.33,127,Queens,BWB S Queens Anchorage - WSE S Exit 14 (Linden Pl)
50.95,136,Staten Island,SIE W - WSE S SOUTH AVENUE - SOUTH AVENUE
34.17,189,Manhattan,BBT E Manhattan Portal - Toll Plaza
0.0,0,Staten Island,MLK S - SIE W WALKER STREET - RICHMOND AVENUE
54.68,168,Queens,Belt Pkwy E 182nd St - Laurelton Pkwy N @ SSP
5.59,3224,Manhattan,Westside Hwy N 57th St - GWB
45.98,180,Bronx,CBE E CASTLE HILL AVE - BE N WATERBURY AVE
18.64,619,Queens,CIP N LIE ramp - TNB
47.84,97,Brooklyn,VNB E SI GANTRY UPPER LEVEL - BROOKLYN GANTRY UPPER LEVEL
52.81,50,Staten Island,SIE E SOUTH AVENUE - RICHMOND AVENUE
39.76,115,Brooklyn,VNB E SI GANTRY LOWER LEVEL - BROOLKYN GANTRY LOWER LEVEL
44.73,35,Staten Island,SIE E WOOLEY AVENUE - BRADLEY AVENUE
49.08,51,Bronx,BWB N Toll Plaza - HRP N Lafayatte Ave
10.56,664,Queens,TBB N QUEENS ANCHORAGE - BE N
49.08,403,Manhattan,Westside Hwy N 57th St - GWB
0.0,0,Staten Island,MLK S - SIE W WALKER STREET - RICHMOND AVENUE
32.31,132,Bronx,CBE AMSTERDAM AVE (L/LVL) - MORRIS AVE
52.19,54,Staten Island,WSE S SOUTH AVENUE - VICTORY BOULEVARD
59.65,276,Queens,CVE NB GCP - WILLETS PT BLVD
0.0,0,Staten Island,MLK S - SIE W WALKER STREET - RICHMOND AVENUE
0.0,0,Staten Island,ROUTE 169 S - MLK WALKER STREET
50.33,92,Queens,BWB N Queens Anchorage - Toll Plaza
52.81,54,Staten Island,WSE S SOUTH AVENUE - VICTORY BOULEVARD
58.4,104,Staten Island,WSE N-SIE E SOUTH AVENUE - SOUTH AVENUE
17.39,293,Bronx,MDE N RFK Bridge - 142nd St
34.17,177,Staten Island,WSE N-SIE E SOUTH AVENUE - SOUTH AVENUE
0.0,0,Bronx,BRP S FORDHAM ROAD - WATSON AVENUE
65.24,79,Staten Island,WSE S ARDEN AVENUE - BLOOMINGDALE ROAD
39.76,188,Bronx,BE S Griswold - Castle Hill Avenue
0.0,0,Manhattan,BQE N Atlantic Ave - BKN Bridge Manhattan Side
15.53,402,Queens,Whitestone Expwy N Exit 14 (Linden Pl) - BWB N Queens Anchorage
14.91,93,Staten Island,SIE W BRADLEY AVENUE - WOOLEY AVENUE
58.4,49,Staten Island,SIE W RICHMOND AVENUE - SOUTH AVENUE
55.3,125,Queens,TNB N Queens Anchorage - Toll Plaza
6.83,956,Manhattan,FDR N 25th - 63rd St
42.25,50,Staten island,VNB W-SIE W SI GANTRY UPPER LEVEL - FINGERBOARD ROAD
19.26,419,Queens,TBB N QUEENS ANCHORAGE - MANHATTAN LIFT SPAN
56.54,135,Staten Island,440 N FRANCIS STREET - WSE N TYRELLAN AVE
21.74,264,Manhattan,West St S Spring St - BBT Manhattan Portal outbound
10.56,666,Queens,TBB N QUEENS ANCHORAGE - BE N
20.5,377,Queens,Laurelton Pkwy N @ SSP - CIP N Hempstead Tpk
33.55,148,Queens,LIE W 108TH ST - 84TH ST
29.82,154,Bronx,BWB S Toll Plaza - Queens Anchorage
31.06,353,Queens,CVE NB LIE - WILLETS PT BLVD
16.77,317,Queens,QMT W Toll Plaza - Manhattan Side
50.95,108,Staten Island,SIE E CLOVE ROAD - FINGERBOARD ROAD
47.84,44,Staten island,VNB W-SIE W SI GANTRY UPPER LEVEL - FINGERBOARD ROAD
43.49,140,Staten Island,WSE N-SIE E SOUTH AVENUE - SOUTH AVENUE
47.22,176,Bronx,CBE W U/LEV AMSTERDAM AVE - I95 S EXP LNS
62.13,83,Staten Island,WSE S ARDEN AVENUE - BLOOMINGDALE ROAD
48.46,51,Bronx,BWB N Toll Plaza - HRP N Lafayatte Ave
20.5,159,Manhattan,11th ave s ganservoort - west st @ spring st
7.45,958,Queens,TBB N QUEENS ANCHORAGE - BE N
37.9,168,Queens,Whitestone Expwy N Exit 14 (Linden Pl) - BWB N Queens Anchorage
48.46,96,Brooklyn,VNB E SI GANTRY LOWER LEVEL - BROOLKYN GANTRY LOWER LEVEL
17.39,150,Manhattan,BKN Bridge Manhattan Side - FDR N Catherine Slip
46.6,53,Bronx,BWB N Toll Plaza - HRP N Lafayatte Ave
53.43,87,Bronx,BWB S Toll Plaza - Queens Anchorage
41.63,180,Bronx,BE S Griswold - Castle Hill Avenue
26.09,109,Staten Island,WSE S SOUTH AVENUE - VICTORY BOULEVARD
9.94,518,Queens,QMT W Toll Plaza - Manhattan Side
9.32,858,Queens,TBB N QUEENS ANCHORAGE - MANHATTAN LIFT SPAN
55.92,90,Queens,LIE E 84TH ST - 108TH ST
47.84,96,Brooklyn,VNB E SI GANTRY LOWER LEVEL - BROOLKYN GANTRY LOWER LEVEL
13.67,314,Bronx,CBE AMSTERDAM AVE (L/LVL) - MORRIS AVE
36.03,66,Manhattan,TBB W - FDR S MANHATTAN TRUSS - E116TH STREET
50.95,148,Staten Island,WSE N TYRELLAN AVENUE - BLOOMINGDALE ROAD
16.15,265,Bronx,MDE S HARLEM RIVER PARK - GWB W AMSTERDAM AVENUE UPPER LEVEL
17.39,366,Manhattan,BBT E Manhattan Portal - Toll Plaza
48.46,197,Queens,LIE WB LITTLE NECK PKWY - NB CVE
51.57,138,Brooklyn,BQE N LEONARD STREET - 46TH STREET
0.0,0,Queens,BE S TBB EXIT RAMP - QUEENS ANCHORAGE
47.22,117,Queens,Whitestone Expwy S Exit 14 (Linden Pl) - VWE S MP8.65 (Exit 13 Northern Blvd)
66.48,48,Staten Island,WSE N VICTORY BLVD - SOUTH AVENUE
57.16,47,Queens,TNB S Qns Anchorage - CIP S @ TNB
28.58,56,Staten Island,SIE E WOOLEY AVENUE - BRADLEY AVENUE
51.57,90,Brooklyn,VNB W BROOKLYN GANTRY LOWER LEVEL - SI GANTRY LOWER LEVEL
62.13,112,Staten Island,SIE W - WSE S SOUTH AVENUE - SOUTH AVENUE
9.32,757,Manhattan,BQE N Atlantic Ave - BKN Bridge Manhattan Side
21.74,123,Queens,TNB S Qns Anchorage - CIP S @ TNB
0.0,0,Staten Island,ROUTE 169 S - MLK WALKER STREET
52.19,103,Queens,VWE N MP6.39 (Exit 11 Jewel Ave) - MP8.65 (Exit 13 Northern Blvd)
32.93,130,Brooklyn,GOW N 92ND STREET - 7TH AVENUE
14.91,737,Queens,CIP N Hempstead Tpk - LIE
0.0,0,Brooklyn,GOW S 9TH STREET - 7TH AVENUE
50.95,98,Staten Island,WSE N BLOOMUINGDALE ROAD - ARDEN AVENUE
48.46,136,Staten Island,SIE E BRADLEY AVENUE - CLOVE ROAD
32.31,211,Queens,TNB N Queens Anchorage - Toll Plaza
27.34,187,Bronx,MDE N RFK Bridge - 142nd St
47.22,135,Queens,Whitestone Expwy N Exit 14 (Linden Pl) - BWB N Queens Anchorage
0.0,0,Bronx,BRP S FORDHAM ROAD - WATSON AVENUE
49.7,93,Bronx,BE N STRATFORD AVENUE - CASTLE HILL AVE
46.6,56,Manhattan,BKN Bridge Manhattan Side - FDR N Catherine Slip
33.55,191,Manhattan,BBT E Manhattan Portal - Toll Plaza
0.0,0,Staten Island,MLK N WALKER STREET - NJ ROUTE 169
21.12,114,Manhattan,TBB W - FDR S MANHATTAN TRUSS - E116TH STREET
41.63,154,Queens,Whitestone Expwy N Exit 14 (Linden Pl) - BWB N Queens Anchorage
28.58,379,Queens,CIP N Hempstead Tpk - LIE
50.95,56,Staten Island,WSE S SOUTH AVENUE - VICTORY BOULEVARD
50.95,108,Staten Island,SIE E CLOVE ROAD - FINGERBOARD ROAD
52.81,145,Staten Island,WSE S TYRELLAN AVENUE - 440 S FRANCIS STREET
13.67,311,Bronx,MDE S HARLEM RIVER PARK - GWB W AMSTERDAM AVENUE UPPER LEVEL
52.81,101,Queens,VWE N MP8.64 (Exit 13 Northern Blvd) - Whitestone Expwy Exit 14 (Linden Pl)
23.61,222,Queens,VWE N MP8.64 (Exit 13 Northern Blvd) - Whitestone Expwy Exit 14 (Linden Pl)
19.26,283,Manhattan,LINCOLN TUNNEL E SOUTH TUBE - NJ - NY
0.0,0,Bronx,MDE N RFK Bridge - 142nd St
62.75,82,Staten Island,WSE S ARDEN AVENUE - BLOOMINGDALE ROAD
24.85,436,Queens,CIP S LIE - Hempstead Tpk
8.07,506,Bronx,CBE W MORRIS AVE - GWB W AMSTERDAM AVE (L/LVL)
55.92,89,Staten Island,WSE N BLOOMUINGDALE ROAD - ARDEN AVENUE
42.87,183,Staten Island,WSE S VICTORY BOULEVARD - ARDEN AVENUE
42.25,50,Brooklyn,VNB E-GOWANUS N BROOKLYN GANTRY UPPER LEVEL - 92ND STREET
14.91,330,Manhattan,LINCOLN TUNNEL W NORTH TUBE NY - NJ
33.55,203,Manhattan,FDR S 63rd - 25th St
4.34,495,Manhattan,12th Ave S 57th St - 45th St
50.33,85,Bronx,CBE W MORRIS AVE - GWB W AMSTERDAM AVE (U/LVL)
30.44,168,Bronx,MDE N RFK Bridge - 142nd St
55.3,136,Queens,CIP S Hempstead Tpk - Laurelton Pkwy @ SSP
44.11,125,Queens,Whitestone Expwy S Exit 14 (Linden Pl) - VWE S MP8.65 (Exit 13 Northern Blvd)
43.49,210,Queens,Belt Pkwy E 182nd St - Laurelton Pkwy N @ SSP
34.17,345,Queens,CIP N LIE ramp - TNB
23.61,431,Manhattan,FDR N Catherine Slip - 25th St
37.28,101,Queens,Belt Pkwy W 182nd St - JFK Expressway
60.89,269,Queens,CVE NB GCP - WILLETS PT BLVD
44.11,48,Brooklyn,GOW S VNB W 92ND STREET - BKLYN GANTRY UPPER LEVEL
13.04,547,Brooklyn,BQE N LEONARD STREET - 46TH STREET
37.9,146,Bronx,BRP N WATSON AVENUE - FORDHAM ROAD
62.75,51,Staten Island,WSE N VICTORY BLVD - SOUTH AVENUE
24.85,121,Queens,BE S TBB EXIT RAMP - MANHATTAN LIFT SPAN
20.5,348,Brooklyn,BQE N LEONARD STREET - 46TH STREET
42.25,155,Staten Island,SIE E BRADLEY AVENUE - CLOVE ROAD
35.41,71,Bronx,CBE W CASTLE HILL AVENUE - TAYLOR AVENUE
32.31,315,Manhattan,FDR N Catherine Slip - 25th St
52.19,123,Queens,Whitestone Expwy N Exit 14 (Linden Pl) - BWB N Queens Anchorage
39.14,59,Staten Island,SIE E VNB E FINGERBOARD ROAD - SI GANTRY UPPER LEVEL
50.95,135,Queens,TNB S Toll Plaza - Queens Anchorage
19.26,568,Queens,CVE NB LIE - WILLETS PT BLVD
54.68,135,Manhattan,GWB E LOWER LEVEL PLAZA - CBE E LOWER LEVEL AMSTERDAM AVE
39.76,140,Bronx,BRP N WATSON AVENUE - FORDHAM ROAD
57.78,286,Queens,CVE NB GCP - WILLETS PT BLVD
11.18,605,Manhattan,FDR N 25th - 63rd St
0.0,0,Staten Island,SIE W - MLK N WOOLEY AVENUE - WLAKER STREET
0.0,0,Staten Island,SIE E-MLK N RICHMOND AVENUE - WALKER STREET
0.0,0,Staten Island,ROUTE 169 S - MLK WALKER STREET
29.2,234,Manhattan,FDR N 25th - 63rd St
45.36,179,Bronx,I-87 NYST S Exit 1 - MDE S Van Cortlandt Park
35.41,253,Queens,VWE S MP6.39 (Exit 11 Jewel Ave) - MP4.63 (Exit 6 Jamaica Ave)
54.68,46,Bronx,CBE W CASTLE HILL AVENUE - TAYLOR AVENUE
46.6,49,Staten Island,SIE E VNB E FINGERBOARD ROAD - SI GANTRY UPPER LEVEL
29.82,183,Manhattan,LINCOLN TUNNEL E CENTER TUBE NJ - NY
42.87,188,Queens,TBB N QUEENS ANCHORAGE - MANHATTAN LIFT SPAN
34.79,113,Queens,LIE WB LITTLE NECK PKWY - NB CIP
54.05,86,Bronx,BE N STRATFORD AVENUE - CASTLE HILL AVE
36.66,150,Bronx,BRP N WATSON AVENUE - FORDHAM ROAD
49.08,113,Staten Island,SIE E CLOVE ROAD - FINGERBOARD ROAD
41.63,55,Staten Island,SIE E VNB E FINGERBOARD ROAD - SI GANTRY LOWER LEVEL
47.84,82,Staten Island,SIE E RICHMOND AVENUE - WOOLEY AVENUE
19.26,323,Manhattan,12th ave @ 45th - 11 ave ganservoort st
30.44,177,Queens,QMT W Toll Plaza - Manhattan Side
43.49,86,Queens,Belt Pkwy W 182nd St - JFK Expressway
0.0,0,Queens,BE S TBB EXIT RAMP - QUEENS ANCHORAGE
51.57,144,Bronx,BE N Castle Hill Avenue - Griswold Ave
34.79,108,Queens,Belt Pkwy W 182nd St - JFK Expressway
15.53,661,Manhattan,FDR N Catherine Slip - 25th St
0.0,0,Manhattan,BQE N Atlantic Ave - MAN Bridge Manhattan Side
26.71,239,Manhattan,BBT W Toll Plaza - Manhattan Portal
64.0,81,Staten Island,WSE S ARDEN AVENUE - BLOOMINGDALE ROAD
7.45,546,Bronx,CBE W MORRIS AVE - GWB W AMSTERDAM AVE (U/LVL)
17.39,407,Brooklyn,BQE S 46TH STREET - LEONARD STREET
47.22,144,Manhattan,FDR S 63rd - 25th St
52.81,141,Staten Island,WSE N TYRELLAN AVENUE - BLOOMINGDALE ROAD
49.08,58,Staten Island,WSE S SOUTH AVENUE - VICTORY BOULEVARD
45.36,102,Brooklyn,VNB E SI GANTRY UPPER LEVEL - BROOKLYN GANTRY UPPER LEVEL
56.54,78,Bronx,BE S CASTLE HILL AVENUE - STRATFORD AVENUE
0.0,0,Staten Island,ROUTE 169 S - MLK WALKER STREET
52.81,47,Bronx,CBE W CASTLE HILL AVENUE - TAYLOR AVENUE
39.14,229,Queens,VWE S MP6.39 (Exit 11 Jewel Ave) - MP4.63 (Exit 6 Jamaica Ave)
34.17,219,Bronx,BE S Griswold - Castle Hill Avenue
45.98,35,Staten Island,SIE E WOOLEY AVENUE - BRADLEY AVENUE
0.0,0,Brooklyn,BQE S - GOW S ALTANTIC AVENUE - 9TH STREET
52.81,130,Queens,TNB N Queens Anchorage - Toll Plaza
35.41,157,Manhattan,LINCOLN TUNNEL W CENTER TUBE NY - NJ
38.52,214,Bronx,CBE E CASTLE HILL AVE - BE N WATERBURY AVE
0.0,0,Staten Island,MLK S - SIE W WALKER STREET - RICHMOND AVENUE
52.81,142,Staten Island,WSE N TYRELLAN AVENUE - BLOOMINGDALE ROAD
58.4,127,Bronx,BE S Griswold - Castle Hill Avenue
47.22,146,Queens,TNB S Toll Plaza - Queens Anchorage
53.43,73,Staten Island,SIE E RICHMOND AVENUE - WOOLEY AVENUE
21.74,242,Queens,QMT W Toll Plaza - Manhattan Side
17.39,469,Bronx,CBE W L/LE V AMSTERDAM AVE - I 95 S LOC LNS
18.01,210,Queens,Belt Pkwy W 182nd St - JFK Expressway
37.28,292,Queens,VWE S MP2.66 (Exit 2 Rockaway Blvd) - Belt Pkwy E 182nd St
0.0,0,Queens,BE S TBB EXIT RAMP - QUEENS ANCHORAGE
60.27,65,Staten Island,SIE E RICHMOND AVENUE - WOOLEY AVENUE
54.68,85,Queens,BWB N Queens Anchorage - Toll Plaza
41.63,110,Brooklyn,VNB E SI GANTRY UPPER LEVEL - BROOKLYN GANTRY UPPER LEVEL
44.11,48,Brooklyn,VNB E-GOWANUS N BROOKLYN GANTRY UPPER LEVEL - 92ND STREET
0.0,0,Staten Island,440 N FRANCIS STREET - WSE N TYRELLAN AVE
8.69,570,Queens,LIE E 84TH ST - 108TH ST
47.22,97,Queens,BWB N Queens Anchorage - Toll Plaza
52.81,54,Staten Island,SIE W RICHMOND AVENUE - SOUTH AVENUE
6.83,589,Bronx,CBE W MORRIS AVE - GWB W AMSTERDAM AVE (L/LVL)
51.57,117,Staten Island,WSE N-SIE E SOUTH AVENUE - SOUTH AVENUE
30.44,400,Queens,Belt Pkwy W JFK Expressway - VWE N Jamaica Ave
47.22,135,Queens,BWB S Queens Anchorage - WSE S Exit 14 (Linden Pl)
0.0,0,Staten Island,ROUTE 169 S - MLK WALKER STREET
18.01,663,Queens,Belt Pkwy W JFK Expressway - VWE N Jamaica Ave
54.68,121,Staten Island,SIE E BRADLEY AVENUE - CLOVE ROAD
50.95,154,Staten Island,WSE S VICTORY BOULEVARD - ARDEN AVENUE
56.54,144,Bronx,I-87 NYST S Exit 1 - MDE S Van Cortlandt Park
45.36,58,Manhattan,FDR S Catherine Slip - BKN Bridge Manhattan Side
43.49,50,Queens,CIP N ramp to TNB - TNB Queens Anchorage
45.36,241,Queens,CIP S LIE - Hempstead Tpk
19.88,394,Queens,Laurelton Pkwy N @ SSP - CIP N Hempstead Tpk
42.25,225,Queens,LIE WB LITTLE NECK PKWY - NB CVE
38.52,97,Queens,Belt Pkwy W 182nd St - JFK Expressway
26.71,171,Brooklyn,VNB E SI GANTRY UPPER LEVEL - BROOKLYN GANTRY UPPER LEVEL
32.93,207,Queens,TNB N Queens Anchorage - Toll Plaza
35.41,213,Queens,CIP S Hempstead Tpk - Laurelton Pkwy @ SSP
51.57,104,Queens,VWE N MP8.64 (Exit 13 Northern Blvd) - Whitestone Expwy Exit 14 (Linden Pl)
57.78,80,Brooklyn,VNB E SI GANTRY UPPER LEVEL - BROOKLYN GANTRY UPPER LEVEL
44.73,123,Bronx,BRP N WATSON AVENUE - FORDHAM ROAD
52.81,375,Manhattan,Westside Hwy S GWB - 57th St
0.0,0,Manhattan,BQE N Atlantic Ave - BKN Bridge Manhattan Side
49.08,87,Brooklyn,GOW N 92ND STREET - 7TH AVENUE
38.52,139,Queens,QMT W Toll Plaza - Manhattan Side
47.22,56,Staten Island,SIE E SOUTH AVENUE - RICHMOND AVENUE
53.43,309,Queens,CVE NB GCP - WILLETS PT BLVD
29.2,171,Manhattan,LINCOLN TUNNEL W NORTH TUBE NY - NJ
37.28,274,Manhattan,FDR S 25th St - Catherine Slip
54.05,85,Brooklyn,VNB E SI GANTRY UPPER LEVEL - BROOKLYN GANTRY UPPER LEVEL
53.43,87,Queens,BWB N Queens Anchorage - Toll Plaza
13.04,322,Bronx,CBE AMSTERDAM AVE (L/LVL) - MORRIS AVE
60.89,114,Staten Island,SIE W - WSE S SOUTH AVENUE - SOUTH AVENUE
53.43,73,Staten Island,SIE E RICHMOND AVENUE - WOOLEY AVENUE
42.87,275,Queens,CIP N LIE ramp - TNB
48.46,91,Bronx,HRP N LAFAYETTE AVENUE - E TREMONT AVENUE
0.0,0,Staten Island,ROUTE 169 S - MLK WALKER STREET
36.03,74,Queens,TNB S Qns Anchorage - CIP S @ TNB
26.09,193,Bronx,MDE N RFK Bridge - 142nd St
60.27,82,Queens,LIE W 108TH ST - 84TH ST
0.0,0,Manhattan,Westside Hwy S GWB - 57th St
33.55,112,Queens,Belt Pkwy W 182nd St - JFK Expressway
13.67,385,Queens,VWE N MP8.64 (Exit 13 Northern Blvd) - Whitestone Expwy Exit 14 (Linden Pl)
61.51,178,Queens,CIP S LIE - Hempstead Tpk
55.92,95,Queens,VWE N MP8.64 (Exit 13 Northern Blvd) - Whitestone Expwy Exit 14 (Linden Pl)
14.29,374,Manhattan,11th ave n ganservoort - 12th ave @ 40th st
15.53,316,Queens,LIE W 108TH ST - 84TH ST
59.65,83,Staten Island,WSE N BLOOMUINGDALE ROAD - ARDEN AVENUE
13.67,596,Bronx,CBE W U/LEV AMSTERDAM AVE - I95 S EXP LNS
47.22,232,Queens,CIP N Hempstead Tpk - LIE
33.55,192,Queens,Whitestone Expwy N Exit 14 (Linden Pl) - BWB N Queens Anchorage
14.29,267,Queens,LIE WB LITTLE NECK PKWY - NB CIP
21.12,117,Bronx,HRP S Lafayette Ave - BWB S Toll Plaza
30.44,85,Manhattan,FDR S Catherine Slip - BKN Bridge Manhattan Side
56.54,292,Queens,CVE NB GCP - WILLETS PT BLVD
49.7,93,Brooklyn,VNB E SI GANTRY LOWER LEVEL - BROOLKYN GANTRY LOWER LEVEL
45.36,63,Staten Island,WSE S SOUTH AVENUE - VICTORY BOULEVARD
41.01,121,Manhattan,LINCOLN TUNNEL W NORTH TUBE NY - NJ
47.84,89,Brooklyn,GOW N 92ND STREET - 7TH AVENUE
0.0,0,Queens,BE S TBB EXIT RAMP - QUEENS ANCHORAGE
52.81,118,Staten Island,WSE S BLLOMINGDALE ROAD - TYRELLAN AVENUE
36.03,198,Queens,BE S TBB EXIT RAMP - QUEENS ANCHORAGE
6.83,788,Manhattan,LINCOLN TUNNEL E SOUTH TUBE - NJ - NY
55.92,99,Queens,Whitestone Expwy S Exit 14 (Linden Pl) - VWE S MP8.65 (Exit 13 Northern Blvd)
49.7,86,Brooklyn,GOW N 92ND STREET - 7TH AVENUE
0.0,0,Queens,VWE N MP6.39 (Exit 11 Jewel Ave) - MP8.65 (Exit 13 Northern Blvd)
46.6,49,Staten Island,SIE E VNB E FINGERBOARD ROAD - SI GANTRY UPPER LEVEL
0.0,0,Queens,BWB S Queens Anchorage - WSE S Exit 14 (Linden Pl)
22.36,105,Manhattan,FDR N - TBB E 116TH STREET - MANHATTAN TRUSS
58.4,197,Queens,CIP N TNB - Whitestone Expwy S Exit 14 (Linden Pl)
39.76,63,Bronx,HRP S Lafayette Ave - BWB S Toll Plaza
52.19,51,Staten Island,SIE E SOUTH AVENUE - RICHMOND AVENUE
57.16,56,Staten Island,WSE N VICTORY BLVD - SOUTH AVENUE
0.0,0,Brooklyn,GOW N 9TH STREET - ATLANTIC AVENUE
49.7,155,Staten Island,WSE S TYRELLAN AVENUE - 440 S FRANCIS STREET
11.18,623,Brooklyn,BQE S 46TH STREET - LEONARD STREET
8.07,505,Bronx,CBE W MORRIS AVE - GWB W AMSTERDAM AVE (U/LVL)
47.22,45,Staten island,VNB W-SIE W SI GANTRY UPPER LEVEL - FINGERBOARD ROAD
41.63,198,Bronx,CBE E CASTLE HILL AVE - BE N WATERBURY AVE
50.95,140,Brooklyn,BQE N LEONARD STREET - 46TH STREET
12.42,552,Manhattan,FDR N 25th - 63rd St
16.15,166,Staten Island,SIE E SOUTH AVENUE - RICHMOND AVENUE
42.25,161,Manhattan,FDR N 25th - 63rd St
5.59,940,Manhattan,West St S Spring St - BBT Manhattan Portal outbound
13.67,457,Manhattan,BBT W Toll Plaza - Manhattan Portal
22.36,235,Manhattan,QMT E Manhattan Side - Toll Plaza
47.84,97,Brooklyn,VNB W BROOKLYN GANTRY UPPER LEVEL - SI GANTRY UPPER LEVEL
45.36,261,Queens,CIP N LIE ramp - TNB
52.81,40,Staten Island,VNB W-SIE W SI GANTRY LOWER LEVEL - FINGERBOARD ROAD
18.64,133,Bronx,HRP S Lafayette Ave - BWB S Toll Plaza
55.92,79,Bronx,BE S CASTLE HILL AVENUE - STRATFORD AVENUE
50.33,28,Staten Island,SIE W BRADLEY AVENUE - WOOLEY AVENUE
9.32,1105,Queens,VWE S MP2.66 (Exit 2 Rockaway Blvd) - Belt Pkwy E 182nd St
43.49,163,Brooklyn,BQE N LEONARD STREET - 46TH STREET
55.3,80,Bronx,BE S CASTLE HILL AVENUE - STRATFORD AVENUE
7.45,411,Manhattan,12th Ave N 40th - 57th St
54.05,46,Bronx,CBE E TAYLOR AVENUE - CASTLE HILL AVENUE
45.98,55,Bronx,CBE E TAYLOR AVENUE - CASTLE HILL AVENUE
50.33,183,Queens,Laurelton Pkwy S @ SSP - Belt Pkwy W 182nd St
8.07,476,Brooklyn,BQE S - GOW S ALTANTIC AVENUE - 9TH STREET
53.43,100,Queens,VWE S MP8.65 (Exit 13 Northern Blvd) - MP6.39 (Exit 11 Jewel Ave)
49.7,158,Staten Island,WSE N ARDEN AVENUE - VICTORY BLVD
0.0,0,Brooklyn,BQE S - GOW S ALTANTIC AVENUE - 9TH STREET
40.38,57,Staten Island,SIE E VNB E FINGERBOARD ROAD - SI GANTRY LOWER LEVEL
28.58,83,Manhattan,TBB W - FDR S MANHATTAN TRUSS - E116TH STREET
29.2,233,Manhattan,FDR N 25th - 63rd St
53.43,124,Staten Island,SIE E BRADLEY AVENUE - CLOVE ROAD
47.22,145,Manhattan,FDR N 25th - 63rd St
34.79,112,Staten Island,SIE W WOOLEY AVENUE - RICHMOND AVENUE
15.53,1033,Queens,CIP NB GCP - TNB
44.73,88,Queens,LIE WB LITTLE NECK PKWY - NB CIP
48.46,150,Queens,TBB N QUEENS ANCHORAGE - BE N
44.73,47,Brooklyn,VNB E-GOWANUS N BROOKLYN GANTRY LOWER LEVEL - 92ND STREET
0.0,0,Manhattan,BQE N Atlantic Ave - MAN Bridge Manhattan Side
52.19,147,Staten Island,440 N FRANCIS STREET - WSE N TYRELLAN AVE
39.14,60,Manhattan,FDR N - TBB E 116TH STREET - MANHATTAN TRUSS
0.0,0,Manhattan,FDR N 25th - 63rd St
51.57,76,Staten Island,SIE W WOOLEY AVENUE - RICHMOND AVENUE
42.87,174,Bronx,BE S Griswold - Castle Hill Avenue
57.78,46,Staten Island,SIE E SOUTH AVENUE - RICHMOND AVENUE
56.54,44,Bronx,CBE E TAYLOR AVENUE - CASTLE HILL AVENUE
10.56,645,Manhattan,FDR N 25th - 63rd St
57.16,46,Staten Island,SIE E SOUTH AVENUE - RICHMOND AVENUE
19.88,122,Manhattan,TBB W - FDR S MANHATTAN TRUSS - E116TH STREET
46.6,169,Staten Island,WSE N ARDEN AVENUE - VICTORY BLVD
66.48,59,Staten Island,SIE W WOOLEY AVENUE - RICHMOND AVENUE
25.47,425,Queens,CVE NB LIE - WILLETS PT BLVD
55.92,294,Queens,CVE NB GCP - WILLETS PT BLVD
34.17,64,Queens,CIP N ramp to TNB - TNB Queens Anchorage
36.66,204,Bronx,BE S Griswold - Castle Hill Avenue
60.89,123,Bronx,BE S Griswold - Castle Hill Avenue
13.67,383,Manhattan,QMT E Manhattan Side - Toll Plaza
18.01,535,Queens,LIE WB LITTLE NECK PKWY - NB CVE
53.43,147,Staten Island,WSE N ARDEN AVENUE - VICTORY BLVD
44.11,155,Manhattan,FDR N 25th - 63rd St
52.19,146,Staten Island,WSE S TYRELLAN AVENUE - 440 S FRANCIS STREET
0.0,0,Manhattan,BQE N Atlantic Ave - BKN Bridge Manhattan Side
13.67,337,Brooklyn,VNB E SI GANTRY UPPER LEVEL - BROOKLYN GANTRY UPPER LEVEL
0.0,0,Queens,VWE S MP8.65 (Exit 13 Northern Blvd) - MP6.39 (Exit 11 Jewel Ave)
0.0,0,Staten Island,MLK N WALKER STREET - NJ ROUTE 169
54.05,303,Queens,CVE NB GCP - WILLETS PT BLVD
52.19,112,Staten Island,SIE W FINGERBOARD ROAD - CLOVE ROAD
0.0,0,Brooklyn,BQE S - GOW S ALTANTIC AVENUE - 9TH STREET
26.09,203,Queens,QMT W Toll Plaza - Manhattan Side
52.81,181,Queens,LIE WB LITTLE NECK PKWY - NB CVE
32.93,168,Bronx,BRP N WATSON AVENUE - FORDHAM ROAD
44.73,167,Bronx,BE N Castle Hill Avenue - Griswold Ave
54.68,68,Queens,Belt Pkwy W 182nd St - JFK Expressway
52.81,118,Staten Island,WSE S BLLOMINGDALE ROAD - TYRELLAN AVENUE
38.52,177,Manhattan,FDR S 63rd - 25th St
59.65,75,Bronx,HRP N LAFAYETTE AVENUE - E TREMONT AVENUE
58.4,85,Staten Island,WSE N BLOOMUINGDALE ROAD - ARDEN AVENUE
0.0,0,Queens,TBB N QUEENS ANCHORAGE - MANHATTAN LIFT SPAN
0.0,0,Manhattan,LINCOLN TUNNEL E SOUTH TUBE - NJ - NY
37.9,285,Queens,CVE NB LIE - WILLETS PT BLVD
51.57,76,Staten Island,SIE E RICHMOND AVENUE - WOOLEY AVENUE
8.07,604,Bronx,MDE N RFK Bridge - 142nd St
52.81,148,Staten Island,WSE N ARDEN AVENUE - VICTORY BLVD
0.0,0,Manhattan,BQE N Atlantic Ave - MAN Bridge Manhattan Side
50.95,56,Staten Island,WSE S SOUTH AVENUE - VICTORY BOULEVARD
36.03,118,Bronx,CBE AMSTERDAM AVE (L/LVL) - MORRIS AVE
0.0,0,Manhattan,BQE N Atlantic Ave - MAN Bridge Manhattan Side
0.0,0,Staten Island,ROUTE 169 S - MLK WALKER STREET
50.95,90,Brooklyn,VNB E SI GANTRY LOWER LEVEL - BROOLKYN GANTRY LOWER LEVEL
47.22,250,Queens,CIP N LIE ramp - TNB
16.77,152,Bronx,CBE W CASTLE HILL AVENUE - TAYLOR AVENUE
0.0,0,Manhattan,BQE N Atlantic Ave - BKN Bridge Manhattan Side
34.79,158,Bronx,BRP N WATSON AVENUE - FORDHAM ROAD
15.53,294,Bronx,BWB S Toll Plaza - Queens Anchorage
54.68,81,Bronx,HRP N LAFAYETTE AVENUE - E TREMONT AVENUE
34.79,335,Queens,CIP N LIE ramp - TNB
41.63,157,Staten Island,SIE E BRADLEY AVENUE - CLOVE ROAD
55.3,84,Bronx,BWB S Toll Plaza - Queens Anchorage
47.22,140,Staten Island,SIE E BRADLEY AVENUE - CLOVE ROAD
0.0,0,Queens,Belt Pkwy W JFK Expressway - VWE N Jamaica Ave
46.6,235,Queens,CIP S LIE - Hempstead Tpk
36.03,551,Manhattan,Westside Hwy N 57th St - GWB
62.13,112,Staten Island,SIE W - WSE S SOUTH AVENUE - SOUTH AVENUE
11.18,450,Bronx,MDE N RFK Bridge - 142nd St
50.33,116,Staten Island,SIE W FINGERBOARD ROAD - CLOVE ROAD
54.68,91,Staten Island,WSE N BLOOMUINGDALE ROAD - ARDEN AVENUE
48.46,168,Bronx,I-87 NYST S Exit 1 - MDE S Van Cortlandt Park
43.49,106,Bronx,BWB S Toll Plaza - Queens Anchorage
41.63,51,Brooklyn,VNB E-GOWANUS N BROOKLYN GANTRY LOWER LEVEL - 92ND STREET
65.86,78,Staten Island,WSE S ARDEN AVENUE - BLOOMINGDALE ROAD
0.0,0,Staten Island,SIE E-MLK N RICHMOND AVENUE - WALKER STREET
48.46,102,Queens,LIE W 108TH ST - 84TH ST
21.12,207,Bronx,MDE S HARLEM RIVER PARK - GWB W AMSTERDAM AVENUE UPPER LEVEL
38.52,55,Brooklyn,VNB E-GOWANUS N BROOKLYN GANTRY UPPER LEVEL - 92ND STREET
21.12,237,Manhattan,LINCOLN TUNNEL W NORTH TUBE NY - NJ
59.65,84,Queens,LIE E 84TH ST - 108TH ST
58.4,67,Staten Island,SIE E RICHMOND AVENUE - WOOLEY AVENUE
55.3,116,Queens,BWB S Queens Anchorage - WSE S Exit 14 (Linden Pl)
13.04,249,Manhattan,12th Ave N 40th - 57th St
18.64,488,Queens,Belt Pkwy E 182nd St - Laurelton Pkwy N @ SSP
50.95,140,Queens,MDE S TBB EXIT RAMP - QUEENS ANCHORAGE
44.73,47,Staten Island,VNB W-SIE W SI GANTRY LOWER LEVEL - FINGERBOARD ROAD
53.43,50,Staten Island,SIE E SOUTH AVENUE - RICHMOND AVENUE
45.98,93,Bronx,CBE W MORRIS AVE - GWB W AMSTERDAM AVE (U/LVL)
19.88,512,Manhattan,FDR N Catherine Slip - 25th St
38.52,238,Queens,Belt Pkwy E 182nd St - Laurelton Pkwy N @ SSP
52.81,88,Brooklyn,VNB E SI GANTRY LOWER LEVEL - BROOLKYN GANTRY LOWER LEVEL
56.54,82,Queens,BWB N Queens Anchorage - Toll Plaza
34.79,336,Queens,CIP N LIE ramp - TNB
22.99,294,Queens,VWE S MP4.63 (Exit 6 Jamaica Ave) - MP2.66 (Exit 2 Roackaway Blvd)
34.79,186,Manhattan,BBT W Toll Plaza - Manhattan Portal
50.95,139,Brooklyn,BQE N LEONARD STREET - 46TH STREET
31.68,83,Staten Island,SIE E SOUTH AVENUE - RICHMOND AVENUE
0.0,0,Brooklyn,BQE S - GOW S ALTANTIC AVENUE - 9TH STREET
34.79,196,Queens,VWE S MP4.63 (Exit 6 Jamaica Ave) - MP2.66 (Exit 2 Roackaway Blvd)
0.0,0,Bronx,CBE W L/LE V AMSTERDAM AVE - I 95 S LOC LNS
47.84,45,Brooklyn,VNB E-GOWANUS N BROOKLYN GANTRY UPPER LEVEL - 92ND STREET
57.16,107,Staten Island,WSE N-SIE E SOUTH AVENUE - SOUTH AVENUE
31.06,83,Manhattan,BKN Bridge Manhattan Side - FDR N Catherine Slip
19.26,350,Manhattan,FDR S 63rd - 25th St
40.38,57,Staten Island,SIE E VNB E FINGERBOARD ROAD - SI GANTRY LOWER LEVEL
48.46,110,Queens,VWE N MP6.39 (Exit 11 Jewel Ave) - MP8.65 (Exit 13 Northern Blvd)
27.96,231,Manhattan,BBT E Manhattan Portal - Toll Plaza
47.84,46,Queens,CIP N ramp to TNB - TNB Queens Anchorage
44.11,57,Bronx,CBE W CASTLE HILL AVENUE - TAYLOR AVENUE
6.83,752,Manhattan,11th ave n ganservoort - 12th ave @ 40th st
33.55,80,Queens,TNB S Qns Anchorage - CIP S @ TNB
13.04,528,Queens,VWE S MP4.63 (Exit 6 Jamaica Ave) - MP2.66 (Exit 2 Roackaway Blvd)
43.49,49,Staten Island,VNB W-SIE W SI GANTRY LOWER LEVEL - FINGERBOARD ROAD
39.14,54,Staten Island,VNB W-SIE W SI GANTRY LOWER LEVEL - FINGERBOARD ROAD
11.8,387,Bronx,BWB S Toll Plaza - Queens Anchorage
48.46,55,Queens,TNB S Qns Anchorage - CIP S @ TNB
0.0,0,Brooklyn,BQE S - GOW S ALTANTIC AVENUE - 9TH STREET
47.22,94,Bronx,BE S CASTLE HILL AVENUE - STRATFORD AVENUE
42.25,258,Queens,CIP S LIE - Hempstead Tpk
54.68,118,Queens,BWB S Queens Anchorage - WSE S Exit 14 (Linden Pl)
41.63,165,Queens,VWE S MP4.63 (Exit 6 Jamaica Ave) - MP2.66 (Exit 2 Roackaway Blvd)
24.85,299,Bronx,BE N Castle Hill Avenue - Griswold Ave
45.98,46,Brooklyn,GOW S VNB W 92ND STREET - BKLYN GANTRY UPPER LEVEL
13.04,936,Queens,Belt Pkwy W JFK Expressway - VWE N Jamaica Ave
49.08,86,Bronx,CBE E AMSTERDAM AVE(U/LVL) - MORRIS AVE
51.57,133,Queens,TNB N Queens Anchorage - Toll Plaza
37.28,240,Queens,VWE N MP4.63 (Exit 6 - Jamaica Ave) - MP6.39 (Exit 11 Jewel Ave)
45.98,117,Queens,VWE S MP8.65 (Exit 13 Northern Blvd) - MP6.39 (Exit 11 Jewel Ave)
38.52,143,Bronx,BRP N WATSON AVENUE - FORDHAM ROAD
47.22,98,Queens,BWB N Queens Anchorage - Toll Plaza
19.88,375,Queens,TBB S MANHATTAN LIFT SPAN - QUEENS ANCHORAGE
19.88,323,Queens,Whitestone Expwy N Exit 14 (Linden Pl) - BWB N Queens Anchorage
52.19,89,Brooklyn,VNB W BROOKLYN GANTRY LOWER LEVEL - SI GANTRY LOWER LEVEL
43.49,58,Bronx,HRP S Lafayette Ave - BWB S Toll Plaza
46.6,30,Staten Island,SIE W BRADLEY AVENUE - WOOLEY AVENUE
41.01,52,Staten island,VNB W-SIE W SI GANTRY UPPER LEVEL - FINGERBOARD ROAD
17.39,321,Manhattan,West St S Spring St - BBT Manhattan Portal outbound
55.3,84,Brooklyn,VNB W BROOKLYN GANTRY UPPER LEVEL - SI GANTRY UPPER LEVEL
49.08,51,Bronx,BWB N Toll Plaza - HRP N Lafayatte Ave
41.63,474,Manhattan,Westside Hwy N 57th St - GWB
57.16,160,Queens,Belt Pkwy E 182nd St - Laurelton Pkwy N @ SSP
37.28,528,Manhattan,Westside Hwy S GWB - 57th St
0.0,0,Queens,BE S TBB EXIT RAMP - QUEENS ANCHORAGE
56.54,78,Bronx,HRP N LAFAYETTE AVENUE - E TREMONT AVENUE
12.42,344,Brooklyn,GOW N 92ND STREET - 7TH AVENUE
50.95,129,Staten Island,SIE E BRADLEY AVENUE - CLOVE ROAD
21.12,335,Brooklyn,BQE N LEONARD STREET - 46TH STREET
43.49,169,Manhattan,GWB E LOWER LEVEL PLAZA - CBE E LOWER LEVEL AMSTERDAM AVE
56.54,139,Staten Island,WSE S VICTORY BOULEVARD - ARDEN AVENUE
47.22,105,Queens,LIE W 108TH ST - 84TH ST
16.15,322,Manhattan,QMT E Manhattan Side - Toll Plaza
52.19,48,Bronx,CBE E TAYLOR AVENUE - CASTLE HILL AVENUE
16.15,322,Queens,VWE N MP6.39 (Exit 11 Jewel Ave) - MP8.65 (Exit 13 Northern Blvd)
40.38,200,Queens,TBB N QUEENS ANCHORAGE - MANHATTAN LIFT SPAN
10.56,1102,Queens,Belt Pkwy W JFK Expressway - VWE N Jamaica Ave
0.0,0,Brooklyn,BQE S 46TH STREET - LEONARD STREET
34.79,291,Manhattan,FDR S 25th St - Catherine Slip
50.95,108,Staten Island,SIE E CLOVE ROAD - FINGERBOARD ROAD
18.64,395,Queens,TBB S MANHATTAN LIFT SPAN - QUEENS ANCHORAGE
47.84,134,Queens,BWB S Queens Anchorage - WSE S Exit 14 (Linden Pl)
8.69,488,Bronx,MDE S HARLEM RIVER PARK - GWB W AMSTERDAM AVENUE LOWER LEVEL
49.7,219,Queens,CVE NB LIE - WILLETS PT BLVD
29.82,240,Queens,TBB N QUEENS ANCHORAGE - BE N
45.36,102,Brooklyn,VNB W BROOKLYN GANTRY UPPER LEVEL - SI GANTRY UPPER LEVEL
0.0,0,Staten Island,ROUTE 169 S - MLK WALKER STREET
35.41,151,Manhattan,QMT E Manhattan Side - Toll Plaza
57.78,159,Queens,Belt Pkwy E 182nd St - Laurelton Pkwy N @ SSP
56.54,139,Staten Island,WSE N ARDEN AVENUE - VICTORY BLVD
31.06,143,Bronx,MDE S HARLEM RIVER PARK - GWB W AMSTERDAM AVENUE LOWER LEVEL
11.18,238,Queens,TNB S Qns Anchorage - CIP S @ TNB
35.41,552,Manhattan,Westside Hwy N 57th St - GWB
16.15,164,Staten Island,SIE E SOUTH AVENUE - RICHMOND AVENUE
39.76,40,Staten Island,SIE E WOOLEY AVENUE - BRADLEY AVENUE
59.65,117,Staten Island,SIE W - WSE S SOUTH AVENUE - SOUTH AVENUE
49.7,32,Staten Island,SIE E WOOLEY AVENUE - BRADLEY AVENUE
22.99,309,Queens,MDE S TBB EXIT RAMP - QUEENS ANCHORAGE
54.68,138,Queens,CIP S Hempstead Tpk - Laurelton Pkwy @ SSP
52.81,87,Brooklyn,VNB E SI GANTRY LOWER LEVEL - BROOLKYN GANTRY LOWER LEVEL
60.27,44,Staten Island,SIE E SOUTH AVENUE - RICHMOND AVENUE
14.29,450,Manhattan,BBT W Toll Plaza - Manhattan Portal
13.67,238,Manhattan,12th Ave N 40th - 57th St
54.05,139,Staten Island,WSE N TYRELLAN AVENUE - BLOOMINGDALE ROAD
0.0,0,Queens,BE S TBB EXIT RAMP - QUEENS ANCHORAGE
49.08,156,Staten Island,WSE S TYRELLAN AVENUE - 440 S FRANCIS STREET
11.8,470,Manhattan,LINCOLN TUNNEL E CENTER TUBE NJ - NY
0.0,0,Queens,BE S TBB EXIT RAMP - QUEENS ANCHORAGE
24.23,96,Manhattan,FDR N - TBB E 116TH STREET - MANHATTAN TRUSS
45.36,47,Brooklyn,GOW S VNB W 92ND STREET - BKLYN GANTRY LOWER LEVEL
0.0,0,Manhattan,BQE N Atlantic Ave - BKN Bridge Manhattan Side
64.62,126,Bronx,I-87 NYST S Exit 1 - MDE S Van Cortlandt Park
47.22,45,Brooklyn,GOW S VNB W 92ND STREET - BKLYN GANTRY UPPER LEVEL
46.6,61,Staten Island,SIE W RICHMOND AVENUE - SOUTH AVENUE
57.16,133,Queens,CIP S Hempstead Tpk - Laurelton Pkwy @ SSP
34.79,315,Queens,CIP S LIE - Hempstead Tpk
0.0,0,Manhattan,BQE N Atlantic Ave - BKN Bridge Manhattan Side
34.79,160,Manhattan,LINCOLN TUNNEL W CENTER TUBE NY - NJ
50.95,148,Queens,CIP S Hempstead Tpk - Laurelton Pkwy @ SSP
60.89,97,Staten Island,SIE W FINGERBOARD ROAD - CLOVE ROAD
46.6,165,Staten Island,440 N FRANCIS STREET - WSE N TYRELLAN AVE
13.04,243,Manhattan,12th Ave N 40th - 57th St
40.38,170,Manhattan,FDR N 25th - 63rd St
0.0,0,Bronx,CBE W L/LE V AMSTERDAM AVE - I 95 S LOC LNS
42.87,49,Brooklyn,GOW S VNB W 92ND STREET - BKLYN GANTRY UPPER LEVEL
50.33,43,Queens,CIP N ramp to TNB - TNB Queens Anchorage
42.87,160,Manhattan,FDR S 63rd - 25th St
16.15,425,Manhattan,FDR S 63rd - 25th St
17.39,367,Manhattan,12th ave @ 45th - 11 ave ganservoort st
62.75,62,Staten Island,SIE W WOOLEY AVENUE - RICHMOND AVENUE
38.52,78,Queens,BE S TBB EXIT RAMP - MANHATTAN LIFT SPAN
6.83,914,Manhattan,12th ave @ 45th - 11 ave ganservoort st
36.03,63,Staten Island,SIE E VNB E FINGERBOARD ROAD - SI GANTRY LOWER LEVEL
42.87,174,Queens,TBB S MANHATTAN LIFT SPAN - QUEENS ANCHORAGE
53.43,116,Staten Island,WSE S BLLOMINGDALE ROAD - TYRELLAN AVENUE
45.36,151,Manhattan,FDR N 25th - 63rd St
11.18,560,Manhattan,BBT W Toll Plaza - Manhattan Portal
50.95,49,Bronx,BWB N Toll Plaza - HRP N Lafayatte Ave
54.05,70,Queens,Belt Pkwy W 182nd St - JFK Expressway
46.6,137,Queens,BWB S Queens Anchorage - WSE S Exit 14 (Linden Pl)
0.0,0,Brooklyn,GOW S 9TH STREET - 7TH AVENUE
51.57,138,Brooklyn,BQE S 46TH STREET - LEONARD STREET
37.9,58,Queens,CIP N ramp to TNB - TNB Queens Anchorage
14.91,289,Brooklyn,GOW N 92ND STREET - 7TH AVENUE
27.34,298,Queens,TBB N QUEENS ANCHORAGE - MANHATTAN LIFT SPAN
31.68,226,Brooklyn,BQE S 46TH STREET - LEONARD STREET
37.28,218,Bronx,I-87 NYST S Exit 1 - MDE S Van Cortlandt Park
39.76,202,Queens,TBB N QUEENS ANCHORAGE - MANHATTAN LIFT SPAN
45.98,113,Staten Island,WSE S ARDEN AVENUE - BLOOMINGDALE ROAD
45.98,47,Queens,CIP N ramp to TNB - TNB Queens Anchorage
37.28,185,Queens,TNB N Queens Anchorage - Toll Plaza
61.51,127,Staten Island,WSE N ARDEN AVENUE - VICTORY BLVD
51.57,114,Staten Island,SIE W FINGERBOARD ROAD - CLOVE ROAD
57.16,134,Staten Island,440 N FRANCIS STREET - WSE N TYRELLAN AVE
48.46,133,Queens,BWB S Queens Anchorage - WSE S Exit 14 (Linden Pl)
53.43,139,Manhattan,GWB E LOWER LEVEL PLAZA - CBE E LOWER LEVEL AMSTERDAM AVE
39.14,277,Queens,CVE NB LIE - WILLETS PT BLVD
58.4,157,Queens,Laurelton Pkwy S @ SSP - Belt Pkwy W 182nd St
60.27,42,Bronx,CBE E TAYLOR AVENUE - CASTLE HILL AVENUE
7.45,657,Bronx,MDE N RFK Bridge - 142nd St
43.49,49,Brooklyn,VNB E-GOWANUS N BROOKLYN GANTRY LOWER LEVEL - 92ND STREET
57.78,284,Queens,CVE NB GCP - WILLETS PT BLVD
24.85,221,Manhattan,LINCOLN TUNNEL W CENTER TUBE NY - NJ
11.8,540,Manhattan,BBT W Toll Plaza - Manhattan Portal
55.92,133,Bronx,BE S Griswold - Castle Hill Avenue
33.55,249,Bronx,CBE W U/LEV AMSTERDAM AVE - I95 S EXP LNS
18.01,493,Queens,VWE N MP4.63 (Exit 6 - Jamaica Ave) - MP6.39 (Exit 11 Jewel Ave)
45.36,59,Queens,TNB S Qns Anchorage - CIP S @ TNB
48.46,148,Brooklyn,BQE N LEONARD STREET - 46TH STREET
59.65,137,Bronx,I-87 NYST S Exit 1 - MDE S Van Cortlandt Park
55.92,196,Queens,CVE NB LIE - WILLETS PT BLVD
50.33,56,Staten Island,WSE S SOUTH AVENUE - VICTORY BOULEVARD
54.05,70,Queens,Belt Pkwy W 182nd St - JFK Expressway
52.81,48,Bronx,CBE E TAYLOR AVENUE - CASTLE HILL AVENUE
51.57,83,Bronx,CBE W MORRIS AVE - GWB W AMSTERDAM AVE (U/LVL)
32.93,184,Staten Island,WSE N-SIE E SOUTH AVENUE - SOUTH AVENUE
11.18,288,Manhattan,11th ave s ganservoort - west st @ spring st
8.69,778,Queens,VWE S MP4.63 (Exit 6 Jamaica Ave) - MP2.66 (Exit 2 Roackaway Blvd)
0.0,0,Staten Island,MLK S - SIE W WALKER STREET - RICHMOND AVENUE
4.97,416,Manhattan,12th Ave S 57th St - 45th St
52.19,89,Brooklyn,VNB E SI GANTRY LOWER LEVEL - BROOLKYN GANTRY LOWER LEVEL
53.43,128,Queens,TNB S Toll Plaza - Queens Anchorage
32.31,171,Bronx,BRP N WATSON AVENUE - FORDHAM ROAD
21.74,150,Manhattan,11th ave s ganservoort - west st @ spring st
51.57,76,Staten Island,SIE E RICHMOND AVENUE - WOOLEY AVENUE
36.03,191,Queens,VWE S MP4.63 (Exit 6 Jamaica Ave) - MP2.66 (Exit 2 Roackaway Blvd)
7.45,305,Manhattan,12th Ave S 57th St - 45th St
39.76,60,Manhattan,FDR N - TBB E 116TH STREET - MANHATTAN TRUSS
38.52,102,Queens,LIE WB LITTLE NECK PKWY - NB CIP
60.27,135,Bronx,I-87 NYST S Exit 1 - MDE S Van Cortlandt Park
52.19,126,Staten Island,SIE E BRADLEY AVENUE - CLOVE ROAD
24.85,262,Manhattan,BBT E Manhattan Portal - Toll Plaza
40.38,133,Queens,QMT W Toll Plaza - Manhattan Side
11.18,580,Manhattan,BBT W Toll Plaza - Manhattan Portal
57.78,120,Staten Island,SIE W - WSE S SOUTH AVENUE - SOUTH AVENUE
0.0,0,Staten Island,MLK N WALKER STREET - NJ ROUTE 169
47.84,164,Staten Island,WSE S VICTORY BOULEVARD - ARDEN AVENUE
0.0,0,Staten Island,SIE W - MLK N WOOLEY AVENUE - WLAKER STREET
0.0,0,Bronx,BRP S FORDHAM ROAD - WATSON AVENUE
40.38,53,Brooklyn,VNB E-GOWANUS N BROOKLYN GANTRY LOWER LEVEL - 92ND STREET
50.33,50,Bronx,CBE E TAYLOR AVENUE - CASTLE HILL AVENUE
55.92,293,Queens,CVE NB GCP - WILLETS PT BLVD
59.03,117,Staten Island,SIE W - WSE S SOUTH AVENUE - SOUTH AVENUE
25.47,271,Queens,VWE S MP4.63 (Exit 6 Jamaica Ave) - MP2.66 (Exit 2 Roackaway Blvd)
50.33,31,Staten Island,SIE E WOOLEY AVENUE - BRADLEY AVENUE
56.54,121,Queens,TNB N Queens Anchorage - Toll Plaza
0.0,0,Queens,CIP S LIE - Hempstead Tpk
15.53,268,Bronx,CBE E AMSTERDAM AVE(U/LVL) - MORRIS AVE
37.28,82,Queens,BE S TBB EXIT RAMP - MANHATTAN LIFT SPAN
21.12,579,Queens,Belt Pkwy W JFK Expressway - VWE N Jamaica Ave
52.81,141,Staten Island,WSE N TYRELLAN AVENUE - BLOOMINGDALE ROAD
39.14,141,Manhattan,LINCOLN TUNNEL E CENTER TUBE NJ - NY
49.08,104,Bronx,MDE N RFK Bridge - 142nd St
42.87,62,Queens,TNB S Qns Anchorage - CIP S @ TNB
36.66,150,Bronx,BRP N WATSON AVENUE - FORDHAM ROAD
36.03,208,Bronx,BE S Griswold - Castle Hill Avenue
16.15,453,Manhattan,GWB E LOWER LEVEL PLAZA - CBE E LOWER LEVEL AMSTERDAM AVE
11.18,219,Bronx,CBE W CASTLE HILL AVENUE - TAYLOR AVENUE
20.5,341,Brooklyn,BQE N LEONARD STREET - 46TH STREET
52.19,131,Queens,TNB N Queens Anchorage - Toll Plaza
11.8,731,Queens,VWE S MP6.39 (Exit 11 Jewel Ave) - MP4.63 (Exit 6 Jamaica Ave)
37.28,526,Manhattan,Westside Hwy N 57th St - GWB
11.18,446,Queens,LIE W 108TH ST - 84TH ST
18.64,294,Manhattan,LINCOLN TUNNEL E SOUTH TUBE - NJ - NY
20.5,261,Manhattan,QMT E Manhattan Side - Toll Plaza
41.63,128,Queens,VWE N MP6.39 (Exit 11 Jewel Ave) - MP8.65 (Exit 13 Northern Blvd)
24.23,310,Queens,TBB S MANHATTAN LIFT SPAN - QUEENS ANCHORAGE
35.41,67,Manhattan,FDR N - TBB E 116TH STREET - MANHATTAN TRUSS
8.07,647,Manhattan,LINCOLN TUNNEL E SOUTH TUBE - NJ - NY
51.57,83,Brooklyn,GOW S 7TH AVENUE - 92ND STREET
21.12,320,Manhattan,FDR N 25th - 63rd St
59.03,66,Staten Island,SIE W WOOLEY AVENUE - RICHMOND AVENUE
40.38,96,Queens,LIE WB LITTLE NECK PKWY - NB CIP
52.81,135,Brooklyn,BQE S 46TH STREET - LEONARD STREET
59.03,66,Staten Island,SIE W WOOLEY AVENUE - RICHMOND AVENUE
55.92,28,Staten Island,SIE E WOOLEY AVENUE - BRADLEY AVENUE
50.33,85,Brooklyn,GOW N 92ND STREET - 7TH AVENUE
24.85,169,Bronx,CBE E AMSTERDAM AVE(U/LVL) - MORRIS AVE
54.68,49,Staten Island,SIE E SOUTH AVENUE - RICHMOND AVENUE
27.96,160,Bronx,MDE S HARLEM RIVER PARK - GWB W AMSTERDAM AVENUE LOWER LEVEL
47.22,98,Brooklyn,VNB E SI GANTRY LOWER LEVEL - BROOLKYN GANTRY LOWER LEVEL
47.84,112,Queens,VWE S MP8.65 (Exit 13 Northern Blvd) - MP6.39 (Exit 11 Jewel Ave)
46.6,45,Staten Island,VNB W-SIE W SI GANTRY LOWER LEVEL - FINGERBOARD ROAD
6.21,506,Manhattan,12th Ave N 40th - 57th St
36.66,203,Bronx,BE S Griswold - Castle Hill Avenue
38.52,177,Manhattan,FDR S 63rd - 25th St
59.65,77,Bronx,BE N STRATFORD AVENUE - CASTLE HILL AVE
59.03,103,Staten Island,WSE N-SIE E SOUTH AVENUE - SOUTH AVENUE
18.01,383,Queens,TNB S Toll Plaza - Queens Anchorage
38.52,144,Bronx,BRP N WATSON AVENUE - FORDHAM ROAD
29.2,397,Queens,CIP N TNB - Whitestone Expwy S Exit 14 (Linden Pl)
6.83,804,Manhattan,LINCOLN TUNNEL E SOUTH TUBE - NJ - NY
49.7,111,Queens,Whitestone Expwy S Exit 14 (Linden Pl) - VWE S MP8.65 (Exit 13 Northern Blvd)
0.0,0,Queens,BE S TBB EXIT RAMP - QUEENS ANCHORAGE
44.73,48,Brooklyn,GOW S VNB W 92ND STREET - BKLYN GANTRY LOWER LEVEL
54.68,72,Staten Island,SIE E RICHMOND AVENUE - WOOLEY AVENUE
45.36,225,Manhattan,FDR S 25th St - Catherine Slip
13.04,428,Manhattan,West St S Spring St - BBT Manhattan Portal outbound
62.75,82,Staten Island,WSE S ARDEN AVENUE - BLOOMINGDALE ROAD
51.57,124,Queens,BWB S Queens Anchorage - WSE S Exit 14 (Linden Pl)
47.84,158,Queens,CIP S Hempstead Tpk - Laurelton Pkwy @ SSP
45.98,155,Queens,MDE S TBB EXIT RAMP - QUEENS ANCHORAGE
47.84,44,Brooklyn,VNB E-GOWANUS N BROOKLYN GANTRY UPPER LEVEL - 92ND STREET
54.68,52,Staten Island,WSE S SOUTH AVENUE - VICTORY BOULEVARD
47.84,89,Brooklyn,GOW S 7TH AVENUE - 92ND STREET
44.11,450,Manhattan,Westside Hwy N 57th St - GWB
0.0,0,Staten Island,MLK S - SIE W WALKER STREET - RICHMOND AVENUE
24.23,99,Manhattan,TBB W - FDR S MANHATTAN TRUSS - E116TH STREET
34.17,343,Queens,CIP N LIE ramp - TNB
54.68,137,Staten Island,WSE N TYRELLAN AVENUE - BLOOMINGDALE ROAD
57.78,104,Staten Island,WSE N-SIE E SOUTH AVENUE - SOUTH AVENUE
6.21,656,Bronx,CBE E AMSTERDAM AVE(U/LVL) - MORRIS AVE
25.47,102,Manhattan,FDR S Catherine Slip - BKN Bridge Manhattan Side
34.79,217,Queens,CIP S Hempstead Tpk - Laurelton Pkwy @ SSP
22.36,456,Manhattan,FDR N Catherine Slip - 25th St
21.12,204,Bronx,CBE E AMSTERDAM AVE(U/LVL) - MORRIS AVE
26.09,109,Staten Island,WSE S SOUTH AVENUE - VICTORY BOULEVARD
0.0,0,Brooklyn,GOW S 9TH STREET - 7TH AVENUE
52.19,103,Queens,VWE N MP6.39 (Exit 11 Jewel Ave) - MP8.65 (Exit 13 Northern Blvd)
42.87,117,Manhattan,LINCOLN TUNNEL W NORTH TUBE NY - NJ
16.15,326,Queens,QMT W Toll Plaza - Manhattan Side
54.05,72,Staten Island,SIE E RICHMOND AVENUE - WOOLEY AVENUE
18.64,295,Manhattan,LINCOLN TUNNEL E CENTER TUBE NJ - NY
46.6,96,Bronx,BE S CASTLE HILL AVENUE - STRATFORD AVENUE
0.0,0,Staten Island,SIE W - MLK N WOOLEY AVENUE - WLAKER STREET
57.16,87,Staten Island,WSE N BLOOMUINGDALE ROAD - ARDEN AVENUE
50.95,104,Queens,VWE N MP6.39 (Exit 11 Jewel Ave) - MP8.65 (Exit 13 Northern Blvd)
49.08,95,Brooklyn,VNB E SI GANTRY UPPER LEVEL - BROOKLYN GANTRY UPPER LEVEL
59.65,66,Staten Island,SIE E RICHMOND AVENUE - WOOLEY AVENUE
0.0,0,Brooklyn,GOW S 9TH STREET - 7TH AVENUE
57.16,161,Queens,Belt Pkwy E 182nd St - Laurelton Pkwy N @ SSP
46.6,92,Bronx,CBE AMSTERDAM AVE (L/LVL) - MORRIS AVE
52.19,177,Queens,Laurelton Pkwy S @ SSP - Belt Pkwy W 182nd St
49.08,95,Brooklyn,VNB W BROOKLYN GANTRY LOWER LEVEL - SI GANTRY LOWER LEVEL
36.03,59,Brooklyn,VNB E-GOWANUS N BROOKLYN GANTRY UPPER LEVEL - 92ND STREET
18.01,166,Queens,BE S TBB EXIT RAMP - MANHATTAN LIFT SPAN
66.48,77,Staten Island,WSE S ARDEN AVENUE - BLOOMINGDALE ROAD
14.91,640,Queens,LIE WB LITTLE NECK PKWY - NB CVE
23.61,304,Brooklyn,BQE N LEONARD STREET - 46TH STREET
56.54,82,Bronx,BE N STRATFORD AVENUE - CASTLE HILL AVE
0.0,0,Staten Island,SIE E-MLK N RICHMOND AVENUE - WALKER STREET
56.54,98,Queens,Whitestone Expwy S Exit 14 (Linden Pl) - VWE S MP8.65 (Exit 13 Northern Blvd)
40.38,136,Manhattan,LINCOLN TUNNEL E SOUTH TUBE - NJ - NY
55.3,149,Bronx,CBE E CASTLE HILL AVE - BE N WATERBURY AVE
42.87,50,Staten Island,VNB W-SIE W SI GANTRY LOWER LEVEL - FINGERBOARD ROAD
49.08,187,Queens,Laurelton Pkwy S @ SSP - Belt Pkwy W 182nd St
0.0,0,Staten Island,MLK S - SIE E WALKER STREET - WOOLEY AVENUE
24.23,226,Manhattan,LINCOLN TUNNEL E SOUTH TUBE - NJ - NY
44.11,105,Queens,BWB N Queens Anchorage - Toll Plaza
36.03,122,Bronx,MDE S HARLEM RIVER PARK - GWB W AMSTERDAM AVENUE LOWER LEVEL
23.61,234,Manhattan,LINCOLN TUNNEL E SOUTH TUBE - NJ - NY
44.73,443,Manhattan,Westside Hwy N 57th St - GWB
52.81,88,Brooklyn,VNB W BROOKLYN GANTRY LOWER LEVEL - SI GANTRY LOWER LEVEL
17.39,184,Manhattan,12th Ave N 40th - 57th St
19.26,288,Manhattan,LINCOLN TUNNEL E SOUTH TUBE - NJ - NY
49.7,86,Bronx,CBE E AMSTERDAM AVE(U/LVL) - MORRIS AVE
48.46,239,Queens,CIP N TNB - Whitestone Expwy S Exit 14 (Linden Pl)
60.89,97,Staten Island,SIE W FINGERBOARD ROAD - CLOVE ROAD
42.25,257,Queens,CVE NB LIE - WILLETS PT BLVD
65.86,48,Staten Island,WSE N VICTORY BLVD - SOUTH AVENUE
55.92,148,Bronx,CBE E CASTLE HILL AVE - BE N WATERBURY AVE
52.19,75,Staten Island,SIE E RICHMOND AVENUE - WOOLEY AVENUE
32.93,307,Manhattan,FDR S 25th St - Catherine Slip
23.61,314,Bronx,BE S Griswold - Castle Hill Avenue
55.92,140,Staten Island,WSE N ARDEN AVENUE - VICTORY BLVD
20.5,348,Brooklyn,BQE S 46TH STREET - LEONARD STREET
0.0,0,Brooklyn,GOW N 7TH AVENUE - 9TH STREET
0.0,0,Staten Island,MLK S - SIE E WALKER STREET - WOOLEY AVENUE
46.6,345,Queens,CIP NB GCP - TNB
55.3,84,Queens,BWB N Queens Anchorage - Toll Plaza
0.0,0,Manhattan,BQE N Atlantic Ave - MAN Bridge Manhattan Side
49.7,32,Staten Island,SIE E WOOLEY AVENUE - BRADLEY AVENUE
19.88,130,Manhattan,FDR S Catherine Slip - BKN Bridge Manhattan Side
32.93,218,Brooklyn,BQE S 46TH STREET - LEONARD STREET
0.0,0,Manhattan,BQE N Atlantic Ave - BKN Bridge Manhattan Side
52.19,88,Queens,BWB N Queens Anchorage - Toll Plaza
40.38,52,Brooklyn,GOW S VNB W 92ND STREET - BKLYN GANTRY UPPER LEVEL
54.68,81,Bronx,HRP N LAFAYETTE AVENUE - E TREMONT AVENUE
24.85,284,Brooklyn,BQE N LEONARD STREET - 46TH STREET
36.03,137,Queens,LIE W 108TH ST - 84TH ST
0.0,0,Staten Island,SIE E-MLK N RICHMOND AVENUE - WALKER STREET
37.9,520,Manhattan,Westside Hwy S GWB - 57th St
11.8,368,Bronx,MDE S HARLEM RIVER PARK - GWB W AMSTERDAM AVENUE UPPER LEVEL
40.38,52,Staten Island,VNB W-SIE W SI GANTRY LOWER LEVEL - FINGERBOARD ROAD
56.54,56,Staten Island,WSE N VICTORY BLVD - SOUTH AVENUE
8.69,514,Bronx,MDE S HARLEM RIVER PARK - GWB W AMSTERDAM AVENUE LOWER LEVEL
16.77,192,Manhattan,12th Ave N 40th - 57th St
47.84,44,Brooklyn,GOW S VNB W 92ND STREET - BKLYN GANTRY UPPER LEVEL
52.19,120,Staten Island,WSE S BLLOMINGDALE ROAD - TYRELLAN AVENUE
56.54,107,Staten Island,WSE N-SIE E SOUTH AVENUE - SOUTH AVENUE
0.0,0,Brooklyn,GOW N 9TH STREET - ATLANTIC AVENUE
16.15,164,Staten Island,SIE E SOUTH AVENUE - RICHMOND AVENUE
47.84,241,Queens,CIP N TNB - Whitestone Expwy S Exit 14 (Linden Pl)
41.63,475,Manhattan,Westside Hwy N 57th St - GWB
44.11,59,Manhattan,FDR S Catherine Slip - BKN Bridge Manhattan Side
0.0,0,Manhattan,BQE N Atlantic Ave - MAN Bridge Manhattan Side
49.08,80,Queens,LIE WB LITTLE NECK PKWY - NB CIP
16.15,308,Manhattan,LINCOLN TUNNEL W NORTH TUBE NY - NJ
35.41,155,Manhattan,LINCOLN TUNNEL W CENTER TUBE NY - NJ
59.65,66,Staten Island,SIE W WOOLEY AVENUE - RICHMOND AVENUE
0.0,0,Brooklyn,VNB E-GOWANUS N BROOKLYN GANTRY LOWER LEVEL - 92ND STREET
44.11,56,Bronx,HRP S Lafayette Ave - BWB S Toll Plaza
47.22,145,Manhattan,FDR S 63rd - 25th St
49.08,224,Queens,CIP N Hempstead Tpk - LIE
0.0,0,Brooklyn,BQE S - GOW S ALTANTIC AVENUE - 9TH STREET
33.55,128,Bronx,CBE E AMSTERDAM AVE(U/LVL) - MORRIS AVE
47.22,105,Queens,LIE E 84TH ST - 108TH ST
50.95,88,Bronx,HRP N LAFAYETTE AVENUE - E TREMONT AVENUE
44.11,262,Queens,CIP N TNB - Whitestone Expwy S Exit 14 (Linden Pl)
55.3,137,Queens,CIP S Hempstead Tpk - Laurelton Pkwy @ SSP
8.69,478,Bronx,MDE S HARLEM RIVER PARK - GWB W AMSTERDAM AVENUE UPPER LEVEL
55.3,97,Queens,VWE S MP8.65 (Exit 13 Northern Blvd) - MP6.39 (Exit 11 Jewel Ave)
59.65,87,Staten Island,WSE S ARDEN AVENUE - BLOOMINGDALE ROAD
58.4,48,Staten Island,SIE W RICHMOND AVENUE - SOUTH AVENUE
52.81,305,Queens,CIP NB GCP - TNB
0.0,0,Staten Island,SIE W - MLK N WOOLEY AVENUE - WLAKER STREET
40.38,291,Queens,CIP N LIE ramp - TNB
35.41,192,Manhattan,FDR N 25th - 63rd St
5.59,881,Manhattan,11th ave n ganservoort - 12th ave @ 40th st
26.71,259,Queens,VWE S MP4.63 (Exit 6 Jamaica Ave) - MP2.66 (Exit 2 Roackaway Blvd)
16.77,252,Bronx,MDE S HARLEM RIVER PARK - GWB W AMSTERDAM AVENUE UPPER LEVEL
58.4,85,Staten Island,WSE N BLOOMUINGDALE ROAD - ARDEN AVENUE
54.05,79,Brooklyn,GOW S 7TH AVENUE - 92ND STREET
0.0,0,Staten Island,MLK S - SIE W WALKER STREET - RICHMOND AVENUE
54.05,46,Bronx,BWB N Toll Plaza - HRP N Lafayatte Ave
19.88,363,Queens,MDE S TBB EXIT RAMP - QUEENS ANCHORAGE
44.73,111,Queens,LIE W 108TH ST - 84TH ST
0.0,0,Manhattan,BQE N Atlantic Ave - BKN Bridge Manhattan Side
62.75,111,Staten Island,SIE W - WSE S SOUTH AVENUE - SOUTH AVENUE
51.57,49,Bronx,HRP S Lafayette Ave - BWB S Toll Plaza
45.98,149,Queens,TNB N Queens Anchorage - Toll Plaza
59.03,186,Queens,CIP S LIE - Hempstead Tpk
52.81,84,Bronx,HRP N LAFAYETTE AVENUE - E TREMONT AVENUE
26.09,91,Manhattan,FDR N - TBB E 116TH STREET - MANHATTAN TRUSS
26.71,376,Manhattan,FDR S 25th St - Catherine Slip
59.65,78,Bronx,BE N STRATFORD AVENUE - CASTLE HILL AVE
21.74,329,Brooklyn,BQE N LEONARD STREET - 46TH STREET
56.54,88,Queens,LIE W 108TH ST - 84TH ST
57.16,161,Queens,Laurelton Pkwy S @ SSP - Belt Pkwy W 182nd St
21.12,256,Bronx,BRP N WATSON AVENUE - FORDHAM ROAD
48.46,198,Queens,LIE WB LITTLE NECK PKWY - NB CVE
0.0,0,Staten Island,MLK S - SIE E WALKER STREET - WOOLEY AVENUE
0.0,0,Bronx,BRP S FORDHAM ROAD - WATSON AVENUE
14.29,298,Bronx,MDE S HARLEM RIVER PARK - GWB W AMSTERDAM AVENUE UPPER LEVEL
47.22,45,Brooklyn,GOW S VNB W 92ND STREET - BKLYN GANTRY UPPER LEVEL
45.36,102,Brooklyn,VNB W BROOKLYN GANTRY LOWER LEVEL - SI GANTRY LOWER LEVEL
49.08,79,Queens,LIE WB LITTLE NECK PKWY - NB CIP
50.33,92,Bronx,BE N STRATFORD AVENUE - CASTLE HILL AVE
0.0,0,Queens,BE S TBB EXIT RAMP - QUEENS ANCHORAGE
9.32,866,Queens,TBB N QUEENS ANCHORAGE - MANHATTAN LIFT SPAN
46.6,49,Staten Island,SIE E VNB E FINGERBOARD ROAD - SI GANTRY UPPER LEVEL
56.54,133,Staten Island,WSE N TYRELLAN AVENUE - BLOOMINGDALE ROAD
52.81,84,Bronx,HRP N LAFAYETTE AVENUE - E TREMONT AVENUE
55.92,140,Staten Island,WSE S VICTORY BOULEVARD - ARDEN AVENUE
52.81,27,Staten Island,SIE W BRADLEY AVENUE - WOOLEY AVENUE
31.06,76,Manhattan,FDR N - TBB E 116TH STREET - MANHATTAN TRUSS
54.05,99,Queens,VWE N MP6.39 (Exit 11 Jewel Ave) - MP8.65 (Exit 13 Northern Blvd)
31.06,80,Bronx,CBE W CASTLE HILL AVENUE - TAYLOR AVENUE
44.73,144,Queens,Whitestone Expwy N Exit 14 (Linden Pl) - BWB N Queens Anchorage
41.63,282,Queens,CIP N LIE ramp - TNB
57.16,97,Queens,Whitestone Expwy S Exit 14 (Linden Pl) - VWE S MP8.65 (Exit 13 Northern Blvd)
31.68,79,Bronx,CBE E TAYLOR AVENUE - CASTLE HILL AVENUE
47.84,52,Bronx,BWB N Toll Plaza - HRP N Lafayatte Ave
44.11,144,Queens,BWB S Queens Anchorage - WSE S Exit 14 (Linden Pl)
47.84,161,Staten Island,440 N FRANCIS STREET - WSE N TYRELLAN AVE
11.8,572,Manhattan,FDR N 25th - 63rd St
54.05,122,Staten Island,SIE E BRADLEY AVENUE - CLOVE ROAD
55.3,124,Queens,TNB N Queens Anchorage - Toll Plaza
55.92,51,Staten Island,WSE S SOUTH AVENUE - VICTORY BOULEVARD
11.8,923,Queens,CIP S LIE - Hempstead Tpk
55.3,90,Queens,LIE E 84TH ST - 108TH ST
0.0,0,Brooklyn,GOW S 9TH STREET - 7TH AVENUE
49.08,131,Queens,BWB S Queens Anchorage - WSE S Exit 14 (Linden Pl)
43.49,211,Queens,Belt Pkwy E 182nd St - Laurelton Pkwy N @ SSP
55.92,194,Queens,CVE NB LIE - WILLETS PT BLVD
5.59,919,Manhattan,LINCOLN TUNNEL E CENTER TUBE NJ - NY
19.88,286,Manhattan,West St S Spring St - BBT Manhattan Portal outbound
0.0,0,Manhattan,BQE N Atlantic Ave - BKN Bridge Manhattan Side
11.18,375,Bronx,CBE E AMSTERDAM AVE(U/LVL) - MORRIS AVE
54.68,201,Queens,CIP S LIE - Hempstead Tpk
47.22,145,Queens,TNB N Queens Anchorage - Toll Plaza
19.26,227,Bronx,MDE S HARLEM RIVER PARK - GWB W AMSTERDAM AVENUE UPPER LEVEL
21.74,198,Bronx,MDE S HARLEM RIVER PARK - GWB W AMSTERDAM AVENUE UPPER LEVEL
5.59,929,Manhattan,LINCOLN TUNNEL W CENTER TUBE NY - NJ
24.85,355,Queens,VWE S MP6.39 (Exit 11 Jewel Ave) - MP4.63 (Exit 6 Jamaica Ave)
44.11,48,Staten Island,VNB W-SIE W SI GANTRY LOWER LEVEL - FINGERBOARD ROAD
39.14,41,Staten Island,SIE E WOOLEY AVENUE - BRADLEY AVENUE
0.0,0,Manhattan,BQE N Atlantic Ave - MAN Bridge Manhattan Side
48.46,44,Staten island,VNB W-SIE W SI GANTRY UPPER LEVEL - FINGERBOARD ROAD
53.43,123,Staten Island,SIE E BRADLEY AVENUE - CLOVE ROAD
18.01,644,Queens,CIP N LIE ramp - TNB
23.61,226,Manhattan,QMT E Manhattan Side - Toll Plaza
16.77,380,Manhattan,BBT W Toll Plaza - Manhattan Portal
52.19,144,Bronx,BE N Castle Hill Avenue - Griswold Ave
23.61,167,Queens,LIE WB LITTLE NECK PKWY - NB CIP
0.0,0,Bronx,I-87 NYST S Exit 1 - MDE S Van Cortlandt Park
53.43,86,Queens,BWB N Queens Anchorage - Toll Plaza
53.43,128,Queens,TNB S Toll Plaza - Queens Anchorage
4.97,1080,Manhattan,11th ave n ganservoort - 12th ave @ 40th st
48.46,88,Bronx,CBE W MORRIS AVE - GWB W AMSTERDAM AVE (U/LVL)
9.32,845,Bronx,I-87 NYST S Exit 1 - MDE S Van Cortlandt Park
21.74,99,Queens,CIP N ramp to TNB - TNB Queens Anchorage
17.39,221,Queens,LIE WB LITTLE NECK PKWY - NB CIP
0.0,0,Queens,BE S TBB EXIT RAMP - QUEENS ANCHORAGE
45.98,199,Queens,Laurelton Pkwy S @ SSP - Belt Pkwy W 182nd St
55.92,295,Queens,CVE NB GCP - WILLETS PT BLVD
49.7,153,Staten Island,440 N FRANCIS STREET - WSE N TYRELLAN AVE
43.49,58,Bronx,HRP S Lafayette Ave - BWB S Toll Plaza
8.69,564,Bronx,MDE N RFK Bridge - 142nd St
59.65,194,Queens,CIP N TNB - Whitestone Expwy S Exit 14 (Linden Pl)
24.85,199,Manhattan,LINCOLN TUNNEL W NORTH TUBE NY - NJ
42.87,175,Queens,TBB S MANHATTAN LIFT SPAN - QUEENS ANCHORAGE
22.99,441,Manhattan,FDR S 25th St - Catherine Slip
25.47,92,Manhattan,FDR N - TBB E 116TH STREET - MANHATTAN TRUSS
45.98,430,Manhattan,Westside Hwy S GWB - 57th St
8.07,281,Manhattan,12th Ave S 57th St - 45th St
50.95,84,Brooklyn,GOW S 7TH AVENUE - 92ND STREET
23.61,290,Queens,VWE S MP4.63 (Exit 6 Jamaica Ave) - MP2.66 (Exit 2 Roackaway Blvd)
34.17,126,Bronx,CBE W MORRIS AVE - GWB W AMSTERDAM AVE (L/LVL)
21.74,384,Bronx,CBE W U/LEV AMSTERDAM AVE - I95 S EXP LNS
53.43,119,Queens,BWB S Queens Anchorage - WSE S Exit 14 (Linden Pl)
50.95,91,Brooklyn,VNB E SI GANTRY UPPER LEVEL - BROOKLYN GANTRY UPPER LEVEL
0.0,0,Staten Island,SIE W - MLK N WOOLEY AVENUE - WLAKER STREET
47.84,96,Brooklyn,VNB W BROOKLYN GANTRY UPPER LEVEL - SI GANTRY UPPER LEVEL
53.43,140,Staten Island,WSE N TYRELLAN AVENUE - BLOOMINGDALE ROAD
58.4,67,Staten Island,SIE E RICHMOND AVENUE - WOOLEY AVENUE
22.99,326,Queens,CIP S Hempstead Tpk - Laurelton Pkwy @ SSP
55.3,208,Queens,CIP N TNB - Whitestone Expwy S Exit 14 (Linden Pl)
51.57,177,Queens,Laurelton Pkwy S @ SSP - Belt Pkwy W 182nd St
23.61,311,Bronx,BE S Griswold - Castle Hill Avenue
14.29,340,Manhattan,LINCOLN TUNNEL W NORTH TUBE NY - NJ
0.0,0,Brooklyn,VNB E-GOWANUS N BROOKLYN GANTRY UPPER LEVEL - 92ND STREET
53.43,80,Brooklyn,GOW S 7TH AVENUE - 92ND STREET
34.17,212,Queens,TBB N QUEENS ANCHORAGE - BE N
36.03,153,Manhattan,LINCOLN TUNNEL E CENTER TUBE NJ - NY
5.59,723,Bronx,CBE W MORRIS AVE - GWB W AMSTERDAM AVE (U/LVL)
55.3,134,Bronx,BE S Griswold - Castle Hill Avenue
35.41,149,Queens,VWE S MP8.65 (Exit 13 Northern Blvd) - MP6.39 (Exit 11 Jewel Ave)
18.64,75,Staten Island,SIE W BRADLEY AVENUE - WOOLEY AVENUE
41.01,52,Staten Island,VNB W-SIE W SI GANTRY LOWER LEVEL - FINGERBOARD ROAD
49.7,85,Brooklyn,GOW N 92ND STREET - 7TH AVENUE
15.53,354,Manhattan,LINCOLN TUNNEL W CENTER TUBE NY - NJ
23.61,826,Manhattan,Westside Hwy S GWB - 57th St
50.33,147,Bronx,BE N Castle Hill Avenue - Griswold Ave
39.76,53,Brooklyn,VNB E-GOWANUS N BROOKLYN GANTRY UPPER LEVEL - 92ND STREET
30.44,86,Manhattan,FDR S Catherine Slip - BKN Bridge Manhattan Side
47.84,45,Brooklyn,GOW S VNB W 92ND STREET - BKLYN GANTRY LOWER LEVEL
30.44,182,Manhattan,LINCOLN TUNNEL E CENTER TUBE NJ - NY
26.71,97,Manhattan,FDR S Catherine Slip - BKN Bridge Manhattan Side
0.0,0,Manhattan,West St S Spring St - BBT Manhattan Portal outbound
27.96,362,Manhattan,FDR N Catherine Slip - 25th St
15.53,213,Manhattan,11th ave s ganservoort - west st @ spring st
0.0,0,Manhattan,BQE N Atlantic Ave - MAN Bridge Manhattan Side
40.38,53,Staten island,VNB W-SIE W SI GANTRY UPPER LEVEL - FINGERBOARD ROAD
49.08,32,Staten Island,SIE E WOOLEY AVENUE - BRADLEY AVENUE
57.16,56,Staten Island,WSE N VICTORY BLVD - SOUTH AVENUE
54.68,85,Brooklyn,VNB W BROOKLYN GANTRY LOWER LEVEL - SI GANTRY LOWER LEVEL
39.14,108,Bronx,CBE E AMSTERDAM AVE(U/LVL) - MORRIS AVE
50.95,108,Queens,Whitestone Expwy S Exit 14 (Linden Pl) - VWE S MP8.65 (Exit 13 Northern Blvd)
31.68,205,Manhattan,BBT W Toll Plaza - Manhattan Portal
15.53,181,Staten Island,WSE S SOUTH AVENUE - VICTORY BOULEVARD
46.6,50,Staten Island,SIE E VNB E FINGERBOARD ROAD - SI GANTRY LOWER LEVEL
17.39,306,Queens,QMT W Toll Plaza - Manhattan Side
49.08,139,Queens,VWE S MP4.63 (Exit 6 Jamaica Ave) - MP2.66 (Exit 2 Roackaway Blvd)
51.57,149,Staten Island,440 N FRANCIS STREET - WSE N TYRELLAN AVE
0.0,0,Brooklyn,GOW S VNB W 92ND STREET - BKLYN GANTRY LOWER LEVEL
12.42,461,Manhattan,West St S Spring St - BBT Manhattan Portal outbound
24.85,432,Queens,VWE S MP2.66 (Exit 2 Rockaway Blvd) - Belt Pkwy E 182nd St
19.26,218,Bronx,CBE AMSTERDAM AVE (L/LVL) - MORRIS AVE
44.11,48,Brooklyn,GOW S VNB W 92ND STREET - BKLYN GANTRY LOWER LEVEL
7.45,340,Bronx,HRP S Lafayette Ave - BWB S Toll Plaza
37.9,56,Brooklyn,GOW S VNB W 92ND STREET - BKLYN GANTRY UPPER LEVEL
28.58,152,Bronx,MDE S HARLEM RIVER PARK - GWB W AMSTERDAM AVENUE UPPER LEVEL
0.0,0,Brooklyn,GOW N 9TH STREET - ATLANTIC AVENUE
33.55,585,Manhattan,Westside Hwy N 57th St - GWB
57.78,43,Bronx,CBE E TAYLOR AVENUE - CASTLE HILL AVENUE
8.07,388,Manhattan,12th Ave N 40th - 57th St
18.64,139,Manhattan,BKN Bridge Manhattan Side - FDR N Catherine Slip
14.29,227,Manhattan,12th Ave N 40th - 57th St
54.68,81,Bronx,HRP N LAFAYETTE AVENUE - E TREMONT AVENUE
48.46,184,Queens,VWE S MP6.39 (Exit 11 Jewel Ave) - MP4.63 (Exit 6 Jamaica Ave)
0.0,0,Staten Island,MLK S - SIE W WALKER STREET - RICHMOND AVENUE
48.46,52,Bronx,CBE E TAYLOR AVENUE - CASTLE HILL AVENUE
57.16,121,Staten Island,SIE W - WSE S SOUTH AVENUE - SOUTH AVENUE
42.87,165,Brooklyn,BQE S 46TH STREET - LEONARD STREET
23.61,111,Manhattan,FDR S Catherine Slip - BKN Bridge Manhattan Side
47.84,148,Brooklyn,BQE S 46TH STREET - LEONARD STREET
63.37,82,Staten Island,WSE S ARDEN AVENUE - BLOOMINGDALE ROAD
49.7,79,Queens,LIE WB LITTLE NECK PKWY - NB CIP
55.92,79,Bronx,HRP N LAFAYETTE AVENUE - E TREMONT AVENUE
9.32,245,Manhattan,12th Ave S 57th St - 45th St
37.9,123,Queens,BWB N Queens Anchorage - Toll Plaza
10.56,560,Staten Island,SIE W FINGERBOARD ROAD - CLOVE ROAD
0.0,0,Queens,QMT W Toll Plaza - Manhattan Side
50.95,104,Queens,VWE N MP8.64 (Exit 13 Northern Blvd) - Whitestone Expwy Exit 14 (Linden Pl)
18.01,555,Manhattan,FDR N Catherine Slip - 25th St
9.94,320,Manhattan,11th ave s ganservoort - west st @ spring st
46.6,146,Manhattan,FDR N 25th - 63rd St
18.64,1054,Manhattan,Westside Hwy N 57th St - GWB
61.51,84,Staten Island,WSE S ARDEN AVENUE - BLOOMINGDALE ROAD
40.38,64,Manhattan,BKN Bridge Manhattan Side - FDR N Catherine Slip
49.7,51,Bronx,BWB N Toll Plaza - HRP N Lafayatte Ave
60.89,52,Staten Island,WSE N VICTORY BLVD - SOUTH AVENUE
45.36,166,Queens,TBB S MANHATTAN LIFT SPAN - QUEENS ANCHORAGE
53.43,302,Queens,CIP NB GCP - TNB
45.36,151,Manhattan,FDR N 25th - 63rd St
49.08,183,Queens,VWE N MP4.63 (Exit 6 - Jamaica Ave) - MP6.39 (Exit 11 Jewel Ave)
0.0,0,Staten Island,MLK N WALKER STREET - NJ ROUTE 169
3.72,2013,Bronx,CBE W L/LE V AMSTERDAM AVE - I 95 S LOC LNS
26.71,428,Queens,CIP N TNB - Whitestone Expwy S Exit 14 (Linden Pl)
0.0,0,Staten Island,MLK S - SIE W WALKER STREET - RICHMOND AVENUE
21.12,123,Manhattan,FDR S Catherine Slip - BKN Bridge Manhattan Side
27.96,365,Manhattan,FDR N Catherine Slip - 25th St
32.31,612,Manhattan,Westside Hwy S GWB - 57th St
0.0,0,Staten Island,MLK S - SIE W WALKER STREET - RICHMOND AVENUE
39.14,228,Queens,VWE N MP4.63 (Exit 6 - Jamaica Ave) - MP6.39 (Exit 11 Jewel Ave)
50.33,92,Brooklyn,VNB E SI GANTRY LOWER LEVEL - BROOLKYN GANTRY LOWER LEVEL
26.71,99,Manhattan,FDR S Catherine Slip - BKN Bridge Manhattan Side
51.57,96,Queens,LIE W 108TH ST - 84TH ST
55.3,100,Queens,Whitestone Expwy S Exit 14 (Linden Pl) - VWE S MP8.65 (Exit 13 Northern Blvd)
37.9,213,Queens,TBB N QUEENS ANCHORAGE - MANHATTAN LIFT SPAN
52.81,111,Staten Island,SIE W FINGERBOARD ROAD - CLOVE ROAD
50.33,88,Bronx,HRP N LAFAYETTE AVENUE - E TREMONT AVENUE
48.46,47,Staten Island,SIE E VNB E FINGERBOARD ROAD - SI GANTRY LOWER LEVEL
4.34,687,Manhattan,11th ave s ganservoort - west st @ spring st
0.0,0,Staten Island,ROUTE 169 S - MLK WALKER STREET
26.71,90,Manhattan,TBB W - FDR S MANHATTAN TRUSS - E116TH STREET
31.06,221,Queens,TNB S Toll Plaza - Queens Anchorage
29.82,168,Manhattan,LINCOLN TUNNEL W NORTH TUBE NY - NJ
47.22,60,Staten Island,WSE S SOUTH AVENUE - VICTORY BOULEVARD
8.07,545,Bronx,MDE S HARLEM RIVER PARK - GWB W AMSTERDAM AVENUE LOWER LEVEL
49.7,93,Brooklyn,VNB W BROOKLYN GANTRY UPPER LEVEL - SI GANTRY UPPER LEVEL
0.0,0,Staten Island,SIE W - MLK N WOOLEY AVENUE - WLAKER STREET
41.63,60,Bronx,BWB N Toll Plaza - HRP N Lafayatte Ave
45.98,85,Queens,LIE WB LITTLE NECK PKWY - NB CIP
38.52,177,Manhattan,FDR S 63rd - 25th St
47.22,91,Brooklyn,GOW N 92ND STREET - 7TH AVENUE
7.45,846,Manhattan,12th ave @ 45th - 11 ave ganservoort st
66.48,78,Staten Island,WSE S ARDEN AVENUE - BLOOMINGDALE ROAD
47.22,342,Queens,CIP NB GCP - TNB
46.6,233,Queens,CIP S LIE - Hempstead Tpk
27.96,153,Bronx,CBE W MORRIS AVE - GWB W AMSTERDAM AVE (L/LVL)
0.0,0,Manhattan,BQE N Atlantic Ave - BKN Bridge Manhattan Side
57.16,102,Staten Island,SIE W FINGERBOARD ROAD - CLOVE ROAD
18.01,295,Queens,VWE S MP8.65 (Exit 13 Northern Blvd) - MP6.39 (Exit 11 Jewel Ave)
44.73,123,Queens,Whitestone Expwy S Exit 14 (Linden Pl) - VWE S MP8.65 (Exit 13 Northern Blvd)
27.34,300,Bronx,I-87 NYST S Exit 1 - MDE S Van Cortlandt Park
18.01,355,Manhattan,BBT E Manhattan Portal - Toll Plaza
45.36,48,Queens,CIP N ramp to TNB - TNB Queens Anchorage
30.44,165,Manhattan,LINCOLN TUNNEL W NORTH TUBE NY - NJ
18.01,383,Manhattan,FDR S 63rd - 25th St
53.43,141,Queens,CIP S Hempstead Tpk - Laurelton Pkwy @ SSP
12.42,345,Bronx,CBE W MORRIS AVE - GWB W AMSTERDAM AVE (U/LVL)
62.13,83,Staten Island,WSE S ARDEN AVENUE - BLOOMINGDALE ROAD
58.4,113,Staten Island,SIE E BRADLEY AVENUE - CLOVE ROAD
9.32,348,Manhattan,11th ave s ganservoort - west st @ spring st
31.68,124,Queens,LIE WB LITTLE NECK PKWY - NB CIP
51.57,90,Brooklyn,VNB E SI GANTRY LOWER LEVEL - BROOLKYN GANTRY LOWER LEVEL
29.82,166,Manhattan,LINCOLN TUNNEL W NORTH TUBE NY - NJ
50.95,56,Staten Island,WSE S SOUTH AVENUE - VICTORY BOULEVARD
55.92,51,Staten Island,SIE W RICHMOND AVENUE - SOUTH AVENUE
24.85,155,Staten Island,SIE E RICHMOND AVENUE - WOOLEY AVENUE
12.42,254,Manhattan,12th Ave N 40th - 57th St
50.95,84,Brooklyn,GOW S 7TH AVENUE - 92ND STREET
50.33,42,Brooklyn,GOW S VNB W 92ND STREET - BKLYN GANTRY UPPER LEVEL
45.36,434,Manhattan,Westside Hwy N 57th St - GWB
50.33,42,Staten Island,VNB W-SIE W SI GANTRY LOWER LEVEL - FINGERBOARD ROAD
50.33,182,Queens,Laurelton Pkwy S @ SSP - Belt Pkwy W 182nd St
0.0,0,Staten Island,WSE S TYRELLAN AVENUE - 440 S FRANCIS STREET
20.5,124,Manhattan,BKN Bridge Manhattan Side - FDR N Catherine Slip
45.98,50,Staten Island,SIE E VNB E FINGERBOARD ROAD - SI GANTRY UPPER LEVEL
28.58,106,Queens,BE S TBB EXIT RAMP - MANHATTAN LIFT SPAN
14.91,339,Bronx,MDE N RFK Bridge - 142nd St
64.0,81,Staten Island,WSE S ARDEN AVENUE - BLOOMINGDALE ROAD
0.0,0,Staten Island,ROUTE 169 S - MLK WALKER STREET
43.49,53,Staten Island,SIE E VNB E FINGERBOARD ROAD - SI GANTRY UPPER LEVEL
49.08,87,Brooklyn,GOW S 7TH AVENUE - 92ND STREET
66.48,78,Staten Island,WSE S ARDEN AVENUE - BLOOMINGDALE ROAD
9.94,700,Queens,TBB N QUEENS ANCHORAGE - BE N
54.68,85,Brooklyn,VNB E SI GANTRY LOWER LEVEL - BROOLKYN GANTRY LOWER LEVEL
53.43,180,Queens,LIE WB LITTLE NECK PKWY - NB CVE
18.01,303,Manhattan,LINCOLN TUNNEL E CENTER TUBE NJ - NY
0.0,0,Manhattan,BQE N Atlantic Ave - BKN Bridge Manhattan Side
49.08,194,Queens,LIE WB LITTLE NECK PKWY - NB CVE
51.57,147,Queens,CIP S Hempstead Tpk - Laurelton Pkwy @ SSP
62.75,82,Staten Island,WSE S ARDEN AVENUE - BLOOMINGDALE ROAD
53.43,79,Bronx,CBE W MORRIS AVE - GWB W AMSTERDAM AVE (U/LVL)
50.95,126,Queens,Whitestone Expwy N Exit 14 (Linden Pl) - BWB N Queens Anchorage
39.14,41,Staten Island,SIE E WOOLEY AVENUE - BRADLEY AVENUE
6.83,615,Bronx,CBE W MORRIS AVE - GWB W AMSTERDAM AVE (L/LVL)
26.09,316,Bronx,CBE E CASTLE HILL AVE - BE N WATERBURY AVE
37.9,190,Queens,BE S TBB EXIT RAMP - QUEENS ANCHORAGE
15.53,474,Manhattan,GWB E LOWER LEVEL PLAZA - CBE E LOWER LEVEL AMSTERDAM AVE
0.0,0,Brooklyn,BQE S - GOW S ALTANTIC AVENUE - 9TH STREET
50.33,92,Brooklyn,VNB W BROOKLYN GANTRY UPPER LEVEL - SI GANTRY UPPER LEVEL
0.0,0,Manhattan,BQE N Atlantic Ave - BKN Bridge Manhattan Side
59.65,45,Staten Island,SIE E SOUTH AVENUE - RICHMOND AVENUE
37.28,292,Queens,CIP N Hempstead Tpk - LIE
39.14,54,Staten Island,VNB W-SIE W SI GANTRY LOWER LEVEL - FINGERBOARD ROAD
0.0,0,Brooklyn,GOW N 7TH AVENUE - 9TH STREET
11.18,663,Manhattan,GWB E LOWER LEVEL PLAZA - CBE E LOWER LEVEL AMSTERDAM AVE
52.19,105,Queens,Whitestone Expwy S Exit 14 (Linden Pl) - VWE S MP8.65 (Exit 13 Northern Blvd)
31.68,136,Bronx,MDE S HARLEM RIVER PARK - GWB W AMSTERDAM AVENUE UPPER LEVEL
0.0,0,Staten Island,MLK N WALKER STREET - NJ ROUTE 169
0.0,0,Staten Island,SIE W - MLK N WOOLEY AVENUE - WLAKER STREET
51.57,121,Staten Island,WSE S BLLOMINGDALE ROAD - TYRELLAN AVENUE
25.47,207,Queens,QMT W Toll Plaza - Manhattan Side
47.84,89,Brooklyn,GOW N 92ND STREET - 7TH AVENUE
38.52,97,Queens,Belt Pkwy W 182nd St - JFK Expressway
20.5,375,Queens,Laurelton Pkwy N @ SSP - CIP N Hempstead Tpk
26.71,99,Manhattan,FDR S Catherine Slip - BKN Bridge Manhattan Side
49.7,325,Queens,CIP NB GCP - TNB
28.58,76,Queens,CIP N ramp to TNB - TNB Queens Anchorage
47.22,98,Brooklyn,VNB E SI GANTRY LOWER LEVEL - BROOLKYN GANTRY LOWER LEVEL
49.7,167,Bronx,CBE E CASTLE HILL AVE - BE N WATERBURY AVE
55.92,172,Queens,LIE WB LITTLE NECK PKWY - NB CVE
45.36,142,Queens,Whitestone Expwy N Exit 14 (Linden Pl) - BWB N Queens Anchorage
0.0,0,Staten Island,MLK S - SIE E WALKER STREET - WOOLEY AVENUE
44.11,182,Queens,TBB N QUEENS ANCHORAGE - MANHATTAN LIFT SPAN
42.25,101,Bronx,CBE E AMSTERDAM AVE(U/LVL) - MORRIS AVE
0.0,0,Staten Island,SIE E-MLK N RICHMOND AVENUE - WALKER STREET
48.46,158,Staten Island,440 N FRANCIS STREET - WSE N TYRELLAN AVE
0.0,0,Manhattan,FDR S Catherine Slip - BKN Bridge Manhattan Side
13.67,311,Bronx,CBE E AMSTERDAM AVE(U/LVL) - MORRIS AVE
23.61,190,Bronx,BE S CASTLE HILL AVENUE - STRATFORD AVENUE
57.16,290,Queens,CVE NB GCP - WILLETS PT BLVD
50.95,316,Queens,CIP NB GCP - TNB
0.0,0,Queens,Whitestone Expwy S Exit 14 (Linden Pl) - VWE S MP8.65 (Exit 13 Northern Blvd)
59.03,84,Staten Island,WSE N BLOOMUINGDALE ROAD - ARDEN AVENUE
31.68,203,Manhattan,BBT E Manhattan Portal - Toll Plaza
6.83,724,Manhattan,LINCOLN TUNNEL W NORTH TUBE NY - NJ
0.0,0,Queens,BE S TBB EXIT RAMP - QUEENS ANCHORAGE
35.41,181,Manhattan,BBT W Toll Plaza - Manhattan Portal
51.57,143,Manhattan,GWB E LOWER LEVEL PLAZA - CBE E LOWER LEVEL AMSTERDAM AVE
0.0,0,Staten Island,MLK N WALKER STREET - NJ ROUTE 169
2.48,1576,Bronx,CBE AMSTERDAM AVE (L/LVL) - MORRIS AVE
44.73,265,Queens,CIP N LIE ramp - TNB
35.41,183,Manhattan,BBT W Toll Plaza - Manhattan Portal
57.78,278,Queens,CIP NB GCP - TNB
18.64,163,Queens,BE S TBB EXIT RAMP - MANHATTAN LIFT SPAN
51.57,160,Bronx,CBE E CASTLE HILL AVE - BE N WATERBURY AVE
47.22,94,Bronx,BE S CASTLE HILL AVENUE - STRATFORD AVENUE
31.68,174,Manhattan,QMT E Manhattan Side - Toll Plaza
0.0,0,Manhattan,BQE N Atlantic Ave - BKN Bridge Manhattan Side
8.69,631,Manhattan,LINCOLN TUNNEL E SOUTH TUBE - NJ - NY
0.0,0,Bronx,BRP S FORDHAM ROAD - WATSON AVENUE
0.0,0,Manhattan,LINCOLN TUNNEL E CENTER TUBE NJ - NY
47.22,161,Staten Island,440 N FRANCIS STREET - WSE N TYRELLAN AVE
35.41,252,Queens,VWE N MP4.63 (Exit 6 - Jamaica Ave) - MP6.39 (Exit 11 Jewel Ave)
20.5,214,Bronx,MDE S HARLEM RIVER PARK - GWB W AMSTERDAM AVENUE LOWER LEVEL
54.68,140,Staten Island,WSE S TYRELLAN AVENUE - 440 S FRANCIS STREET
48.46,52,Bronx,CBE W CASTLE HILL AVENUE - TAYLOR AVENUE
9.94,223,Manhattan,12th Ave S 57th St - 45th St
57.78,102,Staten Island,SIE W FINGERBOARD ROAD - CLOVE ROAD
47.22,145,Queens,TNB N Queens Anchorage - Toll Plaza
50.95,28,Staten Island,SIE W BRADLEY AVENUE - WOOLEY AVENUE
55.92,83,Brooklyn,VNB W BROOKLYN GANTRY LOWER LEVEL - SI GANTRY LOWER LEVEL
46.6,54,Bronx,BWB N Toll Plaza - HRP N Lafayatte Ave
0.0,0,Brooklyn,GOW S 9TH STREET - 7TH AVENUE
13.04,417,Manhattan,LINCOLN TUNNEL W CENTER TUBE NY - NJ
57.16,50,Staten Island,SIE W RICHMOND AVENUE - SOUTH AVENUE
16.77,411,Queens,VWE S MP4.63 (Exit 6 Jamaica Ave) - MP2.66 (Exit 2 Roackaway Blvd)
19.26,472,Queens,Belt Pkwy E 182nd St - Laurelton Pkwy N @ SSP
44.11,121,Queens,VWE S MP8.65 (Exit 13 Northern Blvd) - MP6.39 (Exit 11 Jewel Ave)
28.58,174,Queens,LIE E 84TH ST - 108TH ST
8.69,841,Manhattan,GWB E LOWER LEVEL PLAZA - CBE E LOWER LEVEL AMSTERDAM AVE
22.36,221,Queens,LIE W 108TH ST - 84TH ST
55.92,164,Queens,Belt Pkwy E 182nd St - Laurelton Pkwy N @ SSP
41.63,181,Queens,TBB S MANHATTAN LIFT SPAN - QUEENS ANCHORAGE
0.0,0,Manhattan,BBT E Manhattan Portal - Toll Plaza
50.95,98,Staten Island,WSE N BLOOMUINGDALE ROAD - ARDEN AVENUE
39.76,274,Queens,CIP N Hempstead Tpk - LIE
22.36,196,Bronx,MDE S HARLEM RIVER PARK - GWB W AMSTERDAM AVENUE LOWER LEVEL
45.36,47,Brooklyn,VNB E-GOWANUS N BROOKLYN GANTRY UPPER LEVEL - 92ND STREET
17.39,304,Queens,VWE N MP6.39 (Exit 11 Jewel Ave) - MP8.65 (Exit 13 Northern Blvd)
6.83,769,Manhattan,11th ave n ganservoort - 12th ave @ 40th st
55.92,96,Queens,VWE N MP8.64 (Exit 13 Northern Blvd) - Whitestone Expwy Exit 14 (Linden Pl)
38.52,185,Queens,MDE S TBB EXIT RAMP - QUEENS ANCHORAGE
26.71,595,Queens,CIP NB GCP - TNB
14.91,287,Bronx,CBE W MORRIS AVE - GWB W AMSTERDAM AVE (U/LVL)
41.63,51,Brooklyn,GOW S VNB W 92ND STREET - BKLYN GANTRY LOWER LEVEL
13.67,540,Queens,CIP S Hempstead Tpk - Laurelton Pkwy @ SSP
49.7,103,Bronx,MDE N RFK Bridge - 142nd St
0.0,0,Queens,BE S TBB EXIT RAMP - QUEENS ANCHORAGE
18.01,122,Queens,CIP N ramp to TNB - TNB Queens Anchorage
14.29,224,Manhattan,11th ave s ganservoort - west st @ spring st
43.49,172,Queens,TBB S MANHATTAN LIFT SPAN - QUEENS ANCHORAGE
0.0,0,Staten Island,MLK N WALKER STREET - NJ ROUTE 169
36.03,191,Queens,TNB N Queens Anchorage - Toll Plaza
41.01,222,Queens,Belt Pkwy E 182nd St - Laurelton Pkwy N @ SSP
0.0,0,Staten Island,MLK S - SIE W WALKER STREET - RICHMOND AVENUE
49.7,149,Bronx,BE N Castle Hill Avenue - Griswold Ave
13.04,424,Manhattan,West St S Spring St - BBT Manhattan Portal outbound
4.97,467,Bronx,CBE W CASTLE HILL AVENUE - TAYLOR AVENUE
50.95,42,Brooklyn,VNB E-GOWANUS N BROOKLYN GANTRY LOWER LEVEL - 92ND STREET
12.42,253,Manhattan,12th Ave N 40th - 57th St
37.28,106,Queens,LIE WB LITTLE NECK PKWY - NB CIP
53.43,146,Staten Island,WSE N ARDEN AVENUE - VICTORY BLVD
47.22,98,Bronx,BE N STRATFORD AVENUE - CASTLE HILL AVE
18.64,139,Manhattan,BKN Bridge Manhattan Side - FDR N Catherine Slip
22.99,283,Manhattan,BBT E Manhattan Portal - Toll Plaza
54.05,138,Bronx,BE S Griswold - Castle Hill Avenue
0.0,0,Manhattan,BBT E Manhattan Portal - Toll Plaza
64.62,60,Staten Island,SIE W WOOLEY AVENUE - RICHMOND AVENUE
0.0,0,Manhattan,BQE N Atlantic Ave - MAN Bridge Manhattan Side
0.0,0,Queens,BE S TBB EXIT RAMP - QUEENS ANCHORAGE
44.11,169,Queens,TBB S MANHATTAN LIFT SPAN - QUEENS ANCHORAGE
12.42,198,Bronx,CBE W CASTLE HILL AVENUE - TAYLOR AVENUE
42.25,59,Bronx,HRP S Lafayette Ave - BWB S Toll Plaza
22.99,113,Manhattan,FDR S Catherine Slip - BKN Bridge Manhattan Side
21.74,496,Queens,CIP N Hempstead Tpk - LIE
0.0,0,Staten Island,MLK N WALKER STREET - NJ ROUTE 169
39.14,173,Manhattan,FDR S 63rd - 25th St
40.38,65,Manhattan,FDR S Catherine Slip - BKN Bridge Manhattan Side
26.71,173,Brooklyn,VNB W BROOKLYN GANTRY UPPER LEVEL - SI GANTRY UPPER LEVEL
0.0,0,Brooklyn,GOW S 9TH STREET - 7TH AVENUE
28.58,555,Queens,CIP NB GCP - TNB
25.47,110,Staten Island,SIE W RICHMOND AVENUE - SOUTH AVENUE
13.04,251,Manhattan,12th Ave N 40th - 57th St
54.05,69,Queens,Belt Pkwy W 182nd St - JFK Expressway
45.36,51,Staten Island,SIE E VNB E FINGERBOARD ROAD - SI GANTRY UPPER LEVEL
49.08,28,Staten Island,SIE W BRADLEY AVENUE - WOOLEY AVENUE
31.06,220,Manhattan,FDR N 25th - 63rd St
60.27,83,Queens,LIE W 108TH ST - 84TH ST
24.85,183,Bronx,BE N STRATFORD AVENUE - CASTLE HILL AVE
0.0,0,Staten Island,ROUTE 169 S - MLK WALKER STREET
34.79,197,Queens,TNB N Queens Anchorage - Toll Plaza
2.48,3378,Manhattan,FDR N Catherine Slip - 25th St
42.87,66,Staten Island,SIE W RICHMOND AVENUE - SOUTH AVENUE
41.63,476,Manhattan,Westside Hwy S GWB - 57th St
57.78,46,Queens,TNB S Qns Anchorage - CIP S @ TNB
52.81,111,Staten Island,SIE W FINGERBOARD ROAD - CLOVE ROAD
55.92,164,Queens,Laurelton Pkwy S @ SSP - Belt Pkwy W 182nd St
36.66,252,Queens,Belt Pkwy E 182nd St - Laurelton Pkwy N @ SSP
49.08,94,Queens,BWB N Queens Anchorage - Toll Plaza
41.01,134,Bronx,BRP N WATSON AVENUE - FORDHAM ROAD
55.92,125,Staten Island,SIE W - WSE S SOUTH AVENUE - SOUTH AVENUE
54.05,115,Staten Island,WSE S BLLOMINGDALE ROAD - TYRELLAN AVENUE
54.68,91,Staten Island,WSE N BLOOMUINGDALE ROAD - ARDEN AVENUE
16.77,609,Manhattan,FDR S 25th St - Catherine Slip
48.46,110,Queens,VWE N MP8.64 (Exit 13 Northern Blvd) - Whitestone Expwy Exit 14 (Linden Pl)
45.36,94,Brooklyn,GOW N 92ND STREET - 7TH AVENUE
54.05,122,Staten Island,SIE E BRADLEY AVENUE - CLOVE ROAD
0.0,0,Staten Island,MLK S - SIE E WALKER STREET - WOOLEY AVENUE
54.68,107,Staten Island,SIE W FINGERBOARD ROAD - CLOVE ROAD
25.47,255,Manhattan,BBT E Manhattan Portal - Toll Plaza
9.32,450,Bronx,CBE W MORRIS AVE - GWB W AMSTERDAM AVE (L/LVL)
6.83,449,Manhattan,11th ave s ganservoort - west st @ spring st
15.53,432,Queens,VWE S MP4.63 (Exit 6 Jamaica Ave) - MP2.66 (Exit 2 Roackaway Blvd)
57.16,88,Staten Island,WSE N BLOOMUINGDALE ROAD - ARDEN AVENUE
44.73,57,Bronx,CBE E TAYLOR AVENUE - CASTLE HILL AVENUE
45.36,47,Brooklyn,GOW S VNB W 92ND STREET - BKLYN GANTRY UPPER LEVEL
0.0,0,Bronx,BRP S FORDHAM ROAD - WATSON AVENUE
13.04,418,Manhattan,LINCOLN TUNNEL E SOUTH TUBE - NJ - NY
37.9,71,Queens,TNB S Qns Anchorage - CIP S @ TNB
11.18,370,Bronx,CBE E AMSTERDAM AVE(U/LVL) - MORRIS AVE
0.0,0,Staten Island,ROUTE 169 S - MLK WALKER STREET
44.11,48,Brooklyn,VNB E-GOWANUS N BROOKLYN GANTRY LOWER LEVEL - 92ND STREET
60.89,52,Staten Island,WSE N VICTORY BLVD - SOUTH AVENUE
0.0,0,Staten Island,MLK S - SIE E WALKER STREET - WOOLEY AVENUE
0.0,0,Staten Island,SIE W - MLK N WOOLEY AVENUE - WLAKER STREET
32.93,150,Manhattan,LINCOLN TUNNEL W NORTH TUBE NY - NJ
45.98,350,Queens,CIP NB GCP - TNB
1.24,5166,Bronx,CBE W L/LE V AMSTERDAM AVE - I 95 S LOC LNS
0.0,0,Staten Island,SIE E-MLK N RICHMOND AVENUE - WALKER STREET
49.08,131,Queens,BWB S Queens Anchorage - WSE S Exit 14 (Linden Pl)
46.6,155,Queens,MDE S TBB EXIT RAMP - QUEENS ANCHORAGE
13.04,488,Manhattan,BBT W Toll Plaza - Manhattan Portal
17.39,417,Queens,TBB N QUEENS ANCHORAGE - BE N
44.11,207,Queens,Laurelton Pkwy S @ SSP - Belt Pkwy W 182nd St
52.19,72,Queens,Belt Pkwy W 182nd St - JFK Expressway
48.46,142,Manhattan,FDR N 25th - 63rd St
0.0,0,Queens,QMT W Toll Plaza - Manhattan Side
44.73,144,Queens,BWB S Queens Anchorage - WSE S Exit 14 (Linden Pl)
59.03,280,Queens,CVE NB GCP - WILLETS PT BLVD
13.67,651,Queens,VWE S MP6.39 (Exit 11 Jewel Ave) - MP4.63 (Exit 6 Jamaica Ave)
49.08,94,Queens,BWB N Queens Anchorage - Toll Plaza
29.82,213,Queens,Whitestone Expwy N Exit 14 (Linden Pl) - BWB N Queens Anchorage
40.38,190,Staten Island,440 N FRANCIS STREET - WSE N TYRELLAN AVE
40.38,137,Bronx,BRP N WATSON AVENUE - FORDHAM ROAD
14.29,772,Queens,CIP N Hempstead Tpk - LIE
23.61,297,Brooklyn,BQE N LEONARD STREET - 46TH STREET
39.14,207,Queens,TBB N QUEENS ANCHORAGE - MANHATTAN LIFT SPAN
0.0,0,Brooklyn,GOW N 7TH AVENUE - 9TH STREET
26.71,97,Manhattan,BKN Bridge Manhattan Side - FDR N Catherine Slip
20.5,113,Manhattan,FDR N - TBB E 116TH STREET - MANHATTAN TRUSS
46.6,118,Staten Island,SIE E CLOVE ROAD - FINGERBOARD ROAD
44.11,48,Brooklyn,GOW S VNB W 92ND STREET - BKLYN GANTRY UPPER LEVEL
55.3,91,Queens,LIE E 84TH ST - 108TH ST
12.42,1596,Manhattan,Westside Hwy N 57th St - GWB
48.46,59,Staten Island,WSE S SOUTH AVENUE - VICTORY BOULEVARD
41.01,61,Bronx,CBE E TAYLOR AVENUE - CASTLE HILL AVENUE
14.91,174,Manhattan,BKN Bridge Manhattan Side - FDR N Catherine Slip
52.81,101,Queens,VWE S MP8.65 (Exit 13 Northern Blvd) - MP6.39 (Exit 11 Jewel Ave)
0.0,0,Manhattan,LINCOLN TUNNEL E CENTER TUBE NJ - NY
56.54,293,Queens,CVE NB GCP - WILLETS PT BLVD
54.68,81,Bronx,HRP N LAFAYETTE AVENUE - E TREMONT AVENUE
42.25,182,Staten Island,440 N FRANCIS STREET - WSE N TYRELLAN AVE
11.8,458,Manhattan,LINCOLN TUNNEL W CENTER TUBE NY - NJ
0.0,0,Brooklyn,GOW S 9TH STREET - 7TH AVENUE
35.41,121,Bronx,CBE AMSTERDAM AVE (L/LVL) - MORRIS AVE
36.03,63,Staten Island,SIE E VNB E FINGERBOARD ROAD - SI GANTRY UPPER LEVEL
6.83,1018,Manhattan,GWB E LOWER LEVEL PLAZA - CBE E LOWER LEVEL AMSTERDAM AVE
45.98,46,Brooklyn,VNB E-GOWANUS N BROOKLYN GANTRY LOWER LEVEL - 92ND STREET
30.44,152,Bronx,BWB S Toll Plaza - Queens Anchorage
53.43,80,Brooklyn,GOW S 7TH AVENUE - 92ND STREET
60.27,100,Staten Island,WSE N-SIE E SOUTH AVENUE - SOUTH AVENUE
20.5,263,Manhattan,11th ave n ganservoort - 12th ave @ 40th st
44.11,187,Bronx,CBE E CASTLE HILL AVE - BE N WATERBURY AVE
26.71,278,Bronx,BE S Griswold - Castle Hill Avenue
28.58,290,Bronx,CBE W U/LEV AMSTERDAM AVE - I95 S EXP LNS
44.73,35,Staten Island,SIE E WOOLEY AVENUE - BRADLEY AVENUE
31.68,167,Queens,VWE N MP8.64 (Exit 13 Northern Blvd) - Whitestone Expwy Exit 14 (Linden Pl)
54.05,53,Staten Island,WSE S SOUTH AVENUE - VICTORY BOULEVARD
53.43,147,Staten Island,WSE S VICTORY BOULEVARD - ARDEN AVENUE
12.42,552,Manhattan,FDR N 25th - 63rd St
50.33,106,Queens,VWE S MP8.65 (Exit 13 Northern Blvd) - MP6.39 (Exit 11 Jewel Ave)
0.0,0,Staten Island,WSE S TYRELLAN AVENUE - 440 S FRANCIS STREET
0.0,0,Staten Island,SIE E-MLK N RICHMOND AVENUE - WALKER STREET
19.26,199,Queens,LIE WB LITTLE NECK PKWY - NB CIP
41.01,157,Queens,Whitestone Expwy N Exit 14 (Linden Pl) - BWB N Queens Anchorage
18.01,145,Manhattan,FDR S Catherine Slip - BKN Bridge Manhattan Side
23.61,165,Staten Island,SIE E RICHMOND AVENUE - WOOLEY AVENUE
57.16,56,Staten Island,WSE N VICTORY BLVD - SOUTH AVENUE
19.26,257,Manhattan,LINCOLN TUNNEL W NORTH TUBE NY - NJ
52.19,96,Staten Island,WSE N BLOOMUINGDALE ROAD - ARDEN AVENUE
5.59,398,Manhattan,12th Ave S 57th St - 45th St
49.7,93,Brooklyn,VNB W BROOKLYN GANTRY LOWER LEVEL - SI GANTRY LOWER LEVEL
3.72,608,Bronx,CBE W CASTLE HILL AVENUE - TAYLOR AVENUE
29.2,152,Bronx,BE S CASTLE HILL AVENUE - STRATFORD AVENUE
59.65,90,Queens,VWE N MP6.39 (Exit 11 Jewel Ave) - MP8.65 (Exit 13 Northern Blvd)
0.0,0,Queens,VWE S MP8.65 (Exit 13 Northern Blvd) - MP6.39 (Exit 11 Jewel Ave)
42.87,49,Brooklyn,GOW S VNB W 92ND STREET - BKLYN GANTRY LOWER LEVEL
31.68,173,Bronx,BRP N WATSON AVENUE - FORDHAM ROAD
29.82,218,Manhattan,BBT E Manhattan Portal - Toll Plaza
0.0,0,Staten Island,MLK S - SIE W WALKER STREET - RICHMOND AVENUE
31.68,135,Bronx,CBE AMSTERDAM AVE (L/LVL) - MORRIS AVE
12.42,402,Manhattan,LINCOLN TUNNEL W NORTH TUBE NY - NJ
14.29,448,Manhattan,BBT E Manhattan Portal - Toll Plaza
26.71,89,Manhattan,FDR N - TBB E 116TH STREET - MANHATTAN TRUSS
51.57,114,Staten Island,SIE W FINGERBOARD ROAD - CLOVE ROAD
59.03,127,Staten Island,WSE N TYRELLAN AVENUE - BLOOMINGDALE ROAD
39.14,275,Queens,VWE S MP2.66 (Exit 2 Rockaway Blvd) - Belt Pkwy E 182nd St
23.61,347,Bronx,CBE W U/LEV AMSTERDAM AVE - I95 S EXP LNS
50.95,52,Queens,TNB S Qns Anchorage - CIP S @ TNB
10.56,649,Manhattan,FDR N 25th - 63rd St
0.0,0,Manhattan,BQE N Atlantic Ave - MAN Bridge Manhattan Side
0.0,0,Staten Island,ROUTE 169 S - MLK WALKER STREET
0.0,0,Brooklyn,GOW N 7TH AVENUE - 9TH STREET
0.0,0,Staten Island,SIE W - MLK N WOOLEY AVENUE - WLAKER STREET
50.95,146,Bronx,BE N Castle Hill Avenue - Griswold Ave
0.0,0,Brooklyn,BQE S - GOW S ALTANTIC AVENUE - 9TH STREET
0.0,0,Bronx,CBE W MORRIS AVE - GWB W AMSTERDAM AVE (U/LVL)
18.01,116,Brooklyn,GOW S VNB W 92ND STREET - BKLYN GANTRY LOWER LEVEL
50.33,85,Brooklyn,GOW S 7TH AVENUE - 92ND STREET
0.0,0,Manhattan,12th Ave S 57th St - 45th St
55.3,71,Staten Island,SIE W WOOLEY AVENUE - RICHMOND AVENUE
61.51,52,Staten Island,WSE N VICTORY BLVD - SOUTH AVENUE
54.05,176,Queens,LIE WB LITTLE NECK PKWY - NB CVE
0.0,0,Staten Island,SIE E-MLK N RICHMOND AVENUE - WALKER STREET
54.05,298,Queens,CIP NB GCP - TNB
20.5,148,Queens,BE S TBB EXIT RAMP - MANHATTAN LIFT SPAN
18.01,453,Queens,TBB N QUEENS ANCHORAGE - MANHATTAN LIFT SPAN
49.08,223,Queens,CIP S LIE - Hempstead Tpk
6.21,1058,Queens,VWE S MP4.63 (Exit 6 Jamaica Ave) - MP2.66 (Exit 2 Roackaway Blvd)
50.33,53,Staten Island,SIE E SOUTH AVENUE - RICHMOND AVENUE
42.25,465,Manhattan,Westside Hwy N 57th St - GWB
3.72,835,Manhattan,11th ave s ganservoort - west st @ spring st
42.25,210,Queens,VWE S MP6.39 (Exit 11 Jewel Ave) - MP4.63 (Exit 6 Jamaica Ave)
35.41,121,Bronx,CBE E AMSTERDAM AVE(U/LVL) - MORRIS AVE
58.4,113,Staten Island,SIE E BRADLEY AVENUE - CLOVE ROAD
52.19,137,Brooklyn,BQE N LEONARD STREET - 46TH STREET
0.0,0,Brooklyn,GOW N 7TH AVENUE - 9TH STREET
50.33,137,Queens,TNB S Toll Plaza - Queens Anchorage
47.22,98,Brooklyn,VNB E SI GANTRY UPPER LEVEL - BROOKLYN GANTRY UPPER LEVEL
55.92,105,Staten Island,SIE W FINGERBOARD ROAD - CLOVE ROAD
45.36,46,Brooklyn,VNB E-GOWANUS N BROOKLYN GANTRY UPPER LEVEL - 92ND STREET
58.4,101,Staten Island,SIE W FINGERBOARD ROAD - CLOVE ROAD
0.0,0,Brooklyn,GOW N 9TH STREET - ATLANTIC AVENUE
41.01,156,Manhattan,BBT W Toll Plaza - Manhattan Portal
50.33,150,Queens,CIP S Hempstead Tpk - Laurelton Pkwy @ SSP
6.21,954,Manhattan,12th ave @ 45th - 11 ave ganservoort st
38.52,101,Staten Island,SIE W WOOLEY AVENUE - RICHMOND AVENUE
63.37,110,Staten Island,SIE W - WSE S SOUTH AVENUE - SOUTH AVENUE
37.9,213,Queens,TBB N QUEENS ANCHORAGE - MANHATTAN LIFT SPAN
18.01,273,Queens,LIE W 108TH ST - 84TH ST
47.84,160,Staten Island,440 N FRANCIS STREET - WSE N TYRELLAN AVE
16.77,602,Manhattan,FDR N Catherine Slip - 25th St
52.19,54,Staten Island,WSE S SOUTH AVENUE - VICTORY BOULEVARD
0.0,0,Brooklyn,GOW S 9TH STREET - 7TH AVENUE
49.7,43,Brooklyn,VNB E-GOWANUS N BROOKLYN GANTRY LOWER LEVEL - 92ND STREET
50.95,77,Staten Island,SIE E RICHMOND AVENUE - WOOLEY AVENUE
0.0,0,Manhattan,LINCOLN TUNNEL W CENTER TUBE NY - NJ
0.0,0,Bronx,BRP S FORDHAM ROAD - WATSON AVENUE
49.7,43,Brooklyn,VNB E-GOWANUS N BROOKLYN GANTRY UPPER LEVEL - 92ND STREET
48.46,88,Bronx,CBE AMSTERDAM AVE (L/LVL) - MORRIS AVE
0.0,0,Bronx,I-87 NYST S Exit 1 - MDE S Van Cortlandt Park
50.95,134,Queens,TNB N Queens Anchorage - Toll Plaza
53.43,47,Bronx,CBE E TAYLOR AVENUE - CASTLE HILL AVENUE
49.08,87,Brooklyn,GOW S 7TH AVENUE - 92ND STREET
61.51,268,Queens,CVE NB GCP - WILLETS PT BLVD
42.25,56,Manhattan,TBB W - FDR S MANHATTAN TRUSS - E116TH STREET
0.0,0,Staten Island,MLK S - SIE E WALKER STREET - WOOLEY AVENUE
42.87,193,Bronx,CBE E CASTLE HILL AVE - BE N WATERBURY AVE
19.88,417,Bronx,CBE E CASTLE HILL AVE - BE N WATERBURY AVE
37.28,61,Staten Island,SIE E VNB E FINGERBOARD ROAD - SI GANTRY UPPER LEVEL
55.92,83,Brooklyn,VNB W BROOKLYN GANTRY LOWER LEVEL - SI GANTRY LOWER LEVEL
64.0,81,Staten Island,WSE S ARDEN AVENUE - BLOOMINGDALE ROAD
47.22,244,Queens,CIP N TNB - Whitestone Expwy S Exit 14 (Linden Pl)
15.53,700,Queens,CIP N Hempstead Tpk - LIE
21.74,326,Brooklyn,BQE N LEONARD STREET - 46TH STREET
5.59,387,Manhattan,12th Ave S 57th St - 45th St
7.45,662,Bronx,MDE N RFK Bridge - 142nd St
40.38,205,Bronx,CBE E CASTLE HILL AVE - BE N WATERBURY AVE
14.91,301,Brooklyn,VNB E SI GANTRY UPPER LEVEL - BROOKLYN GANTRY UPPER LEVEL
32.93,600,Manhattan,Westside Hwy N 57th St - GWB
6.21,657,Bronx,MDE S HARLEM RIVER PARK - GWB W AMSTERDAM AVENUE UPPER LEVEL
41.63,51,Brooklyn,VNB E-GOWANUS N BROOKLYN GANTRY LOWER LEVEL - 92ND STREET
55.3,198,Queens,CIP N Hempstead Tpk - LIE
64.0,61,Staten Island,SIE E RICHMOND AVENUE - WOOLEY AVENUE
50.33,75,Queens,Belt Pkwy W 182nd St - JFK Expressway
0.0,0,Queens,VWE S MP2.66 (Exit 2 Rockaway Blvd) - Belt Pkwy E 182nd St
18.01,570,Manhattan,FDR S 25th St - Catherine Slip
29.2,157,Bronx,BWB S Toll Plaza - Queens Anchorage
11.18,384,Bronx,CBE E AMSTERDAM AVE(U/LVL) - MORRIS AVE
17.39,149,Manhattan,BKN Bridge Manhattan Side - FDR N Catherine Slip
49.08,47,Staten Island,SIE E VNB E FINGERBOARD ROAD - SI GANTRY UPPER LEVEL
55.3,97,Queens,VWE N MP6.39 (Exit 11 Jewel Ave) - MP8.65 (Exit 13 Northern Blvd)
36.66,149,Manhattan,LINCOLN TUNNEL E CENTER TUBE NJ - NY
41.63,60,Bronx,HRP S Lafayette Ave - BWB S Toll Plaza
39.14,54,Staten island,VNB W-SIE W SI GANTRY UPPER LEVEL - FINGERBOARD ROAD
40.38,115,Queens,BWB N Queens Anchorage - Toll Plaza
11.8,268,Manhattan,12th Ave N 40th - 57th St
5.59,1056,Manhattan,12th ave @ 45th - 11 ave ganservoort st
54.68,84,Queens,BWB N Queens Anchorage - Toll Plaza
34.17,173,Staten Island,SIE W FINGERBOARD ROAD - CLOVE ROAD
26.71,165,Bronx,MDE S HARLEM RIVER PARK - GWB W AMSTERDAM AVENUE LOWER LEVEL
0.0,0,Staten Island,SIE W - MLK N WOOLEY AVENUE - WLAKER STREET
41.63,112,Brooklyn,VNB E SI GANTRY LOWER LEVEL - BROOLKYN GANTRY LOWER LEVEL
42.25,110,Brooklyn,VNB E SI GANTRY LOWER LEVEL - BROOLKYN GANTRY LOWER LEVEL
57.16,138,Staten Island,WSE S VICTORY BOULEVARD - ARDEN AVENUE
51.57,320,Queens,CVE NB GCP - WILLETS PT BLVD
63.37,124,Staten Island,WSE S VICTORY BOULEVARD - ARDEN AVENUE
60.27,53,Staten Island,WSE N VICTORY BLVD - SOUTH AVENUE
3.72,616,Manhattan,FDR N - TBB E 116TH STREET - MANHATTAN TRUSS
49.08,140,Queens,TNB S Toll Plaza - Queens Anchorage
47.22,176,Bronx,CBE E CASTLE HILL AVE - BE N WATERBURY AVE
55.92,211,Queens,CIP N LIE ramp - TNB
37.28,172,Queens,Whitestone Expwy N Exit 14 (Linden Pl) - BWB N Queens Anchorage
49.7,107,Queens,VWE S MP8.65 (Exit 13 Northern Blvd) - MP6.39 (Exit 11 Jewel Ave)
55.92,140,Queens,Laurelton Pkwy N @ SSP - CIP N Hempstead Tpk
46.6,45,Brooklyn,VNB E-GOWANUS N BROOKLYN GANTRY UPPER LEVEL - 92ND STREET
45.36,63,Staten Island,WSE S SOUTH AVENUE - VICTORY BOULEVARD
46.6,154,Queens,MDE S TBB EXIT RAMP - QUEENS ANCHORAGE
55.3,25,Staten Island,SIE W BRADLEY AVENUE - WOOLEY AVENUE
64.62,60,Staten Island,SIE W WOOLEY AVENUE - RICHMOND AVENUE
0.0,0,Bronx,BRP S FORDHAM ROAD - WATSON AVENUE
36.03,147,Queens,QMT W Toll Plaza - Manhattan Side
45.98,255,Queens,CIP N LIE ramp - TNB
47.84,148,Brooklyn,BQE N LEONARD STREET - 46TH STREET
51.57,104,Queens,VWE N MP6.39 (Exit 11 Jewel Ave) - MP8.65 (Exit 13 Northern Blvd)
49.08,109,Queens,VWE N MP6.39 (Exit 11 Jewel Ave) - MP8.65 (Exit 13 Northern Blvd)
8.07,529,Bronx,MDE S HARLEM RIVER PARK - GWB W AMSTERDAM AVENUE LOWER LEVEL
11.18,480,Manhattan,11th ave n ganservoort - 12th ave @ 40th st
62.75,82,Staten Island,WSE S ARDEN AVENUE - BLOOMINGDALE ROAD
0.0,0,Brooklyn,VNB E-GOWANUS N BROOKLYN GANTRY LOWER LEVEL - 92ND STREET
0.0,0,Staten Island,SIE E-MLK N RICHMOND AVENUE - WALKER STREET
14.91,385,Manhattan,West St S Spring St - BBT Manhattan Portal outbound
58.4,104,Staten Island,WSE N-SIE E SOUTH AVENUE - SOUTH AVENUE
46.6,425,Manhattan,Westside Hwy N 57th St - GWB
52.81,87,Brooklyn,VNB W BROOKLYN GANTRY UPPER LEVEL - SI GANTRY UPPER LEVEL
45.98,50,Staten Island,SIE E VNB E FINGERBOARD ROAD - SI GANTRY UPPER LEVEL
33.55,163,Queens,Whitestone Expwy S Exit 14 (Linden Pl) - VWE S MP8.65 (Exit 13 Northern Blvd)
44.73,63,Staten Island,WSE S SOUTH AVENUE - VICTORY BOULEVARD
34.79,567,Manhattan,Westside Hwy S GWB - 57th St
36.66,176,Manhattan,BBT W Toll Plaza - Manhattan Portal
27.34,248,Queens,VWE S MP4.63 (Exit 6 Jamaica Ave) - MP2.66 (Exit 2 Roackaway Blvd)
54.05,306,Queens,CVE NB GCP - WILLETS PT BLVD
50.95,74,Queens,Belt Pkwy W 182nd St - JFK Expressway
49.7,86,Brooklyn,GOW S 7TH AVENUE - 92ND STREET
9.94,514,Manhattan,11th ave n ganservoort - 12th ave @ 40th st
54.68,107,Staten Island,SIE W FINGERBOARD ROAD - CLOVE ROAD
40.38,53,Staten Island,VNB W-SIE W SI GANTRY LOWER LEVEL - FINGERBOARD ROAD
22.99,111,Manhattan,BKN Bridge Manhattan Side - FDR N Catherine Slip
47.22,98,Brooklyn,VNB W BROOKLYN GANTRY LOWER LEVEL - SI GANTRY LOWER LEVEL
47.22,117,Staten Island,SIE E CLOVE ROAD - FINGERBOARD ROAD
14.91,292,Bronx,MDE S HARLEM RIVER PARK - GWB W AMSTERDAM AVENUE UPPER LEVEL
54.05,305,Queens,CVE NB GCP - WILLETS PT BLVD
50.33,57,Staten Island,WSE S SOUTH AVENUE - VICTORY BOULEVARD
42.25,216,Queens,Belt Pkwy E 182nd St - Laurelton Pkwy N @ SSP
14.29,163,Manhattan,FDR N - TBB E 116TH STREET - MANHATTAN TRUSS
54.05,83,Bronx,HRP N LAFAYETTE AVENUE - E TREMONT AVENUE
39.14,100,Staten Island,SIE E RICHMOND AVENUE - WOOLEY AVENUE
0.0,0,Brooklyn,GOW S 9TH STREET - 7TH AVENUE
17.39,624,Queens,VWE S MP2.66 (Exit 2 Rockaway Blvd) - Belt Pkwy E 182nd St
0.0,0,Brooklyn,GOW N 7TH AVENUE - 9TH STREET
56.54,193,Queens,CVE NB LIE - WILLETS PT BLVD
49.08,87,Brooklyn,GOW S 7TH AVENUE - 92ND STREET
41.63,112,Bronx,BWB S Toll Plaza - Queens Anchorage
41.63,90,Queens,Belt Pkwy W 182nd St - JFK Expressway
40.38,491,Manhattan,Westside Hwy N 57th St - GWB
49.08,131,Queens,Whitestone Expwy N Exit 14 (Linden Pl) - BWB N Queens Anchorage
16.15,147,Manhattan,FDR N - TBB E 116TH STREET - MANHATTAN TRUSS
51.57,83,Bronx,CBE AMSTERDAM AVE (L/LVL) - MORRIS AVE
23.61,208,Manhattan,LINCOLN TUNNEL W NORTH TUBE NY - NJ
0.0,0,Staten Island,MLK S - SIE E WALKER STREET - WOOLEY AVENUE
47.22,45,Brooklyn,VNB E-GOWANUS N BROOKLYN GANTRY UPPER LEVEL - 92ND STREET
48.46,96,Brooklyn,VNB W BROOKLYN GANTRY UPPER LEVEL - SI GANTRY UPPER LEVEL
50.95,91,Brooklyn,VNB W BROOKLYN GANTRY LOWER LEVEL - SI GANTRY LOWER LEVEL
41.01,92,Queens,Belt Pkwy W 182nd St - JFK Expressway
0.0,0,Manhattan,BBT E Manhattan Portal - Toll Plaza
38.52,97,Queens,Belt Pkwy W 182nd St - JFK Expressway
0.0,0,Staten Island,MLK S - SIE W WALKER STREET - RICHMOND AVENUE
54.05,153,Bronx,CBE E CASTLE HILL AVE - BE N WATERBURY AVE
55.3,208,Queens,CIP N TNB - Whitestone Expwy S Exit 14 (Linden Pl)
10.56,238,Manhattan,FDR S Catherine Slip - BKN Bridge Manhattan Side
49.7,110,Queens,Whitestone Expwy S Exit 14 (Linden Pl) - VWE S MP8.65 (Exit 13 Northern Blvd)
16.15,668,Queens,VWE S MP2.66 (Exit 2 Rockaway Blvd) - Belt Pkwy E 182nd St
50.95,105,Queens,VWE N MP6.39 (Exit 11 Jewel Ave) - MP8.65 (Exit 13 Northern Blvd)
2.48,2140,Manhattan,West St S Spring St - BBT Manhattan Portal outbound
0.0,0,Staten Island,MLK S - SIE E WALKER STREET - WOOLEY AVENUE
54.05,127,Manhattan,FDR S 63rd - 25th St
39.14,260,Manhattan,FDR N Catherine Slip - 25th St
43.49,90,Staten Island,SIE E RICHMOND AVENUE - WOOLEY AVENUE
44.73,47,Brooklyn,VNB E-GOWANUS N BROOKLYN GANTRY UPPER LEVEL - 92ND STREET
0.0,0,Staten Island,SIE W - MLK N WOOLEY AVENUE - WLAKER STREET
15.53,181,Staten Island,WSE S SOUTH AVENUE - VICTORY BOULEVARD
0.0,0,Manhattan,BBT W Toll Plaza - Manhattan Portal
41.01,265,Queens,VWE S MP2.66 (Exit 2 Rockaway Blvd) - Belt Pkwy E 182nd St
24.23,324,Queens,Laurelton Pkwy N @ SSP - CIP N Hempstead Tpk
44.73,166,Queens,TBB S MANHATTAN LIFT SPAN - QUEENS ANCHORAGE
54.68,92,Queens,LIE E 84TH ST - 108TH ST
59.03,48,Staten Island,SIE W RICHMOND AVENUE - SOUTH AVENUE
42.25,100,Bronx,CBE W MORRIS AVE - GWB W AMSTERDAM AVE (U/LVL)
21.74,493,Queens,VWE S MP2.66 (Exit 2 Rockaway Blvd) - Belt Pkwy E 182nd St
58.4,134,Staten Island,WSE S VICTORY BOULEVARD - ARDEN AVENUE
0.0,0,Queens,VWE S MP6.39 (Exit 11 Jewel Ave) - MP4.63 (Exit 6 Jamaica Ave)
0.0,0,Staten Island,MLK S - SIE W WALKER STREET - RICHMOND AVENUE
53.43,30,Staten Island,SIE E WOOLEY AVENUE - BRADLEY AVENUE
49.08,87,Bronx,CBE AMSTERDAM AVE (L/LVL) - MORRIS AVE
4.97,412,Manhattan,12th Ave S 57th St - 45th St
10.56,504,Queens,VWE S MP8.65 (Exit 13 Northern Blvd) - MP6.39 (Exit 11 Jewel Ave)
0.0,0,Manhattan,BBT W Toll Plaza - Manhattan Portal
49.7,43,Brooklyn,VNB E-GOWANUS N BROOKLYN GANTRY LOWER LEVEL - 92ND STREET
8.69,2252,Manhattan,Westside Hwy N 57th St - GWB
42.87,276,Queens,CIP N LIE ramp - TNB
54.68,108,Staten Island,SIE W FINGERBOARD ROAD - CLOVE ROAD
69.59,74,Staten Island,WSE S ARDEN AVENUE - BLOOMINGDALE ROAD
55.92,106,Staten Island,SIE W FINGERBOARD ROAD - CLOVE ROAD
9.32,272,Manhattan,FDR S Catherine Slip - BKN Bridge Manhattan Side
0.0,0,Manhattan,BBT W Toll Plaza - Manhattan Portal
0.0,0,Queens,TNB N Queens Anchorage - Toll Plaza
52.81,54,Staten Island,WSE S SOUTH AVENUE - VICTORY BOULEVARD
55.92,51,Staten Island,WSE S SOUTH AVENUE - VICTORY BOULEVARD
58.4,86,Staten Island,WSE N BLOOMUINGDALE ROAD - ARDEN AVENUE
37.28,42,Staten Island,SIE E WOOLEY AVENUE - BRADLEY AVENUE
34.17,70,Manhattan,TBB W - FDR S MANHATTAN TRUSS - E116TH STREET
41.63,133,Bronx,BRP N WATSON AVENUE - FORDHAM ROAD
57.16,68,Staten Island,SIE E RICHMOND AVENUE - WOOLEY AVENUE
44.11,121,Queens,VWE N MP6.39 (Exit 11 Jewel Ave) - MP8.65 (Exit 13 Northern Blvd)
23.61,305,Queens,TBB N QUEENS ANCHORAGE - BE N
14.91,212,Manhattan,12th Ave N 40th - 57th St
42.87,100,Bronx,CBE W MORRIS AVE - GWB W AMSTERDAM AVE (L/LVL)
48.46,51,Bronx,BWB N Toll Plaza - HRP N Lafayatte Ave
31.68,140,Bronx,BE S CASTLE HILL AVENUE - STRATFORD AVENUE
44.73,161,Queens,MDE S TBB EXIT RAMP - QUEENS ANCHORAGE
9.32,526,Queens,LIE E 84TH ST - 108TH ST
34.79,153,Manhattan,QMT E Manhattan Side - Toll Plaza
0.0,0,Brooklyn,GOW N 7TH AVENUE - 9TH STREET
49.7,43,Staten Island,VNB W-SIE W SI GANTRY LOWER LEVEL - FINGERBOARD ROAD
21.12,249,Manhattan,11th ave n ganservoort - 12th ave @ 40th st
0.0,0,Brooklyn,GOW N 92ND STREET - 7TH AVENUE
65.24,79,Staten Island,WSE S ARDEN AVENUE - BLOOMINGDALE ROAD
47.84,60,Staten Island,SIE W RICHMOND AVENUE - SOUTH AVENUE
52.19,159,Bronx,CBE E CASTLE HILL AVE - BE N WATERBURY AVE
34.17,114,Queens,LIE WB LITTLE NECK PKWY - NB CIP
14.29,387,Manhattan,LINCOLN TUNNEL E SOUTH TUBE - NJ - NY
52.81,50,Staten Island,SIE E SOUTH AVENUE - RICHMOND AVENUE
0.0,0,Manhattan,West St S Spring St - BBT Manhattan Portal outbound
30.44,292,Queens,VWE S MP6.39 (Exit 11 Jewel Ave) - MP4.63 (Exit 6 Jamaica Ave)
44.11,185,Queens,TBB N QUEENS ANCHORAGE - MANHATTAN LIFT SPAN
36.66,319,Queens,CIP N LIE ramp - TNB
56.54,104,Staten Island,SIE W FINGERBOARD ROAD - CLOVE ROAD
20.5,496,Manhattan,FDR N Catherine Slip - 25th St
13.04,752,Manhattan,FDR N Catherine Slip - 25th St
11.18,233,Staten Island,SIE E SOUTH AVENUE - RICHMOND AVENUE
52.19,48,Bronx,CBE E TAYLOR AVENUE - CASTLE HILL AVENUE
49.08,87,Brooklyn,GOW N 92ND STREET - 7TH AVENUE
8.07,766,Manhattan,12th ave @ 45th - 11 ave ganservoort st
49.7,108,Queens,VWE S MP8.65 (Exit 13 Northern Blvd) - MP6.39 (Exit 11 Jewel Ave)
36.03,137,Manhattan,LINCOLN TUNNEL W NORTH TUBE NY - NJ
14.91,159,Manhattan,TBB W - FDR S MANHATTAN TRUSS - E116TH STREET
0.0,0,Staten Island,MLK N WALKER STREET - NJ ROUTE 169
39.76,205,Bronx,I-87 NYST S Exit 1 - MDE S Van Cortlandt Park
64.62,80,Staten Island,WSE S ARDEN AVENUE - BLOOMINGDALE ROAD
44.11,122,Queens,VWE S MP8.65 (Exit 13 Northern Blvd) - MP6.39 (Exit 11 Jewel Ave)
41.01,56,Staten Island,SIE E VNB E FINGERBOARD ROAD - SI GANTRY LOWER LEVEL
41.63,58,Manhattan,TBB W - FDR S MANHATTAN TRUSS - E116TH STREET
26.09,273,Brooklyn,BQE N LEONARD STREET - 46TH STREET
44.11,105,Bronx,BWB S Toll Plaza - Queens Anchorage
61.51,84,Staten Island,WSE S ARDEN AVENUE - BLOOMINGDALE ROAD
49.08,151,Bronx,BE S Griswold - Castle Hill Avenue
49.7,86,Bronx,CBE E AMSTERDAM AVE(U/LVL) - MORRIS AVE
0.0,0,Bronx,CBE W L/LE V AMSTERDAM AVE - I 95 S LOC LNS
10.56,307,Manhattan,11th ave s ganservoort - west st @ spring st
14.91,216,Manhattan,11th ave s ganservoort - west st @ spring st
50.33,91,Brooklyn,VNB E SI GANTRY LOWER LEVEL - BROOLKYN GANTRY LOWER LEVEL
29.2,170,Queens,LIE W 108TH ST - 84TH ST
32.93,79,Manhattan,FDR S Catherine Slip - BKN Bridge Manhattan Side
29.82,110,Manhattan,11th ave s ganservoort - west st @ spring st
53.43,41,Queens,CIP N ramp to TNB - TNB Queens Anchorage
60.89,271,Queens,CVE NB GCP - WILLETS PT BLVD
27.34,302,Bronx,CBE W U/LEV AMSTERDAM AVE - I95 S EXP LNS
52.81,53,Staten Island,WSE S SOUTH AVENUE - VICTORY BOULEVARD
0.0,0,Staten Island,MLK N WALKER STREET - NJ ROUTE 169
47.22,416,Manhattan,Westside Hwy S GWB - 57th St
46.6,54,Bronx,BWB N Toll Plaza - HRP N Lafayatte Ave
41.01,39,Staten Island,SIE E WOOLEY AVENUE - BRADLEY AVENUE
50.33,49,Bronx,BWB N Toll Plaza - HRP N Lafayatte Ave
19.88,516,Manhattan,FDR N Catherine Slip - 25th St
36.03,219,Staten Island,WSE N ARDEN AVENUE - VICTORY BLVD
11.8,479,Manhattan,West St S Spring St - BBT Manhattan Portal outbound
42.87,270,Queens,CIP N TNB - Whitestone Expwy S Exit 14 (Linden Pl)
52.19,105,Staten Island,SIE E CLOVE ROAD - FINGERBOARD ROAD
44.11,173,Staten Island,440 N FRANCIS STREET - WSE N TYRELLAN AVE
50.95,388,Manhattan,Westside Hwy S GWB - 57th St
49.08,127,Staten Island,WSE S BLLOMINGDALE ROAD - TYRELLAN AVENUE
57.16,78,Bronx,BE S CASTLE HILL AVENUE - STRATFORD AVENUE
0.0,0,Staten Island,MLK N WALKER STREET - NJ ROUTE 169
59.03,118,Staten Island,SIE W - WSE S SOUTH AVENUE - SOUTH AVENUE
0.0,0,Queens,TNB S Toll Plaza - Queens Anchorage
55.92,123,Queens,VWE S MP4.63 (Exit 6 Jamaica Ave) - MP2.66 (Exit 2 Roackaway Blvd)
39.14,141,Bronx,BRP N WATSON AVENUE - FORDHAM ROAD
11.8,761,Queens,VWE S MP6.39 (Exit 11 Jewel Ave) - MP4.63 (Exit 6 Jamaica Ave)
43.49,165,Queens,MDE S TBB EXIT RAMP - QUEENS ANCHORAGE
14.29,379,Manhattan,LINCOLN TUNNEL E SOUTH TUBE - NJ - NY
50.95,91,Bronx,BE N STRATFORD AVENUE - CASTLE HILL AVE
46.6,91,Bronx,CBE E AMSTERDAM AVE(U/LVL) - MORRIS AVE
48.46,95,Brooklyn,VNB W BROOKLYN GANTRY LOWER LEVEL - SI GANTRY LOWER LEVEL
19.26,111,Brooklyn,VNB E-GOWANUS N BROOKLYN GANTRY UPPER LEVEL - 92ND STREET
0.0,0,Bronx,BRP S FORDHAM ROAD - WATSON AVENUE
11.18,489,Manhattan,LINCOLN TUNNEL E CENTER TUBE NJ - NY
52.19,142,Bronx,BE N Castle Hill Avenue - Griswold Ave
42.87,59,Bronx,BWB N Toll Plaza - HRP N Lafayatte Ave
54.68,144,Staten Island,WSE N ARDEN AVENUE - VICTORY BLVD
46.6,99,Brooklyn,VNB E SI GANTRY UPPER LEVEL - BROOKLYN GANTRY UPPER LEVEL
26.71,598,Queens,CIP NB GCP - TNB
53.43,110,Staten Island,SIE W FINGERBOARD ROAD - CLOVE ROAD
0.0,0,Staten Island,MLK S - SIE W WALKER STREET - RICHMOND AVENUE
51.57,139,Brooklyn,BQE S 46TH STREET - LEONARD STREET
16.15,315,Bronx,MDE N RFK Bridge - 142nd St
45.36,47,Brooklyn,GOW S VNB W 92ND STREET - BKLYN GANTRY LOWER LEVEL
51.57,148,Staten Island,WSE S TYRELLAN AVENUE - 440 S FRANCIS STREET
50.95,31,Staten Island,SIE E WOOLEY AVENUE - BRADLEY AVENUE
55.3,84,Brooklyn,VNB W BROOKLYN GANTRY LOWER LEVEL - SI GANTRY LOWER LEVEL
49.7,50,Bronx,BWB N Toll Plaza - HRP N Lafayatte Ave
0.0,0,Brooklyn,GOW N 7TH AVENUE - 9TH STREET
50.95,91,Bronx,BE N STRATFORD AVENUE - CASTLE HILL AVE
50.33,147,Manhattan,GWB E LOWER LEVEL PLAZA - CBE E LOWER LEVEL AMSTERDAM AVE
55.3,135,Staten Island,WSE N TYRELLAN AVENUE - BLOOMINGDALE ROAD
55.3,84,Brooklyn,VNB W BROOKLYN GANTRY LOWER LEVEL - SI GANTRY LOWER LEVEL
29.2,189,Manhattan,LINCOLN TUNNEL E SOUTH TUBE - NJ - NY
32.31,220,Brooklyn,BQE S 46TH STREET - LEONARD STREET
40.38,53,Brooklyn,VNB E-GOWANUS N BROOKLYN GANTRY UPPER LEVEL - 92ND STREET
25.47,349,Queens,VWE S MP6.39 (Exit 11 Jewel Ave) - MP4.63 (Exit 6 Jamaica Ave)
54.05,86,Brooklyn,VNB W BROOKLYN GANTRY LOWER LEVEL - SI GANTRY LOWER LEVEL
38.52,266,Manhattan,FDR N Catherine Slip - 25th St
21.12,205,Bronx,MDE S HARLEM RIVER PARK - GWB W AMSTERDAM AVENUE UPPER LEVEL
16.15,330,Queens,QMT W Toll Plaza - Manhattan Side
47.84,111,Queens,VWE N MP6.39 (Exit 11 Jewel Ave) - MP8.65 (Exit 13 Northern Blvd)
22.36,454,Manhattan,FDR S 25th St - Catherine Slip
48.46,59,Staten Island,WSE S SOUTH AVENUE - VICTORY BOULEVARD
60.27,53,Staten Island,WSE N VICTORY BLVD - SOUTH AVENUE
18.01,155,Staten Island,WSE S SOUTH AVENUE - VICTORY BOULEVARD
46.6,81,Queens,Belt Pkwy W 182nd St - JFK Expressway
13.04,539,Queens,TBB N QUEENS ANCHORAGE - BE N
49.08,113,Staten Island,SIE E CLOVE ROAD - FINGERBOARD ROAD
11.8,1022,Queens,Belt Pkwy W JFK Expressway - VWE N Jamaica Ave
0.0,0,Staten Island,MLK S - SIE W WALKER STREET - RICHMOND AVENUE
43.49,187,Queens,TBB N QUEENS ANCHORAGE - MANHATTAN LIFT SPAN
0.0,0,Staten Island,SIE W - MLK N WOOLEY AVENUE - WLAKER STREET
19.88,264,Manhattan,11th ave n ganservoort - 12th ave @ 40th st
0.0,0,Brooklyn,GOW N 7TH AVENUE - 9TH STREET
52.19,137,Brooklyn,BQE N LEONARD STREET - 46TH STREET
52.19,88,Brooklyn,VNB E SI GANTRY LOWER LEVEL - BROOLKYN GANTRY LOWER LEVEL
24.23,264,Queens,Whitestone Expwy N Exit 14 (Linden Pl) - BWB N Queens Anchorage
0.0,0,Staten Island,MLK S - SIE E WALKER STREET - WOOLEY AVENUE
57.78,46,Staten Island,SIE E SOUTH AVENUE - RICHMOND AVENUE
0.0,0,Queens,CIP S Hempstead Tpk - Laurelton Pkwy @ SSP
55.3,81,Bronx,HRP N LAFAYETTE AVENUE - E TREMONT AVENUE
0.0,0,Staten Island,WSE S TYRELLAN AVENUE - 440 S FRANCIS STREET
16.15,397,Manhattan,12th ave @ 45th - 11 ave ganservoort st
36.66,72,Manhattan,FDR S Catherine Slip - BKN Bridge Manhattan Side
55.3,198,Queens,CIP S LIE - Hempstead Tpk
40.38,114,Bronx,BE N STRATFORD AVENUE - CASTLE HILL AVE
2.48,2284,Manhattan,BBT W Toll Plaza - Manhattan Portal
59.65,47,Staten Island,SIE W RICHMOND AVENUE - SOUTH AVENUE
5.59,711,Bronx,MDE S HARLEM RIVER PARK - GWB W AMSTERDAM AVENUE UPPER LEVEL
52.19,141,Manhattan,GWB E LOWER LEVEL PLAZA - CBE E LOWER LEVEL AMSTERDAM AVE
50.95,31,Staten Island,SIE E WOOLEY AVENUE - BRADLEY AVENUE
21.74,290,Manhattan,12th ave @ 45th - 11 ave ganservoort st
27.96,152,Bronx,CBE W MORRIS AVE - GWB W AMSTERDAM AVE (L/LVL)
7.45,726,Manhattan,West St S Spring St - BBT Manhattan Portal outbound
43.49,204,Queens,VWE S MP6.39 (Exit 11 Jewel Ave) - MP4.63 (Exit 6 Jamaica Ave)
35.41,66,Manhattan,FDR N - TBB E 116TH STREET - MANHATTAN TRUSS
32.93,208,Manhattan,FDR N 25th - 63rd St
0.0,0,Manhattan,West St S Spring St - BBT Manhattan Portal outbound
40.38,149,Staten Island,WSE N-SIE E SOUTH AVENUE - SOUTH AVENUE
45.98,46,Brooklyn,GOW S VNB W 92ND STREET - BKLYN GANTRY UPPER LEVEL
0.0,0,Queens,TNB N Queens Anchorage - Toll Plaza
44.73,200,Queens,VWE S MP6.39 (Exit 11 Jewel Ave) - MP4.63 (Exit 6 Jamaica Ave)
0.0,0,Staten Island,MLK S - SIE E WALKER STREET - WOOLEY AVENUE
41.63,55,Staten Island,SIE E VNB E FINGERBOARD ROAD - SI GANTRY LOWER LEVEL
22.36,483,Queens,VWE S MP2.66 (Exit 2 Rockaway Blvd) - Belt Pkwy E 182nd St
50.33,50,Bronx,CBE E TAYLOR AVENUE - CASTLE HILL AVENUE
0.0,0,Queens,CIP NB GCP - TNB
54.05,86,Brooklyn,VNB E SI GANTRY LOWER LEVEL - BROOLKYN GANTRY LOWER LEVEL
37.28,241,Queens,VWE N MP4.63 (Exit 6 - Jamaica Ave) - MP6.39 (Exit 11 Jewel Ave)
26.71,379,Manhattan,FDR N Catherine Slip - 25th St
31.68,174,Bronx,BRP N WATSON AVENUE - FORDHAM ROAD
0.0,0,Staten Island,SIE E-MLK N RICHMOND AVENUE - WALKER STREET
31.68,158,Manhattan,LINCOLN TUNNEL W NORTH TUBE NY - NJ
54.05,46,Bronx,CBE E TAYLOR AVENUE - CASTLE HILL AVENUE
55.3,125,Queens,VWE S MP4.63 (Exit 6 Jamaica Ave) - MP2.66 (Exit 2 Roackaway Blvd)
54.05,366,Manhattan,Westside Hwy N 57th St - GWB
44.73,103,Brooklyn,VNB E SI GANTRY UPPER LEVEL - BROOKLYN GANTRY UPPER LEVEL
51.57,90,Queens,BWB N Queens Anchorage - Toll Plaza
55.92,79,Bronx,HRP N LAFAYETTE AVENUE - E TREMONT AVENUE
53.43,141,Staten Island,WSE N TYRELLAN AVENUE - BLOOMINGDALE ROAD
40.38,271,Queens,CIP N Hempstead Tpk - LIE
9.94,422,Bronx,CBE W MORRIS AVE - GWB W AMSTERDAM AVE (L/LVL)
47.22,49,Staten Island,SIE E VNB E FINGERBOARD ROAD - SI GANTRY LOWER LEVEL
54.05,138,Bronx,BE N Castle Hill Avenue - Griswold Ave
16.15,740,Queens,Belt Pkwy W JFK Expressway - VWE N Jamaica Ave
16.15,308,Queens,LIE W 108TH ST - 84TH ST
44.73,99,Bronx,MDE S HARLEM RIVER PARK - GWB W AMSTERDAM AVENUE LOWER LEVEL
44.11,189,Bronx,CBE E CASTLE HILL AVE - BE N WATERBURY AVE
47.22,176,Bronx,CBE E CASTLE HILL AVE - BE N WATERBURY AVE
0.0,0,Bronx,BRP S FORDHAM ROAD - WATSON AVENUE
0.0,0,Brooklyn,GOW S 7TH AVENUE - 92ND STREET
51.57,104,Queens,VWE S MP8.65 (Exit 13 Northern Blvd) - MP6.39 (Exit 11 Jewel Ave)
21.12,238,Manhattan,LINCOLN TUNNEL W NORTH TUBE NY - NJ
26.09,209,Manhattan,LINCOLN TUNNEL E CENTER TUBE NJ - NY
3.72,560,Manhattan,12th Ave S 57th St - 45th St
50.95,76,Staten Island,SIE E RICHMOND AVENUE - WOOLEY AVENUE
55.3,81,Bronx,BE S CASTLE HILL AVENUE - STRATFORD AVENUE
55.92,125,Staten Island,SIE W - WSE S SOUTH AVENUE - SOUTH AVENUE
0.0,0,Staten Island,SIE E-MLK N RICHMOND AVENUE - WALKER STREET
50.33,42,Brooklyn,VNB E-GOWANUS N BROOKLYN GANTRY LOWER LEVEL - 92ND STREET
39.14,100,Queens,LIE WB LITTLE NECK PKWY - NB CIP
22.99,312,Queens,TBB N QUEENS ANCHORAGE - BE N
50.33,143,Queens,MDE S TBB EXIT RAMP - QUEENS ANCHORAGE
51.57,49,Bronx,CBE E TAYLOR AVENUE - CASTLE HILL AVENUE
62.75,62,Staten Island,SIE W WOOLEY AVENUE - RICHMOND AVENUE
37.28,105,Staten Island,SIE E RICHMOND AVENUE - WOOLEY AVENUE
21.74,557,Queens,Belt Pkwy W JFK Expressway - VWE N Jamaica Ave
50.95,91,Bronx,BWB S Toll Plaza - Queens Anchorage
0.0,0,Staten Island,SIE E-MLK N RICHMOND AVENUE - WALKER STREET
64.0,81,Staten Island,WSE S ARDEN AVENUE - BLOOMINGDALE ROAD
46.6,218,Manhattan,FDR S 25th St - Catherine Slip
60.27,115,Staten Island,SIE W - WSE S SOUTH AVENUE - SOUTH AVENUE
59.65,42,Bronx,CBE E TAYLOR AVENUE - CASTLE HILL AVENUE
44.73,186,Bronx,CBE E CASTLE HILL AVE - BE N WATERBURY AVE
40.38,291,Queens,CIP N LIE ramp - TNB
31.68,202,Manhattan,BBT W Toll Plaza - Manhattan Portal
52.19,105,Queens,Whitestone Expwy S Exit 14 (Linden Pl) - VWE S MP8.65 (Exit 13 Northern Blvd)
45.98,47,Queens,CIP N ramp to TNB - TNB Queens Anchorage
39.14,275,Queens,VWE S MP2.66 (Exit 2 Rockaway Blvd) - Belt Pkwy E 182nd St
41.63,196,Queens,TBB N QUEENS ANCHORAGE - MANHATTAN LIFT SPAN
45.98,48,Queens,CIP N ramp to TNB - TNB Queens Anchorage
52.81,304,Queens,CIP NB GCP - TNB
24.85,301,Staten Island,WSE N TYRELLAN AVENUE - BLOOMINGDALE ROAD
0.0,0,Brooklyn,GOW N 9TH STREET - ATLANTIC AVENUE
44.11,32,Staten Island,SIE W BRADLEY AVENUE - WOOLEY AVENUE
41.63,133,Queens,Whitestone Expwy S Exit 14 (Linden Pl) - VWE S MP8.65 (Exit 13 Northern Blvd)
47.22,117,Bronx,BRP N WATSON AVENUE - FORDHAM ROAD
49.7,46,Staten Island,SIE E VNB E FINGERBOARD ROAD - SI GANTRY LOWER LEVEL
0.0,0,Queens,TNB N Queens Anchorage - Toll Plaza
0.0,0,Bronx,CBE W L/LE V AMSTERDAM AVE - I 95 S LOC LNS
41.01,52,Staten Island,VNB W-SIE W SI GANTRY LOWER LEVEL - FINGERBOARD ROAD
49.7,107,Queens,VWE N MP6.39 (Exit 11 Jewel Ave) - MP8.65 (Exit 13 Northern Blvd)
15.53,317,Manhattan,LINCOLN TUNNEL W NORTH TUBE NY - NJ
23.61,453,Queens,VWE S MP2.66 (Exit 2 Rockaway Blvd) - Belt Pkwy E 182nd St
19.88,195,Staten Island,SIE E RICHMOND AVENUE - WOOLEY AVENUE
26.71,381,Manhattan,FDR S 25th St - Catherine Slip
56.54,123,Staten Island,SIE W - WSE S SOUTH AVENUE - SOUTH AVENUE
29.82,218,Manhattan,BBT W Toll Plaza - Manhattan Portal
43.49,98,Bronx,CBE W MORRIS AVE - GWB W AMSTERDAM AVE (L/LVL)
55.3,135,Bronx,BE S Griswold - Castle Hill Avenue
58.4,157,Queens,Laurelton Pkwy S @ SSP - Belt Pkwy W 182nd St
4.34,475,Manhattan,12th Ave S 57th St - 45th St
0.0,0,Staten Island,MLK S - SIE W WALKER STREET - RICHMOND AVENUE
47.84,52,Bronx,BWB N Toll Plaza - HRP N Lafayatte Ave
14.91,423,Manhattan,12th ave @ 45th - 11 ave ganservoort st
41.63,90,Queens,Belt Pkwy W 182nd St - JFK Expressway
32.93,327,Queens,VWE S MP2.66 (Exit 2 Rockaway Blvd) - Belt Pkwy E 182nd St
40.38,271,Queens,CVE NB LIE - WILLETS PT BLVD
53.43,117,Staten Island,WSE S BLLOMINGDALE ROAD - TYRELLAN AVENUE
52.81,85,Bronx,HRP N LAFAYETTE AVENUE - E TREMONT AVENUE
19.26,627,Queens,Belt Pkwy W JFK Expressway - VWE N Jamaica Ave
45.36,165,Bronx,BE S Griswold - Castle Hill Avenue
11.18,477,Manhattan,11th ave n ganservoort - 12th ave @ 40th st
52.19,119,Staten Island,WSE S BLLOMINGDALE ROAD - TYRELLAN AVENUE
22.36,451,Manhattan,FDR N Catherine Slip - 25th St
41.63,102,Bronx,CBE W MORRIS AVE - GWB W AMSTERDAM AVE (U/LVL)
38.52,63,Manhattan,TBB W - FDR S MANHATTAN TRUSS - E116TH STREET
51.57,103,Queens,VWE N MP8.64 (Exit 13 Northern Blvd) - Whitestone Expwy Exit 14 (Linden Pl)
53.43,93,Queens,LIE W 108TH ST - 84TH ST
53.43,309,Queens,CVE NB GCP - WILLETS PT BLVD
53.43,73,Staten Island,SIE E RICHMOND AVENUE - WOOLEY AVENUE
22.99,183,Brooklyn,GOW N 92ND STREET - 7TH AVENUE
54.68,168,Queens,Laurelton Pkwy S @ SSP - Belt Pkwy W 182nd St
56.54,132,Bronx,BE S Griswold - Castle Hill Avenue
36.03,206,Queens,TBB S MANHATTAN LIFT SPAN - QUEENS ANCHORAGE
46.6,100,Queens,BWB N Queens Anchorage - Toll Plaza
44.73,47,Brooklyn,GOW S VNB W 92ND STREET - BKLYN GANTRY LOWER LEVEL
0.0,0,Manhattan,11th ave s ganservoort - west st @ spring st
0.0,0,Bronx,BRP S FORDHAM ROAD - WATSON AVENUE
0.0,0,Staten Island,MLK S - SIE W WALKER STREET - RICHMOND AVENUE
20.5,397,Bronx,CBE W U/LEV AMSTERDAM AVE - I95 S EXP LNS
52.81,88,Brooklyn,VNB E SI GANTRY LOWER LEVEL - BROOLKYN GANTRY LOWER LEVEL
49.7,93,Brooklyn,VNB W BROOKLYN GANTRY UPPER LEVEL - SI GANTRY UPPER LEVEL
36.66,58,Staten Island,VNB W-SIE W SI GANTRY LOWER LEVEL - FINGERBOARD ROAD
43.49,250,Queens,CVE NB LIE - WILLETS PT BLVD
34.79,152,Manhattan,QMT E Manhattan Side - Toll Plaza
0.0,0,Brooklyn,GOW N 9TH STREET - ATLANTIC AVENUE
51.57,90,Bronx,BWB S Toll Plaza - Queens Anchorage
6.21,840,Manhattan,LINCOLN TUNNEL E SOUTH TUBE - NJ - NY
0.0,0,Queens,BE S TBB EXIT RAMP - QUEENS ANCHORAGE
0.0,0,Brooklyn,GOW N 92ND STREET - 7TH AVENUE
54.68,152,Bronx,CBE E CASTLE HILL AVE - BE N WATERBURY AVE
20.5,264,Manhattan,11th ave n ganservoort - 12th ave @ 40th st
0.0,0,Staten Island,MLK N WALKER STREET - NJ ROUTE 169
48.46,96,Brooklyn,VNB W BROOKLYN GANTRY UPPER LEVEL - SI GANTRY UPPER LEVEL
49.08,87,Brooklyn,GOW N 92ND STREET - 7TH AVENUE
60.89,53,Staten Island,WSE N VICTORY BLVD - SOUTH AVENUE
42.87,92,Queens,LIE WB LITTLE NECK PKWY - NB CIP
31.68,158,Manhattan,LINCOLN TUNNEL W NORTH TUBE NY - NJ
41.01,61,Bronx,HRP S Lafayette Ave - BWB S Toll Plaza
36.66,193,Brooklyn,BQE S 46TH STREET - LEONARD STREET
52.81,105,Staten Island,SIE E CLOVE ROAD - FINGERBOARD ROAD
9.94,620,Manhattan,BBT W Toll Plaza - Manhattan Portal
47.84,144,Queens,VWE S MP4.63 (Exit 6 Jamaica Ave) - MP2.66 (Exit 2 Roackaway Blvd)
49.08,94,Brooklyn,VNB E SI GANTRY LOWER LEVEL - BROOLKYN GANTRY LOWER LEVEL
42.25,131,Manhattan,LINCOLN TUNNEL W CENTER TUBE NY - NJ
14.29,224,Manhattan,12th Ave N 40th - 57th St
57.78,44,Bronx,CBE E TAYLOR AVENUE - CASTLE HILL AVENUE
54.05,118,Queens,BWB S Queens Anchorage - WSE S Exit 14 (Linden Pl)
56.54,47,Staten Island,SIE E SOUTH AVENUE - RICHMOND AVENUE
51.57,49,Bronx,CBE E TAYLOR AVENUE - CASTLE HILL AVENUE
49.7,121,Staten Island,WSE N-SIE E SOUTH AVENUE - SOUTH AVENUE
50.95,49,Bronx,CBE E TAYLOR AVENUE - CASTLE HILL AVENUE
50.33,49,Bronx,BWB N Toll Plaza - HRP N Lafayatte Ave
51.57,73,Queens,Belt Pkwy W 182nd St - JFK Expressway
54.68,97,Queens,VWE S MP8.65 (Exit 13 Northern Blvd) - MP6.39 (Exit 11 Jewel Ave)
0.0,0,Manhattan,11th ave s ganservoort - west st @ spring st
22.99,357,Bronx,CBE W U/LEV AMSTERDAM AVE - I95 S EXP LNS
33.55,163,Manhattan,LINCOLN TUNNEL E CENTER TUBE NJ - NY
50.95,41,Brooklyn,VNB E-GOWANUS N BROOKLYN GANTRY LOWER LEVEL - 92ND STREET
26.09,99,Manhattan,BKN Bridge Manhattan Side - FDR N Catherine Slip
0.0,0,Manhattan,BBT W Toll Plaza - Manhattan Portal
0.0,0,Staten Island,ROUTE 169 S - MLK WALKER STREET
41.63,179,Queens,TBB S MANHATTAN LIFT SPAN - QUEENS ANCHORAGE
32.93,151,Queens,LIE E 84TH ST - 108TH ST
31.06,46,Staten Island,SIE W BRADLEY AVENUE - WOOLEY AVENUE
6.83,816,Manhattan,West St S Spring St - BBT Manhattan Portal outbound
16.77,313,Manhattan,QMT E Manhattan Side - Toll Plaza
14.29,179,Manhattan,BKN Bridge Manhattan Side - FDR N Catherine Slip
24.85,353,Queens,VWE S MP6.39 (Exit 11 Jewel Ave) - MP4.63 (Exit 6 Jamaica Ave)
0.0,0,Staten Island,MLK N WALKER STREET - NJ ROUTE 169
26.09,259,Queens,VWE S MP4.63 (Exit 6 Jamaica Ave) - MP2.66 (Exit 2 Roackaway Blvd)
52.81,146,Staten Island,WSE S TYRELLAN AVENUE - 440 S FRANCIS STREET
20.5,240,Queens,LIE E 84TH ST - 108TH ST
47.84,29,Staten Island,SIE W BRADLEY AVENUE - WOOLEY AVENUE
41.63,51,Brooklyn,GOW S VNB W 92ND STREET - BKLYN GANTRY UPPER LEVEL
13.67,400,Manhattan,LINCOLN TUNNEL E SOUTH TUBE - NJ - NY
20.5,263,Manhattan,11th ave n ganservoort - 12th ave @ 40th st
27.34,80,Queens,CIP N ramp to TNB - TNB Queens Anchorage
53.43,86,Brooklyn,VNB E SI GANTRY LOWER LEVEL - BROOLKYN GANTRY LOWER LEVEL
51.57,52,Queens,TNB S Qns Anchorage - CIP S @ TNB
44.11,68,Queens,BE S TBB EXIT RAMP - MANHATTAN LIFT SPAN
0.0,0,Manhattan,BQE N Atlantic Ave - MAN Bridge Manhattan Side
47.22,163,Staten Island,440 N FRANCIS STREET - WSE N TYRELLAN AVE
44.11,125,Bronx,BRP N WATSON AVENUE - FORDHAM ROAD
47.22,159,Queens,TBB S MANHATTAN LIFT SPAN - QUEENS ANCHORAGE
56.54,284,Queens,CIP NB GCP - TNB
45.36,50,Staten Island,SIE E VNB E FINGERBOARD ROAD - SI GANTRY UPPER LEVEL
49.08,80,Staten Island,SIE E RICHMOND AVENUE - WOOLEY AVENUE
51.57,230,Queens,CIP N LIE ramp - TNB
46.6,153,Brooklyn,BQE S 46TH STREET - LEONARD STREET
36.66,64,Manhattan,FDR N - TBB E 116TH STREET - MANHATTAN TRUSS
61.51,63,Staten Island,SIE W WOOLEY AVENUE - RICHMOND AVENUE
13.04,426,Manhattan,LINCOLN TUNNEL E CENTER TUBE NJ - NY
49.7,93,Brooklyn,VNB E SI GANTRY LOWER LEVEL - BROOLKYN GANTRY LOWER LEVEL
55.3,173,Queens,LIE WB LITTLE NECK PKWY - NB CVE
50.95,126,Queens,BWB S Queens Anchorage - WSE S Exit 14 (Linden Pl)
19.88,122,Manhattan,TBB W - FDR S MANHATTAN TRUSS - E116TH STREET
47.84,89,Bronx,CBE W MORRIS AVE - GWB W AMSTERDAM AVE (U/LVL)
30.44,292,Queens,VWE N MP4.63 (Exit 6 - Jamaica Ave) - MP6.39 (Exit 11 Jewel Ave)
57.78,55,Staten Island,WSE N VICTORY BLVD - SOUTH AVENUE
1.24,4569,Bronx,CBE W L/LE V AMSTERDAM AVE - I 95 S LOC LNS
40.38,137,Queens,Whitestone Expwy S Exit 14 (Linden Pl) - VWE S MP8.65 (Exit 13 Northern Blvd)
0.0,0,Staten Island,ROUTE 169 S - MLK WALKER STREET
60.27,85,Staten Island,WSE S ARDEN AVENUE - BLOOMINGDALE ROAD
0.0,0,Manhattan,11th ave s ganservoort - west st @ spring st
47.22,45,Staten Island,VNB W-SIE W SI GANTRY LOWER LEVEL - FINGERBOARD ROAD
0.0,0,Staten Island,SIE W - MLK N WOOLEY AVENUE - WLAKER STREET
55.3,139,Staten Island,WSE S TYRELLAN AVENUE - 440 S FRANCIS STREET
53.43,47,Bronx,CBE E TAYLOR AVENUE - CASTLE HILL AVENUE
56.54,69,Staten Island,SIE E RICHMOND AVENUE - WOOLEY AVENUE
0.0,0,Brooklyn,GOW N 7TH AVENUE - 9TH STREET
0.0,0,Manhattan,BQE N Atlantic Ave - BKN Bridge Manhattan Side
21.12,418,Queens,VWE S MP6.39 (Exit 11 Jewel Ave) - MP4.63 (Exit 6 Jamaica Ave)
50.33,110,Staten Island,SIE E CLOVE ROAD - FINGERBOARD ROAD
42.87,50,Brooklyn,GOW S VNB W 92ND STREET - BKLYN GANTRY UPPER LEVEL
36.03,67,Manhattan,TBB W - FDR S MANHATTAN TRUSS - E116TH STREET
40.38,53,Brooklyn,GOW S VNB W 92ND STREET - BKLYN GANTRY UPPER LEVEL
45.98,50,Staten Island,SIE E VNB E FINGERBOARD ROAD - SI GANTRY UPPER LEVEL
0.0,0,Staten Island,SIE E-MLK N RICHMOND AVENUE - WALKER STREET
56.54,117,Staten Island,SIE E BRADLEY AVENUE - CLOVE ROAD
46.6,46,Brooklyn,GOW S VNB W 92ND STREET - BKLYN GANTRY LOWER LEVEL
45.36,170,Staten Island,440 N FRANCIS STREET - WSE N TYRELLAN AVE
47.84,144,Queens,VWE S MP4.63 (Exit 6 Jamaica Ave) - MP2.66 (Exit 2 Roackaway Blvd)
45.98,177,Queens,TBB N QUEENS ANCHORAGE - MANHATTAN LIFT SPAN
0.0,0,Manhattan,LINCOLN TUNNEL E CENTER TUBE NJ - NY
9.32,443,Bronx,CBE AMSTERDAM AVE (L/LVL) - MORRIS AVE
45.98,46,Staten Island,VNB W-SIE W SI GANTRY LOWER LEVEL - FINGERBOARD ROAD
22.99,280,Manhattan,BBT E Manhattan Portal - Toll Plaza
52.19,143,Bronx,BE N Castle Hill Avenue - Griswold Ave
34.17,155,Queens,QMT W Toll Plaza - Manhattan Side
56.54,132,Bronx,BE N Castle Hill Avenue - Griswold Ave
0.0,0,Manhattan,LINCOLN TUNNEL W NORTH TUBE NY - NJ
34.79,254,Queens,VWE N MP4.63 (Exit 6 - Jamaica Ave) - MP6.39 (Exit 11 Jewel Ave)
0.0,0,Manhattan,BQE N Atlantic Ave - BKN Bridge Manhattan Side
16.15,262,Bronx,MDE S HARLEM RIVER PARK - GWB W AMSTERDAM AVENUE UPPER LEVEL
57.16,130,Bronx,BE N Castle Hill Avenue - Griswold Ave
0.0,0,Queens,TNB N Queens Anchorage - Toll Plaza
57.16,116,Staten Island,SIE E BRADLEY AVENUE - CLOVE ROAD
50.33,106,Queens,VWE S MP8.65 (Exit 13 Northern Blvd) - MP6.39 (Exit 11 Jewel Ave)
49.08,87,Brooklyn,GOW N 92ND STREET - 7TH AVENUE
49.7,86,Bronx,CBE AMSTERDAM AVE (L/LVL) - MORRIS AVE
12.42,184,Manhattan,FDR N - TBB E 116TH STREET - MANHATTAN TRUSS
0.0,0,Brooklyn,GOW N 7TH AVENUE - 9TH STREET
14.29,500,Queens,TBB N QUEENS ANCHORAGE - BE N
21.12,321,Manhattan,FDR N 25th - 63rd St
22.36,542,Queens,Belt Pkwy W JFK Expressway - VWE N Jamaica Ave
40.38,137,Manhattan,LINCOLN TUNNEL E SOUTH TUBE - NJ - NY
0.0,0,Staten Island,ROUTE 169 S - MLK WALKER STREET
33.55,305,Manhattan,FDR N Catherine Slip - 25th St
62.13,131,Bronx,I-87 NYST S Exit 1 - MDE S Van Cortlandt Park
36.03,191,Staten Island,SIE W - WSE S SOUTH AVENUE - SOUTH AVENUE
34.79,331,Queens,CIP N TNB - Whitestone Expwy S Exit 14 (Linden Pl)
54.68,85,Brooklyn,VNB E SI GANTRY LOWER LEVEL - BROOLKYN GANTRY LOWER LEVEL
50.33,84,Brooklyn,GOW S 7TH AVENUE - 92ND STREET
7.45,1036,Queens,Laurelton Pkwy N @ SSP - CIP N Hempstead Tpk
15.53,434,Queens,VWE S MP4.63 (Exit 6 Jamaica Ave) - MP2.66 (Exit 2 Roackaway Blvd)
1.24,2859,Queens,LIE W 108TH ST - 84TH ST
55.92,25,Staten Island,SIE W BRADLEY AVENUE - WOOLEY AVENUE
43.49,179,Queens,Laurelton Pkwy N @ SSP - CIP N Hempstead Tpk
26.71,81,Queens,CIP N ramp to TNB - TNB Queens Anchorage
20.5,256,Queens,VWE S MP8.65 (Exit 13 Northern Blvd) - MP6.39 (Exit 11 Jewel Ave)
55.92,140,Staten Island,WSE S VICTORY BOULEVARD - ARDEN AVENUE
19.88,232,Bronx,BWB S Toll Plaza - Queens Anchorage
44.11,48,Brooklyn,VNB E-GOWANUS N BROOKLYN GANTRY UPPER LEVEL - 92ND STREET
44.73,87,Queens,LIE WB LITTLE NECK PKWY - NB CIP
31.68,124,Staten Island,SIE E RICHMOND AVENUE - WOOLEY AVENUE
19.26,223,Brooklyn,GOW N 92ND STREET - 7TH AVENUE
42.87,174,Queens,TBB S MANHATTAN LIFT SPAN - QUEENS ANCHORAGE
19.88,357,Queens,TBB N QUEENS ANCHORAGE - BE N
52.19,82,Bronx,CBE E AMSTERDAM AVE(U/LVL) - MORRIS AVE
52.19,127,Staten Island,SIE E BRADLEY AVENUE - CLOVE ROAD
11.8,468,Manhattan,LINCOLN TUNNEL W CENTER TUBE NY - NJ
54.05,79,Brooklyn,GOW S 7TH AVENUE - 92ND STREET
37.9,146,Manhattan,LINCOLN TUNNEL E SOUTH TUBE - NJ - NY
27.34,249,Queens,TNB S Toll Plaza - Queens Anchorage
0.0,0,Staten Island,SIE E-MLK N RICHMOND AVENUE - WALKER STREET
39.76,240,Queens,LIE WB LITTLE NECK PKWY - NB CVE
41.63,55,Staten Island,SIE E VNB E FINGERBOARD ROAD - SI GANTRY LOWER LEVEL
38.52,79,Queens,BE S TBB EXIT RAMP - MANHATTAN LIFT SPAN
21.74,204,Bronx,BE S CASTLE HILL AVENUE - STRATFORD AVENUE
45.36,47,Brooklyn,GOW S VNB W 92ND STREET - BKLYN GANTRY LOWER LEVEL
45.36,152,Queens,VWE S MP4.63 (Exit 6 Jamaica Ave) - MP2.66 (Exit 2 Roackaway Blvd)
38.52,201,Queens,Laurelton Pkwy N @ SSP - CIP N Hempstead Tpk
60.27,131,Staten Island,WSE S VICTORY BOULEVARD - ARDEN AVENUE
52.81,27,Staten Island,SIE W BRADLEY AVENUE - WOOLEY AVENUE
53.43,53,Staten Island,WSE S SOUTH AVENUE - VICTORY BOULEVARD
24.23,110,Queens,TNB S Qns Anchorage - CIP S @ TNB
57.78,86,Staten Island,WSE N BLOOMUINGDALE ROAD - ARDEN AVENUE
47.22,90,Brooklyn,GOW S 7TH AVENUE - 92ND STREET
42.25,72,Queens,BE S TBB EXIT RAMP - MANHATTAN LIFT SPAN
4.97,1200,Manhattan,BBT W Toll Plaza - Manhattan Portal
32.93,66,Queens,CIP N ramp to TNB - TNB Queens Anchorage
49.7,126,Staten Island,WSE S BLLOMINGDALE ROAD - TYRELLAN AVENUE
55.3,48,Queens,TNB S Qns Anchorage - CIP S @ TNB
39.14,56,Queens,CIP N ramp to TNB - TNB Queens Anchorage
40.38,53,Staten island,VNB W-SIE W SI GANTRY UPPER LEVEL - FINGERBOARD ROAD
53.43,302,Queens,CIP NB GCP - TNB
26.09,385,Manhattan,FDR S 25th St - Catherine Slip
14.91,189,Staten Island,WSE S SOUTH AVENUE - VICTORY BOULEVARD
55.3,84,Brooklyn,VNB W BROOKLYN GANTRY UPPER LEVEL - SI GANTRY UPPER LEVEL
16.15,146,Manhattan,TBB W - FDR S MANHATTAN TRUSS - E116TH STREET
31.68,158,Manhattan,LINCOLN TUNNEL W NORTH TUBE NY - NJ
50.95,49,Bronx,BWB N Toll Plaza - HRP N Lafayatte Ave
19.88,120,Manhattan,FDR N - TBB E 116TH STREET - MANHATTAN TRUSS
13.04,676,Queens,VWE S MP6.39 (Exit 11 Jewel Ave) - MP4.63 (Exit 6 Jamaica Ave)
52.19,48,Bronx,CBE E TAYLOR AVENUE - CASTLE HILL AVENUE
52.19,175,Queens,Belt Pkwy E 182nd St - Laurelton Pkwy N @ SSP
43.49,185,Queens,TBB N QUEENS ANCHORAGE - MANHATTAN LIFT SPAN
52.81,71,Queens,Belt Pkwy W 182nd St - JFK Expressway
0.0,0,Staten Island,ROUTE 169 S - MLK WALKER STREET
54.68,85,Bronx,BE N STRATFORD AVENUE - CASTLE HILL AVE
56.54,117,Staten Island,SIE E BRADLEY AVENUE - CLOVE ROAD
48.46,44,Brooklyn,GOW S VNB W 92ND STREET - BKLYN GANTRY LOWER LEVEL
0.0,0,Manhattan,LINCOLN TUNNEL W NORTH TUBE NY - NJ
27.96,191,Queens,QMT W Toll Plaza - Manhattan Side
20.5,258,Manhattan,11th ave n ganservoort - 12th ave @ 40th st
9.94,608,Manhattan,12th ave @ 45th - 11 ave ganservoort st
7.45,291,Manhattan,12th Ave S 57th St - 45th St
49.7,221,Queens,CIP S LIE - Hempstead Tpk
51.57,90,Brooklyn,VNB W BROOKLYN GANTRY UPPER LEVEL - SI GANTRY UPPER LEVEL
18.01,237,Bronx,CBE AMSTERDAM AVE (L/LVL) - MORRIS AVE
45.98,46,Brooklyn,VNB E-GOWANUS N BROOKLYN GANTRY UPPER LEVEL - 92ND STREET
46.6,154,Queens,MDE S TBB EXIT RAMP - QUEENS ANCHORAGE
48.46,159,Staten Island,440 N FRANCIS STREET - WSE N TYRELLAN AVE
49.08,108,Queens,VWE N MP8.64 (Exit 13 Northern Blvd) - Whitestone Expwy Exit 14 (Linden Pl)
0.0,0,Manhattan,BQE N Atlantic Ave - MAN Bridge Manhattan Side
11.8,195,Manhattan,FDR N - TBB E 116TH STREET - MANHATTAN TRUSS
19.88,537,Queens,VWE S MP2.66 (Exit 2 Rockaway Blvd) - Belt Pkwy E 182nd St
0.0,0,Manhattan,Westside Hwy N 57th St - GWB
9.94,422,Bronx,CBE W MORRIS AVE - GWB W AMSTERDAM AVE (L/LVL)
42.25,33,Staten Island,SIE W BRADLEY AVENUE - WOOLEY AVENUE
27.34,251,Queens,VWE S MP4.63 (Exit 6 Jamaica Ave) - MP2.66 (Exit 2 Roackaway Blvd)
23.61,99,Manhattan,FDR N - TBB E 116TH STREET - MANHATTAN TRUSS
39.14,185,Queens,MDE S TBB EXIT RAMP - QUEENS ANCHORAGE
50.95,188,Queens,LIE WB LITTLE NECK PKWY - NB CVE
57.16,137,Staten Island,WSE N ARDEN AVENUE - VICTORY BLVD
22.36,289,Manhattan,BBT W Toll Plaza - Manhattan Portal
57.16,68,Staten Island,SIE W WOOLEY AVENUE - RICHMOND AVENUE
52.81,105,Queens,Whitestone Expwy S Exit 14 (Linden Pl) - VWE S MP8.65 (Exit 13 Northern Blvd)
0.0,0,Brooklyn,GOW S 9TH STREET - 7TH AVENUE
0.0,0,Bronx,CBE W L/LE V AMSTERDAM AVE - I 95 S LOC LNS
54.05,53,Staten Island,SIE W RICHMOND AVENUE - SOUTH AVENUE
12.42,445,Manhattan,LINCOLN TUNNEL E SOUTH TUBE - NJ - NY
54.05,154,Bronx,CBE E CASTLE HILL AVE - BE N WATERBURY AVE
46.6,61,Staten Island,SIE W RICHMOND AVENUE - SOUTH AVENUE
45.98,100,Brooklyn,VNB W BROOKLYN GANTRY UPPER LEVEL - SI GANTRY UPPER LEVEL
44.73,47,Brooklyn,VNB E-GOWANUS N BROOKLYN GANTRY UPPER LEVEL - 92ND STREET
52.81,122,Queens,BWB S Queens Anchorage - WSE S Exit 14 (Linden Pl)
56.54,290,Queens,CVE NB GCP - WILLETS PT BLVD
47.22,196,Queens,Belt Pkwy E 182nd St - Laurelton Pkwy N @ SSP
55.3,83,Queens,BWB N Queens Anchorage - Toll Plaza
56.54,113,Queens,BWB S Queens Anchorage - WSE S Exit 14 (Linden Pl)
24.85,335,Bronx,CBE W U/LEV AMSTERDAM AVE - I95 S EXP LNS
60.89,85,Staten Island,WSE S ARDEN AVENUE - BLOOMINGDALE ROAD
28.58,84,Manhattan,TBB W - FDR S MANHATTAN TRUSS - E116TH STREET
59.65,117,Staten Island,SIE W - WSE S SOUTH AVENUE - SOUTH AVENUE
22.99,218,Queens,LIE W 108TH ST - 84TH ST
19.26,220,Bronx,CBE E AMSTERDAM AVE(U/LVL) - MORRIS AVE
55.92,140,Staten Island,WSE S VICTORY BOULEVARD - ARDEN AVENUE
46.6,253,Queens,CIP N LIE ramp - TNB
50.33,92,Brooklyn,VNB E SI GANTRY UPPER LEVEL - BROOKLYN GANTRY UPPER LEVEL
52.81,142,Staten Island,WSE N TYRELLAN AVENUE - BLOOMINGDALE ROAD
1.86,2943,Manhattan,LINCOLN TUNNEL E CENTER TUBE NJ - NY
43.49,53,Staten Island,SIE E VNB E FINGERBOARD ROAD - SI GANTRY UPPER LEVEL
29.82,101,Queens,BE S TBB EXIT RAMP - MANHATTAN LIFT SPAN
31.06,263,Queens,TBB N QUEENS ANCHORAGE - MANHATTAN LIFT SPAN
39.76,138,Queens,Whitestone Expwy S Exit 14 (Linden Pl) - VWE S MP8.65 (Exit 13 Northern Blvd)
18.64,545,Manhattan,FDR N Catherine Slip - 25th St
40.38,287,Queens,CIP N TNB - Whitestone Expwy S Exit 14 (Linden Pl)
41.63,63,Manhattan,FDR S Catherine Slip - BKN Bridge Manhattan Side
51.57,124,Queens,BWB S Queens Anchorage - WSE S Exit 14 (Linden Pl)
42.87,55,Manhattan,FDR N - TBB E 116TH STREET - MANHATTAN TRUSS
46.6,45,Brooklyn,VNB E-GOWANUS N BROOKLYN GANTRY LOWER LEVEL - 92ND STREET
52.81,145,Staten Island,WSE S TYRELLAN AVENUE - 440 S FRANCIS STREET
44.11,209,Queens,Laurelton Pkwy S @ SSP - Belt Pkwy W 182nd St
49.08,54,Queens,TNB S Qns Anchorage - CIP S @ TNB
51.57,148,Staten Island,WSE S TYRELLAN AVENUE - 440 S FRANCIS STREET
51.57,124,Queens,BWB S Queens Anchorage - WSE S Exit 14 (Linden Pl)
55.3,51,Staten Island,SIE W RICHMOND AVENUE - SOUTH AVENUE
9.94,411,Bronx,CBE W MORRIS AVE - GWB W AMSTERDAM AVE (L/LVL)
0.0,0,Manhattan,BQE N Atlantic Ave - BKN Bridge Manhattan Side
55.3,107,Staten Island,SIE W FINGERBOARD ROAD - CLOVE ROAD
16.77,182,Queens,BE S TBB EXIT RAMP - MANHATTAN LIFT SPAN
52.19,103,Queens,VWE N MP6.39 (Exit 11 Jewel Ave) - MP8.65 (Exit 13 Northern Blvd)
49.7,44,Queens,CIP N ramp to TNB - TNB Queens Anchorage
58.4,139,Bronx,I-87 NYST S Exit 1 - MDE S Van Cortlandt Park
0.0,0,Brooklyn,GOW S 9TH STREET - 7TH AVENUE
53.43,308,Queens,CVE NB GCP - WILLETS PT BLVD
41.63,215,Queens,VWE S MP6.39 (Exit 11 Jewel Ave) - MP4.63 (Exit 6 Jamaica Ave)
31.06,172,Queens,QMT W Toll Plaza - Manhattan Side
37.9,146,Bronx,BRP N WATSON AVENUE - FORDHAM ROAD
0.0,0,Bronx,BRP S FORDHAM ROAD - WATSON AVENUE
55.3,143,Staten Island,WSE S VICTORY BOULEVARD - ARDEN AVENUE
21.74,227,Manhattan,LINCOLN TUNNEL W NORTH TUBE NY - NJ
56.54,104,Staten Island,SIE W FINGERBOARD ROAD - CLOVE ROAD
34.17,261,Queens,VWE S MP6.39 (Exit 11 Jewel Ave) - MP4.63 (Exit 6 Jamaica Ave)
24.85,330,Bronx,CBE W U/LEV AMSTERDAM AVE - I95 S EXP LNS
0.0,0,Brooklyn,BQE S 46TH STREET - LEONARD STREET
50.33,75,Queens,Belt Pkwy W 182nd St - JFK Expressway
55.92,140,Staten Island,WSE N ARDEN AVENUE - VICTORY BLVD
36.66,152,Manhattan,LINCOLN TUNNEL E CENTER TUBE NJ - NY
17.39,310,Manhattan,QMT E Manhattan Side - Toll Plaza
0.0,0,Manhattan,LINCOLN TUNNEL E CENTER TUBE NJ - NY
21.12,204,Bronx,MDE S HARLEM RIVER PARK - GWB W AMSTERDAM AVENUE UPPER LEVEL
45.98,350,Queens,CIP NB GCP - TNB
9.94,246,Bronx,HRP S Lafayette Ave - BWB S Toll Plaza
8.07,519,Bronx,MDE S HARLEM RIVER PARK - GWB W AMSTERDAM AVENUE LOWER LEVEL
55.92,109,Staten Island,WSE N-SIE E SOUTH AVENUE - SOUTH AVENUE
22.36,454,Manhattan,FDR N Catherine Slip - 25th St
52.81,101,Queens,VWE N MP8.64 (Exit 13 Northern Blvd) - Whitestone Expwy Exit 14 (Linden Pl)
17.39,184,Manhattan,12th Ave N 40th - 57th St
38.52,110,Bronx,CBE W MORRIS AVE - GWB W AMSTERDAM AVE (L/LVL)
50.95,91,Brooklyn,VNB E SI GANTRY UPPER LEVEL - BROOKLYN GANTRY UPPER LEVEL
46.6,46,Brooklyn,VNB E-GOWANUS N BROOKLYN GANTRY UPPER LEVEL - 92ND STREET
0.0,0,Staten Island,ROUTE 169 S - MLK WALKER STREET
28.58,374,Queens,VWE S MP2.66 (Exit 2 Rockaway Blvd) - Belt Pkwy E 182nd St
49.08,90,Bronx,BE S CASTLE HILL AVENUE - STRATFORD AVENUE
40.38,54,Queens,CIP N ramp to TNB - TNB Queens Anchorage
58.4,85,Staten Island,WSE N BLOOMUINGDALE ROAD - ARDEN AVENUE
51.57,145,Staten Island,WSE N TYRELLAN AVENUE - BLOOMINGDALE ROAD
0.0,0,Staten Island,ROUTE 169 S - MLK WALKER STREET
53.43,140,Staten Island,WSE N TYRELLAN AVENUE - BLOOMINGDALE ROAD
57.78,46,Queens,TNB S Qns Anchorage - CIP S @ TNB
26.71,192,Bronx,MDE N RFK Bridge - 142nd St
0.0,0,Queens,LIE WB LITTLE NECK PKWY - NB CVE
0.0,0,Brooklyn,GOW N 7TH AVENUE - 9TH STREET
55.92,48,Queens,TNB S Qns Anchorage - CIP S @ TNB
58.4,86,Staten Island,WSE N BLOOMUINGDALE ROAD - ARDEN AVENUE
26.09,263,Queens,VWE S MP4.63 (Exit 6 Jamaica Ave) - MP2.66 (Exit 2 Roackaway Blvd)
0.0,0,Staten Island,MLK N WALKER STREET - NJ ROUTE 169
36.66,58,Staten Island,VNB W-SIE W SI GANTRY LOWER LEVEL - FINGERBOARD ROAD
0.0,0,Manhattan,BBT E Manhattan Portal - Toll Plaza
50.33,49,Bronx,BWB N Toll Plaza - HRP N Lafayatte Ave
35.41,120,Bronx,CBE AMSTERDAM AVE (L/LVL) - MORRIS AVE
47.84,335,Queens,CIP NB GCP - TNB
27.34,195,Queens,QMT W Toll Plaza - Manhattan Side
26.71,161,Bronx,MDE S HARLEM RIVER PARK - GWB W AMSTERDAM AVENUE UPPER LEVEL
0.0,0,Staten Island,MLK N WALKER STREET - NJ ROUTE 169
26.09,387,Manhattan,FDR S 25th St - Catherine Slip
52.19,98,Bronx,MDE N RFK Bridge - 142nd St
7.45,1047,Bronx,CBE W L/LE V AMSTERDAM AVE - I 95 S LOC LNS
0.0,0,Brooklyn,GOW N 7TH AVENUE - 9TH STREET
50.33,75,Queens,Belt Pkwy W 182nd St - JFK Expressway
57.16,142,Bronx,I-87 NYST S Exit 1 - MDE S Van Cortlandt Park
46.6,146,Queens,TNB N Queens Anchorage - Toll Plaza
0.0,0,Manhattan,BBT W Toll Plaza - Manhattan Portal
33.55,78,Manhattan,FDR S Catherine Slip - BKN Bridge Manhattan Side
0.0,0,Manhattan,BQE N Atlantic Ave - BKN Bridge Manhattan Side
0.0,0,Brooklyn,GOW N 7TH AVENUE - 9TH STREET
50.95,151,Staten Island,WSE S TYRELLAN AVENUE - 440 S FRANCIS STREET
57.16,287,Queens,CVE NB GCP - WILLETS PT BLVD
19.88,165,Manhattan,11th ave s ganservoort - west st @ spring st
1.24,4034,Manhattan,West St S Spring St - BBT Manhattan Portal outbound
55.92,70,Staten Island,SIE E RICHMOND AVENUE - WOOLEY AVENUE
0.0,0,Manhattan,BQE N Atlantic Ave - BKN Bridge Manhattan Side
45.36,157,Brooklyn,BQE S 46TH STREET - LEONARD STREET
0.0,0,Staten Island,440 N FRANCIS STREET - WSE N TYRELLAN AVE
19.88,408,Bronx,CBE W U/LEV AMSTERDAM AVE - I95 S EXP LNS
0.0,0,Staten Island,SIE W - MLK N WOOLEY AVENUE - WLAKER STREET
57.78,86,Staten Island,WSE N BLOOMUINGDALE ROAD - ARDEN AVENUE
52.81,48,Bronx,CBE W CASTLE HILL AVENUE - TAYLOR AVENUE
52.81,157,Bronx,CBE E CASTLE HILL AVE - BE N WATERBURY AVE
26.71,592,Queens,CIP NB GCP - TNB
54.68,293,Queens,CIP NB GCP - TNB
0.0,0,Queens,BE S TBB EXIT RAMP - QUEENS ANCHORAGE
0.0,0,Brooklyn,GOW S 7TH AVENUE - 92ND STREET
2.48,990,Queens,BE S TBB EXIT RAMP - MANHATTAN LIFT SPAN
52.19,158,Bronx,CBE E CASTLE HILL AVE - BE N WATERBURY AVE
49.08,94,Brooklyn,VNB W BROOKLYN GANTRY UPPER LEVEL - SI GANTRY UPPER LEVEL
21.12,937,Manhattan,Westside Hwy S GWB - 57th St
26.71,384,Manhattan,FDR N Catherine Slip - 25th St
14.91,202,Queens,BE S TBB EXIT RAMP - MANHATTAN LIFT SPAN
25.47,395,Manhattan,FDR N Catherine Slip - 25th St
18.01,180,Manhattan,12th Ave N 40th - 57th St
38.52,132,Bronx,MDE N RFK Bridge - 142nd St
42.87,99,Bronx,CBE W MORRIS AVE - GWB W AMSTERDAM AVE (L/LVL)
53.43,167,Queens,VWE N MP4.63 (Exit 6 - Jamaica Ave) - MP6.39 (Exit 11 Jewel Ave)
43.49,451,Manhattan,Westside Hwy S GWB - 57th St
25.47,401,Manhattan,FDR S 25th St - Catherine Slip
35.41,287,Manhattan,FDR N Catherine Slip - 25th St
16.77,193,Manhattan,12th Ave N 40th - 57th St
22.99,308,Brooklyn,BQE S 46TH STREET - LEONARD STREET
27.34,238,Manhattan,BBT E Manhattan Portal - Toll Plaza
39.14,61,Manhattan,FDR N - TBB E 116TH STREET - MANHATTAN TRUSS
53.43,155,Bronx,CBE E CASTLE HILL AVE - BE N WATERBURY AVE
24.85,288,Brooklyn,BQE N LEONARD STREET - 46TH STREET
42.25,88,Queens,Belt Pkwy W 182nd St - JFK Expressway
45.36,47,Brooklyn,VNB E-GOWANUS N BROOKLYN GANTRY LOWER LEVEL - 92ND STREET
50.33,84,Brooklyn,GOW S 7TH AVENUE - 92ND STREET
53.43,129,Queens,VWE S MP4.63 (Exit 6 Jamaica Ave) - MP2.66 (Exit 2 Roackaway Blvd)
43.49,49,Staten Island,VNB W-SIE W SI GANTRY LOWER LEVEL - FINGERBOARD ROAD
19.26,323,Manhattan,12th ave @ 45th - 11 ave ganservoort st
47.22,45,Brooklyn,GOW S VNB W 92ND STREET - BKLYN GANTRY LOWER LEVEL
0.0,0,Brooklyn,BQE S - GOW S ALTANTIC AVENUE - 9TH STREET
22.36,192,Bronx,MDE S HARLEM RIVER PARK - GWB W AMSTERDAM AVENUE UPPER LEVEL
9.32,339,Manhattan,11th ave s ganservoort - west st @ spring st
45.98,46,Brooklyn,GOW S VNB W 92ND STREET - BKLYN GANTRY UPPER LEVEL
51.57,83,Brooklyn,GOW N 92ND STREET - 7TH AVENUE
54.68,46,Bronx,CBE E TAYLOR AVENUE - CASTLE HILL AVENUE
34.17,70,Manhattan,TBB W - FDR S MANHATTAN TRUSS - E116TH STREET
39.76,138,Manhattan,LINCOLN TUNNEL W CENTER TUBE NY - NJ
52.81,88,Brooklyn,VNB W BROOKLYN GANTRY LOWER LEVEL - SI GANTRY LOWER LEVEL
55.3,142,Staten Island,WSE S VICTORY BOULEVARD - ARDEN AVENUE
50.95,45,Staten Island,SIE E VNB E FINGERBOARD ROAD - SI GANTRY LOWER LEVEL
47.22,106,Queens,LIE E 84TH ST - 108TH ST
49.08,160,Staten Island,WSE S VICTORY BOULEVARD - ARDEN AVENUE
50.95,323,Queens,CVE NB GCP - WILLETS PT BLVD
62.13,83,Staten Island,WSE S ARDEN AVENUE - BLOOMINGDALE ROAD
27.96,286,Queens,TBB N QUEENS ANCHORAGE - MANHATTAN LIFT SPAN
1.86,1649,Manhattan,11th ave s ganservoort - west st @ spring st
49.7,180,Queens,VWE N MP4.63 (Exit 6 - Jamaica Ave) - MP6.39 (Exit 11 Jewel Ave)
27.96,410,Queens,CIP N TNB - Whitestone Expwy S Exit 14 (Linden Pl)
57.16,103,Staten Island,SIE W FINGERBOARD ROAD - CLOVE ROAD
42.25,51,Staten Island,VNB W-SIE W SI GANTRY LOWER LEVEL - FINGERBOARD ROAD
51.57,148,Staten Island,440 N FRANCIS STREET - WSE N TYRELLAN AVE
45.98,209,Queens,LIE WB LITTLE NECK PKWY - NB CVE
50.95,87,Bronx,BE S CASTLE HILL AVENUE - STRATFORD AVENUE
45.36,165,Bronx,BE N Castle Hill Avenue - Griswold Ave
56.54,132,Bronx,BE N Castle Hill Avenue - Griswold Ave
45.36,47,Brooklyn,GOW S VNB W 92ND STREET - BKLYN GANTRY LOWER LEVEL
54.05,296,Queens,CIP NB GCP - TNB
42.25,257,Queens,CVE NB LIE - WILLETS PT BLVD
0.0,0,Manhattan,BQE N Atlantic Ave - MAN Bridge Manhattan Side
55.3,143,Staten Island,WSE N ARDEN AVENUE - VICTORY BLVD
58.4,130,Queens,CIP S Hempstead Tpk - Laurelton Pkwy @ SSP
44.73,47,Staten Island,VNB W-SIE W SI GANTRY LOWER LEVEL - FINGERBOARD ROAD
0.0,0,Staten Island,SIE E-MLK N RICHMOND AVENUE - WALKER STREET
0.0,0,Manhattan,BQE N Atlantic Ave - BKN Bridge Manhattan Side
49.08,156,Staten Island,440 N FRANCIS STREET - WSE N TYRELLAN AVE
52.81,118,Staten Island,WSE S BLLOMINGDALE ROAD - TYRELLAN AVENUE
41.01,108,Bronx,MDE S HARLEM RIVER PARK - GWB W AMSTERDAM AVENUE LOWER LEVEL
0.0,0,Staten Island,ROUTE 169 S - MLK WALKER STREET
62.75,82,Staten Island,WSE S ARDEN AVENUE - BLOOMINGDALE ROAD
0.0,0,Brooklyn,GOW N 7TH AVENUE - 9TH STREET
44.11,48,Brooklyn,GOW S VNB W 92ND STREET - BKLYN GANTRY LOWER LEVEL
49.08,80,Staten Island,SIE W WOOLEY AVENUE - RICHMOND AVENUE
0.0,0,Brooklyn,GOW S 9TH STREET - 7TH AVENUE
22.99,441,Manhattan,FDR S 25th St - Catherine Slip
39.76,53,Staten island,VNB W-SIE W SI GANTRY UPPER LEVEL - FINGERBOARD ROAD
60.27,116,Staten Island,SIE W - WSE S SOUTH AVENUE - SOUTH AVENUE
47.22,45,Brooklyn,VNB E-GOWANUS N BROOKLYN GANTRY LOWER LEVEL - 92ND STREET
51.57,108,Queens,Whitestone Expwy S Exit 14 (Linden Pl) - VWE S MP8.65 (Exit 13 Northern Blvd)
0.0,0,Manhattan,BQE N Atlantic Ave - BKN Bridge Manhattan Side
53.43,119,Queens,BWB S Queens Anchorage - WSE S Exit 14 (Linden Pl)
42.25,54,Staten Island,SIE E VNB E FINGERBOARD ROAD - SI GANTRY LOWER LEVEL
14.91,595,Queens,VWE S MP6.39 (Exit 11 Jewel Ave) - MP4.63 (Exit 6 Jamaica Ave)
32.93,206,Queens,TNB S Toll Plaza - Queens Anchorage
19.88,130,Manhattan,BKN Bridge Manhattan Side - FDR N Catherine Slip
57.16,69,Staten Island,SIE E RICHMOND AVENUE - WOOLEY AVENUE
54.05,138,Bronx,BE N Castle Hill Avenue - Griswold Ave
42.87,160,Manhattan,FDR S 63rd - 25th St
50.33,156,Staten Island,WSE S VICTORY BOULEVARD - ARDEN AVENUE
13.04,673,Queens,VWE S MP6.39 (Exit 11 Jewel Ave) - MP4.63 (Exit 6 Jamaica Ave)
49.08,155,Staten Island,WSE S TYRELLAN AVENUE - 440 S FRANCIS STREET
39.14,279,Queens,CVE NB LIE - WILLETS PT BLVD
0.0,0,Staten Island,ROUTE 169 S - MLK WALKER STREET
50.33,84,Bronx,CBE W MORRIS AVE - GWB W AMSTERDAM AVE (L/LVL)
49.08,87,Brooklyn,GOW S 7TH AVENUE - 92ND STREET
39.76,54,Staten Island,VNB W-SIE W SI GANTRY LOWER LEVEL - FINGERBOARD ROAD
15.53,158,Bronx,HRP S Lafayette Ave - BWB S Toll Plaza
0.0,0,Brooklyn,GOW N 7TH AVENUE - 9TH STREET
45.98,82,Queens,Belt Pkwy W 182nd St - JFK Expressway
35.41,559,Manhattan,Westside Hwy S GWB - 57th St
45.98,46,Brooklyn,GOW S VNB W 92ND STREET - BKLYN GANTRY UPPER LEVEL
47.22,45,Brooklyn,GOW S VNB W 92ND STREET - BKLYN GANTRY UPPER LEVEL
53.43,87,Brooklyn,VNB E SI GANTRY UPPER LEVEL - BROOKLYN GANTRY UPPER LEVEL
18.01,553,Manhattan,FDR S 25th St - Catherine Slip
33.55,159,Queens,QMT W Toll Plaza - Manhattan Side
35.41,85,Queens,BE S TBB EXIT RAMP - MANHATTAN LIFT SPAN
41.01,56,Staten Island,SIE E VNB E FINGERBOARD ROAD - SI GANTRY LOWER LEVEL
0.0,0,Brooklyn,GOW N 7TH AVENUE - 9TH STREET
34.17,217,Queens,TBB S MANHATTAN LIFT SPAN - QUEENS ANCHORAGE
24.23,110,Queens,TNB S Qns Anchorage - CIP S @ TNB
45.36,179,Queens,TBB N QUEENS ANCHORAGE - MANHATTAN LIFT SPAN
31.68,259,Bronx,CBE W U/LEV AMSTERDAM AVE - I95 S EXP LNS
11.8,452,Manhattan,LINCOLN TUNNEL E SOUTH TUBE - NJ - NY
0.0,0,Manhattan,BQE N Atlantic Ave - MAN Bridge Manhattan Side
9.32,258,Manhattan,TBB W - FDR S MANHATTAN TRUSS - E116TH STREET
49.7,44,Queens,CIP N ramp to TNB - TNB Queens Anchorage
55.92,108,Staten Island,WSE N-SIE E SOUTH AVENUE - SOUTH AVENUE
44.11,146,Queens,BWB S Queens Anchorage - WSE S Exit 14 (Linden Pl)
44.73,181,Queens,TBB N QUEENS ANCHORAGE - MANHATTAN LIFT SPAN
42.87,71,Queens,BE S TBB EXIT RAMP - MANHATTAN LIFT SPAN
0.0,0,Staten Island,SIE E-MLK N RICHMOND AVENUE - WALKER STREET
44.11,217,Queens,LIE WB LITTLE NECK PKWY - NB CVE
55.92,51,Staten Island,SIE W RICHMOND AVENUE - SOUTH AVENUE
29.2,301,Queens,VWE N MP4.63 (Exit 6 - Jamaica Ave) - MP6.39 (Exit 11 Jewel Ave)
0.0,0,Queens,CIP N Hempstead Tpk - LIE
47.84,45,Brooklyn,VNB E-GOWANUS N BROOKLYN GANTRY UPPER LEVEL - 92ND STREET
48.46,96,Brooklyn,VNB E SI GANTRY UPPER LEVEL - BROOKLYN GANTRY UPPER LEVEL
50.33,56,Staten Island,SIE W RICHMOND AVENUE - SOUTH AVENUE
49.08,94,Queens,BWB N Queens Anchorage - Toll Plaza
44.73,95,Bronx,CBE W MORRIS AVE - GWB W AMSTERDAM AVE (L/LVL)
7.45,565,Bronx,CBE E AMSTERDAM AVE(U/LVL) - MORRIS AVE
12.42,197,Bronx,CBE W CASTLE HILL AVENUE - TAYLOR AVENUE
53.43,26,Staten Island,SIE W BRADLEY AVENUE - WOOLEY AVENUE
41.63,263,Queens,CVE NB LIE - WILLETS PT BLVD
52.19,145,Queens,CIP S Hempstead Tpk - Laurelton Pkwy @ SSP
51.57,49,Bronx,BWB N Toll Plaza - HRP N Lafayatte Ave
36.66,202,Bronx,BE S Griswold - Castle Hill Avenue
54.68,152,Bronx,CBE E CASTLE HILL AVE - BE N WATERBURY AVE
46.6,114,Queens,VWE N MP8.64 (Exit 13 Northern Blvd) - Whitestone Expwy Exit 14 (Linden Pl)
23.61,288,Queens,VWE S MP4.63 (Exit 6 Jamaica Ave) - MP2.66 (Exit 2 Roackaway Blvd)
51.57,103,Queens,VWE N MP6.39 (Exit 11 Jewel Ave) - MP8.65 (Exit 13 Northern Blvd)
59.03,78,Brooklyn,VNB E SI GANTRY LOWER LEVEL - BROOLKYN GANTRY LOWER LEVEL
20.5,261,Queens,VWE S MP8.65 (Exit 13 Northern Blvd) - MP6.39 (Exit 11 Jewel Ave)
49.7,237,Queens,CIP N LIE ramp - TNB
48.46,96,Brooklyn,VNB E SI GANTRY LOWER LEVEL - BROOLKYN GANTRY LOWER LEVEL
39.76,53,Brooklyn,VNB E-GOWANUS N BROOKLYN GANTRY UPPER LEVEL - 92ND STREET
41.01,56,Staten Island,SIE E VNB E FINGERBOARD ROAD - SI GANTRY LOWER LEVEL
56.54,28,Staten Island,SIE E WOOLEY AVENUE - BRADLEY AVENUE
64.0,50,Staten Island,WSE N VICTORY BLVD - SOUTH AVENUE
47.84,246,Queens,CIP N LIE ramp - TNB
18.01,245,Bronx,BE S CASTLE HILL AVENUE - STRATFORD AVENUE
22.36,107,Manhattan,TBB W - FDR S MANHATTAN TRUSS - E116TH STREET
21.12,419,Queens,VWE S MP6.39 (Exit 11 Jewel Ave) - MP4.63 (Exit 6 Jamaica Ave)
17.39,151,Queens,TNB S Qns Anchorage - CIP S @ TNB
54.05,103,Staten Island,SIE E CLOVE ROAD - FINGERBOARD ROAD
0.0,0,Manhattan,BQE N Atlantic Ave - MAN Bridge Manhattan Side
0.0,0,Manhattan,LINCOLN TUNNEL W CENTER TUBE NY - NJ
21.12,484,Manhattan,FDR N Catherine Slip - 25th St
16.15,387,Manhattan,12th ave @ 45th - 11 ave ganservoort st
21.74,495,Queens,VWE S MP2.66 (Exit 2 Rockaway Blvd) - Belt Pkwy E 182nd St
14.29,372,Manhattan,11th ave n ganservoort - 12th ave @ 40th st
27.34,196,Queens,QMT W Toll Plaza - Manhattan Side
6.83,1139,Bronx,CBE W L/LE V AMSTERDAM AVE - I 95 S LOC LNS
55.92,140,Staten Island,WSE N ARDEN AVENUE - VICTORY BLVD
26.71,99,Manhattan,FDR S Catherine Slip - BKN Bridge Manhattan Side
1.24,2280,Manhattan,11th ave s ganservoort - west st @ spring st
55.92,109,Staten Island,WSE N-SIE E SOUTH AVENUE - SOUTH AVENUE
60.89,272,Queens,CVE NB GCP - WILLETS PT BLVD
37.28,147,Manhattan,LINCOLN TUNNEL W CENTER TUBE NY - NJ
51.57,104,Queens,VWE S MP8.65 (Exit 13 Northern Blvd) - MP6.39 (Exit 11 Jewel Ave)
22.99,297,Queens,VWE S MP4.63 (Exit 6 Jamaica Ave) - MP2.66 (Exit 2 Roackaway Blvd)
44.73,123,Queens,Whitestone Expwy S Exit 14 (Linden Pl) - VWE S MP8.65 (Exit 13 Northern Blvd)
0.0,0,Queens,TNB N Queens Anchorage - Toll Plaza
34.79,205,Brooklyn,BQE S 46TH STREET - LEONARD STREET
44.73,439,Manhattan,Westside Hwy N 57th St - GWB
0.0,0,Staten Island,MLK S - SIE W WALKER STREET - RICHMOND AVENUE
0.0,0,Queens,QMT W Toll Plaza - Manhattan Side
41.63,120,Queens,LIE E 84TH ST - 108TH ST
58.4,85,Staten Island,WSE N BLOOMUINGDALE ROAD - ARDEN AVENUE
20.5,213,Bronx,MDE S HARLEM RIVER PARK - GWB W AMSTERDAM AVENUE UPPER LEVEL
52.19,103,Queens,VWE N MP6.39 (Exit 11 Jewel Ave) - MP8.65 (Exit 13 Northern Blvd)
13.67,567,Queens,Laurelton Pkwy N @ SSP - CIP N Hempstead Tpk
0.0,0,Brooklyn,GOW S 9TH STREET - 7TH AVENUE
16.77,178,Queens,BE S TBB EXIT RAMP - MANHATTAN LIFT SPAN
49.08,109,Queens,VWE S MP8.65 (Exit 13 Northern Blvd) - MP6.39 (Exit 11 Jewel Ave)
56.54,121,Queens,TNB S Toll Plaza - Queens Anchorage
11.18,972,Queens,CIP N Hempstead Tpk - LIE
50.33,75,Queens,Belt Pkwy W 182nd St - JFK Expressway
37.9,309,Queens,CIP N LIE ramp - TNB
0.0,0,Brooklyn,BQE S - GOW S ALTANTIC AVENUE - 9TH STREET
62.75,129,Bronx,I-87 NYST S Exit 1 - MDE S Van Cortlandt Park
55.92,45,Bronx,CBE E TAYLOR AVENUE - CASTLE HILL AVENUE
50.33,137,Queens,TNB N Queens Anchorage - Toll Plaza
34.17,172,Staten Island,SIE W FINGERBOARD ROAD - CLOVE ROAD
54.05,102,Staten Island,SIE E CLOVE ROAD - FINGERBOARD ROAD
0.62,5941,Manhattan,BBT W Toll Plaza - Manhattan Portal
54.68,48,Staten Island,SIE E SOUTH AVENUE - RICHMOND AVENUE
45.98,50,Staten Island,SIE E VNB E FINGERBOARD ROAD - SI GANTRY UPPER LEVEL
51.57,103,Queens,VWE N MP6.39 (Exit 11 Jewel Ave) - MP8.65 (Exit 13 Northern Blvd)
49.08,95,Brooklyn,VNB E SI GANTRY UPPER LEVEL - BROOKLYN GANTRY UPPER LEVEL
50.95,77,Queens,LIE WB LITTLE NECK PKWY - NB CIP
28.58,81,Staten Island,SIE E VNB E FINGERBOARD ROAD - SI GANTRY LOWER LEVEL
1.24,4063,Manhattan,BBT E Manhattan Portal - Toll Plaza
12.42,261,Manhattan,12th Ave N 40th - 57th St
47.84,59,Staten Island,SIE W RICHMOND AVENUE - SOUTH AVENUE
57.16,44,Bronx,CBE E TAYLOR AVENUE - CASTLE HILL AVENUE
53.43,87,Brooklyn,VNB W BROOKLYN GANTRY LOWER LEVEL - SI GANTRY LOWER LEVEL
53.43,87,Brooklyn,VNB E SI GANTRY UPPER LEVEL - BROOKLYN GANTRY UPPER LEVEL
23.61,114,Queens,TNB S Qns Anchorage - CIP S @ TNB
48.46,158,Staten Island,WSE S TYRELLAN AVENUE - 440 S FRANCIS STREET
57.78,44,Bronx,CBE E TAYLOR AVENUE - CASTLE HILL AVENUE
0.0,0,Staten Island,MLK S - SIE E WALKER STREET - WOOLEY AVENUE
45.98,120,Bronx,BRP N WATSON AVENUE - FORDHAM ROAD
57.16,132,Queens,CIP S Hempstead Tpk - Laurelton Pkwy @ SSP
0.0,0,Staten Island,MLK N WALKER STREET - NJ ROUTE 169
13.04,549,Queens,TBB N QUEENS ANCHORAGE - BE N
43.49,147,Queens,Whitestone Expwy N Exit 14 (Linden Pl) - BWB N Queens Anchorage
35.41,193,Manhattan,FDR N 25th - 63rd St
58.4,119,Staten Island,SIE W - WSE S SOUTH AVENUE - SOUTH AVENUE
0.0,0,Staten Island,SIE W - MLK N WOOLEY AVENUE - WLAKER STREET
0.0,0,Queens,QMT W Toll Plaza - Manhattan Side
55.3,109,Staten Island,WSE N-SIE E SOUTH AVENUE - SOUTH AVENUE
55.3,52,Staten Island,SIE W RICHMOND AVENUE - SOUTH AVENUE
45.36,202,Queens,Laurelton Pkwy S @ SSP - Belt Pkwy W 182nd St
49.7,57,Staten Island,SIE W RICHMOND AVENUE - SOUTH AVENUE
44.73,84,Queens,Belt Pkwy W 182nd St - JFK Expressway
8.07,679,Manhattan,LINCOLN TUNNEL E SOUTH TUBE - NJ - NY
41.01,52,Staten island,VNB W-SIE W SI GANTRY UPPER LEVEL - FINGERBOARD ROAD
11.8,360,Bronx,MDE S HARLEM RIVER PARK - GWB W AMSTERDAM AVENUE UPPER LEVEL
54.05,171,Queens,Laurelton Pkwy S @ SSP - Belt Pkwy W 182nd St
55.92,108,Staten Island,WSE N-SIE E SOUTH AVENUE - SOUTH AVENUE
47.84,89,Bronx,CBE E AMSTERDAM AVE(U/LVL) - MORRIS AVE
45.98,92,Brooklyn,GOW S 7TH AVENUE - 92ND STREET
62.13,83,Staten Island,WSE S ARDEN AVENUE - BLOOMINGDALE ROAD
49.7,237,Queens,CIP N LIE ramp - TNB
19.88,509,Manhattan,FDR N Catherine Slip - 25th St
6.21,1102,Manhattan,FDR N 25th - 63rd St
26.09,388,Manhattan,FDR N Catherine Slip - 25th St
41.01,52,Brooklyn,VNB E-GOWANUS N BROOKLYN GANTRY LOWER LEVEL - 92ND STREET
62.13,63,Staten Island,SIE W WOOLEY AVENUE - RICHMOND AVENUE
36.66,176,Manhattan,BBT W Toll Plaza - Manhattan Portal
48.46,81,Queens,LIE WB LITTLE NECK PKWY - NB CIP
52.19,82,Bronx,CBE AMSTERDAM AVE (L/LVL) - MORRIS AVE
0.0,0,Staten Island,MLK S - SIE E WALKER STREET - WOOLEY AVENUE
52.81,27,Staten Island,SIE W BRADLEY AVENUE - WOOLEY AVENUE
46.6,45,Brooklyn,VNB E-GOWANUS N BROOKLYN GANTRY UPPER LEVEL - 92ND STREET
16.15,614,Manhattan,FDR N Catherine Slip - 25th St
0.0,0,Brooklyn,GOW S 9TH STREET - 7TH AVENUE
47.22,30,Staten Island,SIE W BRADLEY AVENUE - WOOLEY AVENUE
14.29,847,Queens,Belt Pkwy W JFK Expressway - VWE N Jamaica Ave
6.83,307,Manhattan,12th Ave S 57th St - 45th St
14.91,285,Bronx,CBE AMSTERDAM AVE (L/LVL) - MORRIS AVE
59.65,66,Staten Island,SIE W WOOLEY AVENUE - RICHMOND AVENUE
55.92,133,Bronx,BE S Griswold - Castle Hill Avenue
33.55,325,Queens,CIP N Hempstead Tpk - LIE
51.57,103,Queens,VWE N MP6.39 (Exit 11 Jewel Ave) - MP8.65 (Exit 13 Northern Blvd)
54.68,293,Queens,CIP NB GCP - TNB
42.25,109,Brooklyn,VNB W BROOKLYN GANTRY UPPER LEVEL - SI GANTRY UPPER LEVEL
24.85,443,Queens,CIP N Hempstead Tpk - LIE
51.57,134,Queens,TNB N Queens Anchorage - Toll Plaza
23.61,174,Brooklyn,BQE S - GOW S ALTANTIC AVENUE - 9TH STREET
44.73,48,Brooklyn,GOW S VNB W 92ND STREET - BKLYN GANTRY LOWER LEVEL
32.93,135,Bronx,MDE S HARLEM RIVER PARK - GWB W AMSTERDAM AVENUE LOWER LEVEL
57.16,50,Staten Island,SIE W RICHMOND AVENUE - SOUTH AVENUE
55.92,109,Staten Island,WSE N-SIE E SOUTH AVENUE - SOUTH AVENUE
25.47,165,Bronx,CBE AMSTERDAM AVE (L/LVL) - MORRIS AVE
49.7,122,Staten Island,WSE N-SIE E SOUTH AVENUE - SOUTH AVENUE
57.78,44,Bronx,CBE E TAYLOR AVENUE - CASTLE HILL AVENUE
50.95,91,Brooklyn,VNB E SI GANTRY UPPER LEVEL - BROOKLYN GANTRY UPPER LEVEL
0.0,0,Manhattan,BBT E Manhattan Portal - Toll Plaza
32.31,166,Queens,VWE S MP8.65 (Exit 13 Northern Blvd) - MP6.39 (Exit 11 Jewel Ave)
48.46,44,Brooklyn,VNB E-GOWANUS N BROOKLYN GANTRY LOWER LEVEL - 92ND STREET
41.63,104,Bronx,MDE S HARLEM RIVER PARK - GWB W AMSTERDAM AVENUE UPPER LEVEL
46.6,236,Queens,CIP S LIE - Hempstead Tpk
9.32,687,Manhattan,12th ave @ 45th - 11 ave ganservoort st
53.43,93,Queens,LIE E 84TH ST - 108TH ST
19.26,357,Queens,VWE S MP4.63 (Exit 6 Jamaica Ave) - MP2.66 (Exit 2 Roackaway Blvd)
54.05,85,Bronx,BWB S Toll Plaza - Queens Anchorage
62.13,80,Queens,LIE E 84TH ST - 108TH ST
50.95,91,Bronx,BE N STRATFORD AVENUE - CASTLE HILL AVE
38.52,116,Bronx,MDE S HARLEM RIVER PARK - GWB W AMSTERDAM AVENUE LOWER LEVEL
29.82,245,Queens,TBB N QUEENS ANCHORAGE - BE N
52.81,87,Bronx,BWB S Toll Plaza - Queens Anchorage
0.0,0,Manhattan,BQE N Atlantic Ave - BKN Bridge Manhattan Side
13.04,346,Bronx,BWB S Toll Plaza - Queens Anchorage
55.3,100,Staten Island,SIE E CLOVE ROAD - FINGERBOARD ROAD
48.46,52,Bronx,HRP S Lafayette Ave - BWB S Toll Plaza
50.33,85,Brooklyn,GOW N 92ND STREET - 7TH AVENUE
50.95,90,Brooklyn,VNB W BROOKLYN GANTRY LOWER LEVEL - SI GANTRY LOWER LEVEL
51.57,152,Queens,Laurelton Pkwy N @ SSP - CIP N Hempstead Tpk
54.05,116,Staten Island,WSE S BLLOMINGDALE ROAD - TYRELLAN AVENUE
55.3,148,Bronx,I-87 NYST S Exit 1 - MDE S Van Cortlandt Park
1.24,4047,Manhattan,West St S Spring St - BBT Manhattan Portal outbound
0.0,0,Brooklyn,GOW N 7TH AVENUE - 9TH STREET
0.0,0,Brooklyn,GOW N 7TH AVENUE - 9TH STREET
45.36,86,Staten Island,SIE E RICHMOND AVENUE - WOOLEY AVENUE
54.05,72,Staten Island,SIE E RICHMOND AVENUE - WOOLEY AVENUE
36.66,136,Manhattan,LINCOLN TUNNEL W NORTH TUBE NY - NJ
44.11,105,Bronx,BWB S Toll Plaza - Queens Anchorage
49.7,86,Bronx,CBE W MORRIS AVE - GWB W AMSTERDAM AVE (U/LVL)
39.76,112,Bronx,MDE S HARLEM RIVER PARK - GWB W AMSTERDAM AVENUE LOWER LEVEL
57.16,94,Queens,VWE N MP6.39 (Exit 11 Jewel Ave) - MP8.65 (Exit 13 Northern Blvd)
62.13,177,Queens,CIP S LIE - Hempstead Tpk
50.33,110,Staten Island,SIE E CLOVE ROAD - FINGERBOARD ROAD
0.0,0,Manhattan,BQE N Atlantic Ave - BKN Bridge Manhattan Side
55.3,71,Staten Island,SIE W WOOLEY AVENUE - RICHMOND AVENUE
57.16,161,Queens,Belt Pkwy E 182nd St - Laurelton Pkwy N @ SSP
36.66,73,Queens,TNB S Qns Anchorage - CIP S @ TNB
24.85,103,Manhattan,BKN Bridge Manhattan Side - FDR N Catherine Slip
47.84,63,Queens,BE S TBB EXIT RAMP - MANHATTAN LIFT SPAN
0.0,0,Manhattan,12th Ave N 40th - 57th St
50.95,87,Bronx,HRP N LAFAYETTE AVENUE - E TREMONT AVENUE
55.3,166,Queens,Laurelton Pkwy S @ SSP - Belt Pkwy W 182nd St
19.88,347,Manhattan,FDR N 25th - 63rd St
9.94,546,Manhattan,LINCOLN TUNNEL E SOUTH TUBE - NJ - NY
53.43,86,Brooklyn,VNB W BROOKLYN GANTRY UPPER LEVEL - SI GANTRY UPPER LEVEL
45.98,237,Queens,CVE NB LIE - WILLETS PT BLVD
13.67,302,Bronx,CBE E AMSTERDAM AVE(U/LVL) - MORRIS AVE
36.03,198,Brooklyn,BQE S 46TH STREET - LEONARD STREET
27.34,193,Manhattan,QMT E Manhattan Side - Toll Plaza
62.13,118,Manhattan,GWB E LOWER LEVEL PLAZA - CBE E LOWER LEVEL AMSTERDAM AVE
43.49,172,Queens,TBB S MANHATTAN LIFT SPAN - QUEENS ANCHORAGE
29.2,133,Queens,LIE WB LITTLE NECK PKWY - NB CIP
52.81,132,Staten Island,SIE W - WSE S SOUTH AVENUE - SOUTH AVENUE
0.0,0,Brooklyn,GOW N 92ND STREET - 7TH AVENUE
52.19,143,Bronx,BE N Castle Hill Avenue - Griswold Ave
8.69,753,Manhattan,FDR N 25th - 63rd St
57.16,66,Queens,Belt Pkwy W 182nd St - JFK Expressway
30.44,255,Queens,Laurelton Pkwy N @ SSP - CIP N Hempstead Tpk
18.01,395,Manhattan,BQE N Atlantic Ave - BKN Bridge Manhattan Side
53.43,49,Staten Island,SIE E SOUTH AVENUE - RICHMOND AVENUE
60.27,53,Staten Island,WSE N VICTORY BLVD - SOUTH AVENUE
21.12,336,Brooklyn,BQE N LEONARD STREET - 46TH STREET
43.49,90,Queens,LIE WB LITTLE NECK PKWY - NB CIP
0.0,0,Queens,Whitestone Expwy S Exit 14 (Linden Pl) - VWE S MP8.65 (Exit 13 Northern Blvd)
53.43,129,Queens,VWE S MP4.63 (Exit 6 Jamaica Ave) - MP2.66 (Exit 2 Roackaway Blvd)
14.29,337,Queens,LIE W 108TH ST - 84TH ST
16.77,179,Queens,BE S TBB EXIT RAMP - MANHATTAN LIFT SPAN
41.63,179,Queens,TBB S MANHATTAN LIFT SPAN - QUEENS ANCHORAGE
27.34,283,Queens,Laurelton Pkwy N @ SSP - CIP N Hempstead Tpk
29.2,184,Queens,VWE N MP8.64 (Exit 13 Northern Blvd) - Whitestone Expwy Exit 14 (Linden Pl)
50.95,91,Brooklyn,VNB W BROOKLYN GANTRY UPPER LEVEL - SI GANTRY UPPER LEVEL
55.3,26,Staten Island,SIE W BRADLEY AVENUE - WOOLEY AVENUE
45.98,150,Queens,TNB S Toll Plaza - Queens Anchorage
48.46,58,Staten Island,SIE W RICHMOND AVENUE - SOUTH AVENUE
60.27,47,Staten Island,SIE W RICHMOND AVENUE - SOUTH AVENUE
52.19,54,Staten Island,WSE S SOUTH AVENUE - VICTORY BOULEVARD
50.33,92,Brooklyn,VNB E SI GANTRY UPPER LEVEL - BROOKLYN GANTRY UPPER LEVEL
52.19,105,Staten Island,SIE E CLOVE ROAD - FINGERBOARD ROAD
19.88,265,Manhattan,11th ave n ganservoort - 12th ave @ 40th st
38.52,110,Bronx,CBE AMSTERDAM AVE (L/LVL) - MORRIS AVE
59.65,54,Staten Island,WSE N VICTORY BLVD - SOUTH AVENUE
32.93,268,Queens,VWE N MP4.63 (Exit 6 - Jamaica Ave) - MP6.39 (Exit 11 Jewel Ave)
44.11,187,Bronx,CBE E CASTLE HILL AVE - BE N WATERBURY AVE
42.25,50,Brooklyn,GOW S VNB W 92ND STREET - BKLYN GANTRY UPPER LEVEL
53.43,128,Queens,TNB S Toll Plaza - Queens Anchorage
13.04,198,Manhattan,FDR S Catherine Slip - BKN Bridge Manhattan Side
10.56,584,Manhattan,12th ave @ 45th - 11 ave ganservoort st
24.85,332,Bronx,CBE W U/LEV AMSTERDAM AVE - I95 S EXP LNS
48.46,95,Brooklyn,VNB W BROOKLYN GANTRY LOWER LEVEL - SI GANTRY LOWER LEVEL
47.84,90,Bronx,CBE W MORRIS AVE - GWB W AMSTERDAM AVE (U/LVL)
46.6,178,Bronx,CBE E CASTLE HILL AVE - BE N WATERBURY AVE
47.22,135,Queens,Whitestone Expwy N Exit 14 (Linden Pl) - BWB N Queens Anchorage
35.41,120,Bronx,CBE W MORRIS AVE - GWB W AMSTERDAM AVE (L/LVL)
46.6,65,Queens,BE S TBB EXIT RAMP - MANHATTAN LIFT SPAN
48.46,408,Manhattan,Westside Hwy S GWB - 57th St
47.84,96,Brooklyn,VNB W BROOKLYN GANTRY UPPER LEVEL - SI GANTRY UPPER LEVEL
53.43,86,Brooklyn,VNB E SI GANTRY LOWER LEVEL - BROOLKYN GANTRY LOWER LEVEL
22.36,238,Manhattan,11th ave n ganservoort - 12th ave @ 40th st
61.51,128,Staten Island,WSE S VICTORY BOULEVARD - ARDEN AVENUE
39.76,208,Bronx,CBE W U/LEV AMSTERDAM AVE - I95 S EXP LNS
64.0,172,Queens,CIP N Hempstead Tpk - LIE
51.57,90,Brooklyn,VNB W BROOKLYN GANTRY UPPER LEVEL - SI GANTRY UPPER LEVEL
47.84,153,Manhattan,GWB E LOWER LEVEL PLAZA - CBE E LOWER LEVEL AMSTERDAM AVE
0.0,0,Staten Island,MLK S - SIE W WALKER STREET - RICHMOND AVENUE
0.0,0,Manhattan,BQE N Atlantic Ave - MAN Bridge Manhattan Side
55.3,96,Queens,VWE N MP6.39 (Exit 11 Jewel Ave) - MP8.65 (Exit 13 Northern Blvd)
0.0,0,Manhattan,BBT W Toll Plaza - Manhattan Portal
13.67,490,Manhattan,FDR N 25th - 63rd St
50.95,123,Staten Island,WSE S BLLOMINGDALE ROAD - TYRELLAN AVENUE
13.67,512,Queens,TBB N QUEENS ANCHORAGE - BE N
32.93,48,Staten Island,SIE E WOOLEY AVENUE - BRADLEY AVENUE
54.05,79,Bronx,CBE W MORRIS AVE - GWB W AMSTERDAM AVE (L/LVL)
58.4,85,Staten Island,WSE N BLOOMUINGDALE ROAD - ARDEN AVENUE
27.96,271,Queens,CIP S Hempstead Tpk - Laurelton Pkwy @ SSP
56.54,76,Brooklyn,GOW N 92ND STREET - 7TH AVENUE
55.92,70,Staten Island,SIE W WOOLEY AVENUE - RICHMOND AVENUE
43.49,57,Bronx,HRP S Lafayette Ave - BWB S Toll Plaza
0.0,0,Staten Island,SIE E-MLK N RICHMOND AVENUE - WALKER STREET
45.36,47,Brooklyn,VNB E-GOWANUS N BROOKLYN GANTRY UPPER LEVEL - 92ND STREET
50.33,152,Staten Island,WSE S TYRELLAN AVENUE - 440 S FRANCIS STREET
57.78,92,Queens,VWE N MP8.64 (Exit 13 Northern Blvd) - Whitestone Expwy Exit 14 (Linden Pl)
51.57,90,Brooklyn,VNB E SI GANTRY LOWER LEVEL - BROOLKYN GANTRY LOWER LEVEL
43.49,128,Manhattan,LINCOLN TUNNEL E CENTER TUBE NJ - NY
49.08,113,Staten Island,SIE E CLOVE ROAD - FINGERBOARD ROAD
56.54,104,Staten Island,SIE W FINGERBOARD ROAD - CLOVE ROAD
49.08,94,Brooklyn,VNB W BROOKLYN GANTRY LOWER LEVEL - SI GANTRY LOWER LEVEL
58.4,64,Queens,Belt Pkwy W 182nd St - JFK Expressway
18.01,291,Manhattan,QMT E Manhattan Side - Toll Plaza
41.63,199,Bronx,CBE W U/LEV AMSTERDAM AVE - I95 S EXP LNS
33.55,148,Queens,LIE E 84TH ST - 108TH ST
9.32,744,Queens,TBB N QUEENS ANCHORAGE - BE N
29.2,158,Bronx,BWB S Toll Plaza - Queens Anchorage
22.99,116,Queens,TNB S Qns Anchorage - CIP S @ TNB
55.92,122,Queens,TNB N Queens Anchorage - Toll Plaza
0.0,0,Staten Island,MLK S - SIE E WALKER STREET - WOOLEY AVENUE
18.01,183,Manhattan,11th ave s ganservoort - west st @ spring st
0.0,0,Manhattan,BBT E Manhattan Portal - Toll Plaza
40.38,138,Bronx,BRP N WATSON AVENUE - FORDHAM ROAD
0.0,0,Queens,TNB N Queens Anchorage - Toll Plaza
52.81,105,Staten Island,SIE E CLOVE ROAD - FINGERBOARD ROAD
8.69,952,Bronx,CBE W L/LE V AMSTERDAM AVE - I 95 S LOC LNS
46.6,99,Brooklyn,VNB W BROOKLYN GANTRY LOWER LEVEL - SI GANTRY LOWER LEVEL
49.08,222,Queens,CVE NB LIE - WILLETS PT BLVD
11.18,206,Staten Island,SIE E VNB E FINGERBOARD ROAD - SI GANTRY UPPER LEVEL
54.68,164,Queens,VWE N MP4.63 (Exit 6 - Jamaica Ave) - MP6.39 (Exit 11 Jewel Ave)
54.05,306,Queens,CVE NB GCP - WILLETS PT BLVD
1.86,2308,Queens,QMT W Toll Plaza - Manhattan Side
0.0,0,Staten Island,MLK S - SIE W WALKER STREET - RICHMOND AVENUE
39.76,181,Brooklyn,BQE S 46TH STREET - LEONARD STREET
64.62,60,Staten Island,SIE W WOOLEY AVENUE - RICHMOND AVENUE
67.1,77,Staten Island,WSE S ARDEN AVENUE - BLOOMINGDALE ROAD
0.0,0,Manhattan,Westside Hwy N 57th St - GWB
51.57,145,Bronx,BE S Griswold - Castle Hill Avenue
0.0,0,Brooklyn,GOW S 9TH STREET - 7TH AVENUE
10.56,1120,Queens,Belt Pkwy W JFK Expressway - VWE N Jamaica Ave
53.43,140,Bronx,BE N Castle Hill Avenue - Griswold Ave
18.64,434,Bronx,CBE W L/LE V AMSTERDAM AVE - I 95 S LOC LNS
44.73,47,Brooklyn,GOW S VNB W 92ND STREET - BKLYN GANTRY UPPER LEVEL
0.0,0,Manhattan,BBT E Manhattan Portal - Toll Plaza
22.36,366,Bronx,CBE W U/LEV AMSTERDAM AVE - I95 S EXP LNS
57.16,28,Staten Island,SIE E WOOLEY AVENUE - BRADLEY AVENUE
37.28,63,Manhattan,FDR N - TBB E 116TH STREET - MANHATTAN TRUSS
44.73,87,Staten Island,SIE E RICHMOND AVENUE - WOOLEY AVENUE
47.22,116,Staten Island,SIE E CLOVE ROAD - FINGERBOARD ROAD
0.0,0,Bronx,MDE S HARLEM RIVER PARK - GWB W AMSTERDAM AVENUE UPPER LEVEL
47.84,53,Bronx,CBE E TAYLOR AVENUE - CASTLE HILL AVENUE
0.0,0,Manhattan,BQE N Atlantic Ave - BKN Bridge Manhattan Side
11.8,590,Brooklyn,BQE S 46TH STREET - LEONARD STREET
55.92,140,Staten Island,WSE N ARDEN AVENUE - VICTORY BLVD
28.58,353,Manhattan,FDR S 25th St - Catherine Slip
0.0,0,Brooklyn,BQE S - GOW S ALTANTIC AVENUE - 9TH STREET
41.01,56,Staten Island,SIE E VNB E FINGERBOARD ROAD - SI GANTRY LOWER LEVEL
26.09,100,Manhattan,BKN Bridge Manhattan Side - FDR N Catherine Slip
0.0,0,Staten Island,MLK S - SIE W WALKER STREET - RICHMOND AVENUE
54.05,138,Bronx,BE N Castle Hill Avenue - Griswold Ave
54.05,85,Bronx,BE N STRATFORD AVENUE - CASTLE HILL AVE
45.98,46,Brooklyn,GOW S VNB W 92ND STREET - BKLYN GANTRY UPPER LEVEL
55.92,296,Queens,CVE NB GCP - WILLETS PT BLVD
44.11,247,Queens,CVE NB LIE - WILLETS PT BLVD
0.0,0,Brooklyn,GOW N 7TH AVENUE - 9TH STREET
48.46,88,Bronx,CBE AMSTERDAM AVE (L/LVL) - MORRIS AVE
0.0,0,Brooklyn,BQE S - GOW S ALTANTIC AVENUE - 9TH STREET
47.84,135,Queens,Whitestone Expwy N Exit 14 (Linden Pl) - BWB N Queens Anchorage
49.08,45,Queens,CIP N ramp to TNB - TNB Queens Anchorage
0.0,0,Staten Island,SIE W - MLK N WOOLEY AVENUE - WLAKER STREET
0.0,0,Bronx,MDE N RFK Bridge - 142nd St
55.92,45,Bronx,CBE E TAYLOR AVENUE - CASTLE HILL AVENUE
50.95,84,Brooklyn,GOW N 92ND STREET - 7TH AVENUE
56.54,88,Queens,LIE W 108TH ST - 84TH ST
37.28,57,Staten island,VNB W-SIE W SI GANTRY UPPER LEVEL - FINGERBOARD ROAD
20.5,262,Queens,QMT W Toll Plaza - Manhattan Side
32.93,327,Queens,VWE S MP2.66 (Exit 2 Rockaway Blvd) - Belt Pkwy E 182nd St
16.77,592,Manhattan,FDR S 25th St - Catherine Slip
55.3,142,Staten Island,WSE S VICTORY BOULEVARD - ARDEN AVENUE
13.04,226,Queens,BE S TBB EXIT RAMP - MANHATTAN LIFT SPAN
58.4,85,Queens,LIE W 108TH ST - 84TH ST
57.16,145,Bronx,CBE E CASTLE HILL AVE - BE N WATERBURY AVE
0.0,0,Brooklyn,BQE S - GOW S ALTANTIC AVENUE - 9TH STREET
9.94,432,Bronx,MDE S HARLEM RIVER PARK - GWB W AMSTERDAM AVENUE UPPER LEVEL
51.57,55,Staten Island,WSE S SOUTH AVENUE - VICTORY BOULEVARD
0.0,0,Staten Island,SIE E-MLK N RICHMOND AVENUE - WALKER STREET
45.98,170,Queens,Laurelton Pkwy N @ SSP - CIP N Hempstead Tpk
4.34,564,Bronx,CBE W CASTLE HILL AVENUE - TAYLOR AVENUE
3.1,2116,Queens,TBB S MANHATTAN LIFT SPAN - QUEENS ANCHORAGE
50.33,56,Staten Island,SIE W RICHMOND AVENUE - SOUTH AVENUE
6.83,785,Manhattan,West St S Spring St - BBT Manhattan Portal outbound
26.71,278,Manhattan,GWB E LOWER LEVEL PLAZA - CBE E LOWER LEVEL AMSTERDAM AVE
40.38,52,Staten island,VNB W-SIE W SI GANTRY UPPER LEVEL - FINGERBOARD ROAD
50.95,228,Queens,CIP N TNB - Whitestone Expwy S Exit 14 (Linden Pl)
17.39,252,Bronx,MDE S HARLEM RIVER PARK - GWB W AMSTERDAM AVENUE LOWER LEVEL
41.01,156,Queens,Whitestone Expwy N Exit 14 (Linden Pl) - BWB N Queens Anchorage
55.92,80,Bronx,HRP N LAFAYETTE AVENUE - E TREMONT AVENUE
54.68,152,Bronx,CBE E CASTLE HILL AVE - BE N WATERBURY AVE
1.24,4779,Manhattan,BBT E Manhattan Portal - Toll Plaza
0.0,0,Manhattan,11th ave s ganservoort - west st @ spring st
52.19,89,Queens,BWB N Queens Anchorage - Toll Plaza
0.0,0,Manhattan,BQE N Atlantic Ave - BKN Bridge Manhattan Side
16.15,201,Manhattan,12th Ave N 40th - 57th St
3.1,2512,Bronx,CBE W L/LE V AMSTERDAM AVE - I 95 S LOC LNS
0.0,0,Staten Island,MLK S - SIE W WALKER STREET - RICHMOND AVENUE
52.81,88,Brooklyn,VNB W BROOKLYN GANTRY LOWER LEVEL - SI GANTRY LOWER LEVEL
42.87,56,Manhattan,TBB W - FDR S MANHATTAN TRUSS - E116TH STREET
20.5,126,Manhattan,BKN Bridge Manhattan Side - FDR N Catherine Slip
31.06,120,Queens,Belt Pkwy W 182nd St - JFK Expressway
44.73,96,Bronx,CBE W MORRIS AVE - GWB W AMSTERDAM AVE (L/LVL)
0.0,0,Queens,TNB S Toll Plaza - Queens Anchorage
11.18,417,Brooklyn,VNB E SI GANTRY LOWER LEVEL - BROOLKYN GANTRY LOWER LEVEL
48.46,92,Bronx,MDE S HARLEM RIVER PARK - GWB W AMSTERDAM AVENUE LOWER LEVEL
58.4,127,Bronx,BE S Griswold - Castle Hill Avenue
0.0,0,Queens,BE S TBB EXIT RAMP - QUEENS ANCHORAGE
49.7,149,Manhattan,GWB E LOWER LEVEL PLAZA - CBE E LOWER LEVEL AMSTERDAM AVE
62.75,129,Bronx,I-87 NYST S Exit 1 - MDE S Van Cortlandt Park
49.7,93,Brooklyn,VNB E SI GANTRY UPPER LEVEL - BROOKLYN GANTRY UPPER LEVEL
15.53,321,Manhattan,LINCOLN TUNNEL W NORTH TUBE NY - NJ
10.56,425,Bronx,MDE S HARLEM RIVER PARK - GWB W AMSTERDAM AVENUE LOWER LEVEL
51.57,90,Queens,BWB N Queens Anchorage - Toll Plaza
0.0,0,Staten Island,ROUTE 169 S - MLK WALKER STREET
0.0,0,Brooklyn,GOW N 7TH AVENUE - 9TH STREET
13.67,466,Manhattan,12th ave @ 45th - 11 ave ganservoort st
50.33,106,Queens,VWE N MP8.64 (Exit 13 Northern Blvd) - Whitestone Expwy Exit 14 (Linden Pl)
53.43,129,Queens,TNB S Toll Plaza - Queens Anchorage
55.92,171,Queens,LIE WB LITTLE NECK PKWY - NB CVE
21.74,291,Manhattan,12th ave @ 45th - 11 ave ganservoort st
60.89,269,Queens,CVE NB GCP - WILLETS PT BLVD
56.54,78,Bronx,BE S CASTLE HILL AVENUE - STRATFORD AVENUE
18.01,290,Queens,VWE S MP8.65 (Exit 13 Northern Blvd) - MP6.39 (Exit 11 Jewel Ave)
31.68,372,Queens,CIP N LIE ramp - TNB
42.25,169,Queens,MDE S TBB EXIT RAMP - QUEENS ANCHORAGE
41.01,174,Queens,MDE S TBB EXIT RAMP - QUEENS ANCHORAGE
49.7,57,Staten Island,WSE S SOUTH AVENUE - VICTORY BOULEVARD
45.98,55,Bronx,CBE E TAYLOR AVENUE - CASTLE HILL AVENUE
60.27,101,Staten Island,WSE N-SIE E SOUTH AVENUE - SOUTH AVENUE
56.54,131,Manhattan,GWB E LOWER LEVEL PLAZA - CBE E LOWER LEVEL AMSTERDAM AVE
0.0,0,Manhattan,West St S Spring St - BBT Manhattan Portal outbound
13.04,318,Bronx,CBE AMSTERDAM AVE (L/LVL) - MORRIS AVE
0.0,0,Manhattan,BQE N Atlantic Ave - BKN Bridge Manhattan Side
0.0,0,Staten Island,ROUTE 169 S - MLK WALKER STREET
54.68,143,Staten Island,WSE N ARDEN AVENUE - VICTORY BLVD
4.97,1508,Bronx,CBE W L/LE V AMSTERDAM AVE - I 95 S LOC LNS
44.73,56,Bronx,HRP S Lafayette Ave - BWB S Toll Plaza
0.0,0,Bronx,BRP S FORDHAM ROAD - WATSON AVENUE
13.04,316,Bronx,CBE W MORRIS AVE - GWB W AMSTERDAM AVE (L/LVL)
0.0,0,Staten Island,MLK S - SIE W WALKER STREET - RICHMOND AVENUE
12.42,418,Manhattan,11th ave n ganservoort - 12th ave @ 40th st
21.12,120,Manhattan,BKN Bridge Manhattan Side - FDR N Catherine Slip
49.7,154,Staten Island,440 N FRANCIS STREET - WSE N TYRELLAN AVE
32.93,271,Queens,VWE N MP4.63 (Exit 6 - Jamaica Ave) - MP6.39 (Exit 11 Jewel Ave)
49.08,45,Queens,CIP N ramp to TNB - TNB Queens Anchorage
44.73,123,Staten Island,SIE E CLOVE ROAD - FINGERBOARD ROAD
0.0,0,Queens,TNB N Queens Anchorage - Toll Plaza
56.54,44,Bronx,CBE E TAYLOR AVENUE - CASTLE HILL AVENUE
57.16,103,Staten Island,SIE W FINGERBOARD ROAD - CLOVE ROAD
50.95,62,Staten Island,WSE N VICTORY BLVD - SOUTH AVENUE
10.56,227,Manhattan,TBB W - FDR S MANHATTAN TRUSS - E116TH STREET
23.61,384,Queens,Belt Pkwy E 182nd St - Laurelton Pkwy N @ SSP
52.19,147,Staten Island,440 N FRANCIS STREET - WSE N TYRELLAN AVE
0.0,0,Manhattan,BQE N Atlantic Ave - MAN Bridge Manhattan Side
54.05,121,Staten Island,SIE E BRADLEY AVENUE - CLOVE ROAD
30.44,139,Bronx,CBE W MORRIS AVE - GWB W AMSTERDAM AVE (L/LVL)
45.36,47,Brooklyn,GOW S VNB W 92ND STREET - BKLYN GANTRY UPPER LEVEL
0.0,0,Queens,BE S TBB EXIT RAMP - QUEENS ANCHORAGE
28.58,412,Queens,CIP N LIE ramp - TNB
25.47,349,Queens,VWE S MP6.39 (Exit 11 Jewel Ave) - MP4.63 (Exit 6 Jamaica Ave)
11.18,481,Manhattan,LINCOLN TUNNEL W CENTER TUBE NY - NJ
21.74,104,Manhattan,12th Ave S 57th St - 45th St
52.19,48,Bronx,CBE E TAYLOR AVENUE - CASTLE HILL AVENUE
48.46,91,Bronx,BE S CASTLE HILL AVENUE - STRATFORD AVENUE
53.43,139,Bronx,BE N Castle Hill Avenue - Griswold Ave
19.88,131,Manhattan,FDR S Catherine Slip - BKN Bridge Manhattan Side
57.16,289,Queens,CVE NB GCP - WILLETS PT BLVD
57.78,105,Staten Island,WSE N-SIE E SOUTH AVENUE - SOUTH AVENUE
60.27,130,Queens,Laurelton Pkwy N @ SSP - CIP N Hempstead Tpk
60.27,65,Staten Island,SIE E RICHMOND AVENUE - WOOLEY AVENUE
4.97,1371,Manhattan,FDR S 63rd - 25th St
34.17,230,Queens,Laurelton Pkwy N @ SSP - CIP N Hempstead Tpk
0.0,0,Staten Island,MLK N WALKER STREET - NJ ROUTE 169
55.3,136,Staten Island,WSE N TYRELLAN AVENUE - BLOOMINGDALE ROAD
0.0,0,Staten Island,MLK S - SIE W WALKER STREET - RICHMOND AVENUE
44.73,51,Staten Island,SIE E VNB E FINGERBOARD ROAD - SI GANTRY UPPER LEVEL
0.0,0,Bronx,BRP S FORDHAM ROAD - WATSON AVENUE
45.98,132,Staten Island,WSE N-SIE E SOUTH AVENUE - SOUTH AVENUE
27.96,231,Manhattan,BBT W Toll Plaza - Manhattan Portal
12.42,430,Manhattan,11th ave n ganservoort - 12th ave @ 40th st
0.0,0,Staten Island,SIE W - MLK N WOOLEY AVENUE - WLAKER STREET
8.69,699,Manhattan,12th ave @ 45th - 11 ave ganservoort st
36.03,137,Queens,LIE W 108TH ST - 84TH ST
47.22,45,Brooklyn,VNB E-GOWANUS N BROOKLYN GANTRY LOWER LEVEL - 92ND STREET
58.4,43,Bronx,CBE W CASTLE HILL AVENUE - TAYLOR AVENUE
56.54,107,Staten Island,WSE N-SIE E SOUTH AVENUE - SOUTH AVENUE
18.01,277,Queens,LIE E 84TH ST - 108TH ST
52.81,50,Staten Island,SIE E SOUTH AVENUE - RICHMOND AVENUE
39.14,184,Queens,TBB N QUEENS ANCHORAGE - BE N
50.33,110,Staten Island,SIE E CLOVE ROAD - FINGERBOARD ROAD
3.72,610,Manhattan,12th Ave S 57th St - 45th St
49.08,112,Staten Island,SIE E CLOVE ROAD - FINGERBOARD ROAD
57.78,284,Queens,CVE NB GCP - WILLETS PT BLVD
46.6,81,Queens,Belt Pkwy W 182nd St - JFK Expressway
55.3,167,Queens,Belt Pkwy E 182nd St - Laurelton Pkwy N @ SSP
47.84,44,Brooklyn,VNB E-GOWANUS N BROOKLYN GANTRY LOWER LEVEL - 92ND STREET
49.08,51,Bronx,CBE E TAYLOR AVENUE - CASTLE HILL AVENUE
11.8,259,Queens,BE S TBB EXIT RAMP - MANHATTAN LIFT SPAN
44.11,125,Bronx,BRP N WATSON AVENUE - FORDHAM ROAD
0.0,0,Brooklyn,GOW N 7TH AVENUE - 9TH STREET
16.77,132,Manhattan,12th Ave S 57th St - 45th St
2.48,739,Manhattan,12th Ave S 57th St - 45th St
55.92,145,Bronx,I-87 NYST S Exit 1 - MDE S Van Cortlandt Park
37.28,70,Manhattan,BKN Bridge Manhattan Side - FDR N Catherine Slip
57.16,68,Staten Island,SIE E RICHMOND AVENUE - WOOLEY AVENUE
44.11,268,Queens,CIP N LIE ramp - TNB
55.92,80,Bronx,HRP N LAFAYETTE AVENUE - E TREMONT AVENUE
48.46,132,Queens,Whitestone Expwy N Exit 14 (Linden Pl) - BWB N Queens Anchorage
41.01,52,Staten island,VNB W-SIE W SI GANTRY UPPER LEVEL - FINGERBOARD ROAD
56.54,104,Staten Island,SIE W FINGERBOARD ROAD - CLOVE ROAD
0.0,0,Brooklyn,GOW S 7TH AVENUE - 92ND STREET
30.44,356,Queens,VWE S MP2.66 (Exit 2 Rockaway Blvd) - Belt Pkwy E 182nd St
60.27,115,Staten Island,SIE W - WSE S SOUTH AVENUE - SOUTH AVENUE
55.92,134,Bronx,BE N Castle Hill Avenue - Griswold Ave
59.03,75,Bronx,HRP N LAFAYETTE AVENUE - E TREMONT AVENUE
54.05,153,Bronx,CBE E CASTLE HILL AVE - BE N WATERBURY AVE
0.0,0,Manhattan,BQE N Atlantic Ave - MAN Bridge Manhattan Side
24.23,364,Queens,VWE S MP6.39 (Exit 11 Jewel Ave) - MP4.63 (Exit 6 Jamaica Ave)
54.05,73,Staten Island,SIE W WOOLEY AVENUE - RICHMOND AVENUE
15.53,340,Manhattan,11th ave n ganservoort - 12th ave @ 40th st
32.31,142,Bronx,BWB S Toll Plaza - Queens Anchorage
0.0,0,Manhattan,BQE N Atlantic Ave - BKN Bridge Manhattan Side
50.95,214,Queens,CIP N Hempstead Tpk - LIE
0.0,0,Manhattan,BQE N Atlantic Ave - MAN Bridge Manhattan Side
51.57,161,Bronx,CBE E CASTLE HILL AVE - BE N WATERBURY AVE
13.67,463,Manhattan,BBT W Toll Plaza - Manhattan Portal
54.05,72,Staten Island,SIE E RICHMOND AVENUE - WOOLEY AVENUE
57.78,119,Queens,VWE S MP4.63 (Exit 6 Jamaica Ave) - MP2.66 (Exit 2 Roackaway Blvd)
44.11,162,Queens,MDE S TBB EXIT RAMP - QUEENS ANCHORAGE
0.0,0,Manhattan,LINCOLN TUNNEL W CENTER TUBE NY - NJ
0.0,0,Staten Island,MLK S - SIE W WALKER STREET - RICHMOND AVENUE
35.41,203,Queens,MDE S TBB EXIT RAMP - QUEENS ANCHORAGE
32.93,599,Manhattan,Westside Hwy N 57th St - GWB
35.41,152,Queens,VWE S MP8.65 (Exit 13 Northern Blvd) - MP6.39 (Exit 11 Jewel Ave)
14.29,294,Bronx,CBE W MORRIS AVE - GWB W AMSTERDAM AVE (L/LVL)
47.84,97,Brooklyn,VNB E SI GANTRY LOWER LEVEL - BROOLKYN GANTRY LOWER LEVEL
26.09,393,Manhattan,FDR S 25th St - Catherine Slip
43.49,90,Staten Island,SIE E RICHMOND AVENUE - WOOLEY AVENUE
49.08,101,Queens,LIE E 84TH ST - 108TH ST
52.19,51,Staten Island,SIE E SOUTH AVENUE - RICHMOND AVENUE
44.11,50,Queens,CIP N ramp to TNB - TNB Queens Anchorage
47.84,89,Bronx,CBE W MORRIS AVE - GWB W AMSTERDAM AVE (U/LVL)
52.81,181,Queens,LIE WB LITTLE NECK PKWY - NB CVE
0.0,0,Queens,QMT W Toll Plaza - Manhattan Side
49.08,87,Brooklyn,GOW N 92ND STREET - 7TH AVENUE
57.78,80,Brooklyn,VNB W BROOKLYN GANTRY LOWER LEVEL - SI GANTRY LOWER LEVEL
38.52,42,Staten Island,SIE E WOOLEY AVENUE - BRADLEY AVENUE
0.0,0,Manhattan,LINCOLN TUNNEL E CENTER TUBE NJ - NY
43.49,98,Bronx,CBE W MORRIS AVE - GWB W AMSTERDAM AVE (U/LVL)
53.43,140,Bronx,BE S Griswold - Castle Hill Avenue
15.53,165,Manhattan,FDR S Catherine Slip - BKN Bridge Manhattan Side
58.4,281,Queens,CVE NB GCP - WILLETS PT BLVD
34.79,158,Manhattan,LINCOLN TUNNEL E SOUTH TUBE - NJ - NY
60.89,114,Staten Island,SIE W - WSE S SOUTH AVENUE - SOUTH AVENUE
19.26,331,Manhattan,12th ave @ 45th - 11 ave ganservoort st
37.9,145,Manhattan,LINCOLN TUNNEL E SOUTH TUBE - NJ - NY
36.66,322,Queens,CIP N LIE ramp - TNB
45.98,46,Brooklyn,VNB E-GOWANUS N BROOKLYN GANTRY LOWER LEVEL - 92ND STREET
37.28,43,Staten Island,SIE E WOOLEY AVENUE - BRADLEY AVENUE
30.44,293,Queens,VWE N MP4.63 (Exit 6 - Jamaica Ave) - MP6.39 (Exit 11 Jewel Ave)
0.0,0,Brooklyn,BQE S - GOW S ALTANTIC AVENUE - 9TH STREET
21.74,309,Manhattan,FDR S 63rd - 25th St
56.54,50,Staten Island,SIE W RICHMOND AVENUE - SOUTH AVENUE
39.14,54,Staten Island,VNB W-SIE W SI GANTRY LOWER LEVEL - FINGERBOARD ROAD
36.66,150,Manhattan,LINCOLN TUNNEL E SOUTH TUBE - NJ - NY
45.36,224,Manhattan,FDR N Catherine Slip - 25th St
31.68,134,Bronx,CBE W MORRIS AVE - GWB W AMSTERDAM AVE (L/LVL)
44.11,120,Queens,VWE N MP8.64 (Exit 13 Northern Blvd) - Whitestone Expwy Exit 14 (Linden Pl)
0.0,0,Manhattan,BQE N Atlantic Ave - BKN Bridge Manhattan Side
40.38,53,Staten island,VNB W-SIE W SI GANTRY UPPER LEVEL - FINGERBOARD ROAD
57.16,161,Queens,Laurelton Pkwy S @ SSP - Belt Pkwy W 182nd St
33.55,214,Queens,MDE S TBB EXIT RAMP - QUEENS ANCHORAGE
38.52,79,Queens,BE S TBB EXIT RAMP - MANHATTAN LIFT SPAN
14.29,477,Queens,TNB S Toll Plaza - Queens Anchorage
27.96,93,Manhattan,BKN Bridge Manhattan Side - FDR N Catherine Slip
62.13,63,Staten Island,SIE W WOOLEY AVENUE - RICHMOND AVENUE
48.46,405,Manhattan,Westside Hwy S GWB - 57th St
51.57,55,Staten Island,WSE S SOUTH AVENUE - VICTORY BOULEVARD
39.14,40,Staten Island,SIE E WOOLEY AVENUE - BRADLEY AVENUE
0.0,0,Staten Island,SIE E-MLK N RICHMOND AVENUE - WALKER STREET
45.98,176,Queens,TBB N QUEENS ANCHORAGE - MANHATTAN LIFT SPAN
47.84,96,Brooklyn,VNB E SI GANTRY UPPER LEVEL - BROOKLYN GANTRY UPPER LEVEL
33.55,163,Manhattan,LINCOLN TUNNEL W CENTER TUBE NY - NJ
9.32,738,Brooklyn,BQE S 46TH STREET - LEONARD STREET
0.0,0,Bronx,BRP S FORDHAM ROAD - WATSON AVENUE
0.0,0,Queens,CVE NB GCP - WILLETS PT BLVD
49.7,150,Bronx,BE N Castle Hill Avenue - Griswold Ave
44.11,178,Queens,Laurelton Pkwy N @ SSP - CIP N Hempstead Tpk
8.69,492,Bronx,MDE S HARLEM RIVER PARK - GWB W AMSTERDAM AVENUE LOWER LEVEL
19.88,133,Manhattan,FDR S Catherine Slip - BKN Bridge Manhattan Side
0.0,0,Manhattan,BQE N Atlantic Ave - BKN Bridge Manhattan Side
54.68,85,Brooklyn,VNB W BROOKLYN GANTRY UPPER LEVEL - SI GANTRY UPPER LEVEL
0.0,0,Manhattan,BQE N Atlantic Ave - BKN Bridge Manhattan Side
35.41,141,Manhattan,LINCOLN TUNNEL W NORTH TUBE NY - NJ
0.0,0,Manhattan,11th ave s ganservoort - west st @ spring st
10.56,671,Queens,TBB N QUEENS ANCHORAGE - BE N
6.21,1736,Queens,CIP N Hempstead Tpk - LIE
49.08,94,Brooklyn,VNB W BROOKLYN GANTRY UPPER LEVEL - SI GANTRY UPPER LEVEL
47.22,112,Queens,VWE S MP8.65 (Exit 13 Northern Blvd) - MP6.39 (Exit 11 Jewel Ave)
62.13,63,Staten Island,SIE W WOOLEY AVENUE - RICHMOND AVENUE
50.95,135,Queens,TNB N Queens Anchorage - Toll Plaza
43.49,452,Manhattan,Westside Hwy S GWB - 57th St
8.07,651,Manhattan,11th ave n ganservoort - 12th ave @ 40th st
38.52,282,Queens,VWE S MP2.66 (Exit 2 Rockaway Blvd) - Belt Pkwy E 182nd St
45.98,66,Queens,BE S TBB EXIT RAMP - MANHATTAN LIFT SPAN
25.47,212,Manhattan,11th ave n ganservoort - 12th ave @ 40th st
59.03,127,Bronx,BE S Griswold - Castle Hill Avenue
49.08,104,Bronx,MDE N RFK Bridge - 142nd St
54.05,153,Bronx,CBE E CASTLE HILL AVE - BE N WATERBURY AVE
0.0,0,Queens,BE S TBB EXIT RAMP - QUEENS ANCHORAGE
43.49,49,Brooklyn,GOW S VNB W 92ND STREET - BKLYN GANTRY UPPER LEVEL
46.6,54,Bronx,HRP S Lafayette Ave - BWB S Toll Plaza
54.68,92,Staten Island,WSE N BLOOMUINGDALE ROAD - ARDEN AVENUE
50.95,151,Staten Island,440 N FRANCIS STREET - WSE N TYRELLAN AVE
11.8,573,Manhattan,FDR N 25th - 63rd St
42.25,196,Bronx,CBE W U/LEV AMSTERDAM AVE - I95 S EXP LNS
0.0,0,Manhattan,BBT E Manhattan Portal - Toll Plaza
47.22,231,Queens,CVE NB LIE - WILLETS PT BLVD
50.33,101,Bronx,MDE N RFK Bridge - 142nd St
49.08,112,Staten Island,SIE E CLOVE ROAD - FINGERBOARD ROAD
47.22,30,Staten Island,SIE W BRADLEY AVENUE - WOOLEY AVENUE
60.27,122,Manhattan,GWB E LOWER LEVEL PLAZA - CBE E LOWER LEVEL AMSTERDAM AVE
53.43,87,Brooklyn,VNB W BROOKLYN GANTRY LOWER LEVEL - SI GANTRY LOWER LEVEL
36.03,137,Queens,LIE W 108TH ST - 84TH ST
59.03,132,Staten Island,WSE N ARDEN AVENUE - VICTORY BLVD
4.97,2100,Queens,CIP N Hempstead Tpk - LIE
27.96,391,Queens,CVE NB LIE - WILLETS PT BLVD
58.4,104,Staten Island,WSE N-SIE E SOUTH AVENUE - SOUTH AVENUE
59.65,184,Queens,CIP S LIE - Hempstead Tpk
55.92,45,Bronx,CBE W CASTLE HILL AVENUE - TAYLOR AVENUE
0.0,0,Bronx,BRP S FORDHAM ROAD - WATSON AVENUE
50.95,84,Brooklyn,GOW N 92ND STREET - 7TH AVENUE
52.19,82,Brooklyn,GOW N 92ND STREET - 7TH AVENUE
52.81,101,Queens,VWE S MP8.65 (Exit 13 Northern Blvd) - MP6.39 (Exit 11 Jewel Ave)
52.81,157,Bronx,CBE E CASTLE HILL AVE - BE N WATERBURY AVE
52.19,146,Staten Island,WSE S TYRELLAN AVENUE - 440 S FRANCIS STREET
50.33,85,Brooklyn,GOW N 92ND STREET - 7TH AVENUE
57.78,68,Staten Island,SIE E RICHMOND AVENUE - WOOLEY AVENUE
57.16,69,Staten Island,SIE E RICHMOND AVENUE - WOOLEY AVENUE
23.61,304,Brooklyn,BQE N LEONARD STREET - 46TH STREET
52.19,123,Queens,Whitestone Expwy N Exit 14 (Linden Pl) - BWB N Queens Anchorage
13.04,558,Queens,TBB N QUEENS ANCHORAGE - BE N
50.95,90,Brooklyn,VNB W BROOKLYN GANTRY LOWER LEVEL - SI GANTRY LOWER LEVEL
30.44,176,Queens,QMT W Toll Plaza - Manhattan Side
45.36,240,Queens,CVE NB LIE - WILLETS PT BLVD
29.2,348,Manhattan,FDR N Catherine Slip - 25th St
57.16,160,Queens,Belt Pkwy E 182nd St - Laurelton Pkwy N @ SSP
44.73,181,Queens,TBB N QUEENS ANCHORAGE - MANHATTAN LIFT SPAN
23.61,182,Bronx,CBE AMSTERDAM AVE (L/LVL) - MORRIS AVE
11.8,613,Manhattan,GWB E LOWER LEVEL PLAZA - CBE E LOWER LEVEL AMSTERDAM AVE
41.63,56,Staten Island,SIE E VNB E FINGERBOARD ROAD - SI GANTRY LOWER LEVEL
0.0,0,Brooklyn,GOW N 7TH AVENUE - 9TH STREET
6.21,860,Manhattan,West St S Spring St - BBT Manhattan Portal outbound
56.54,28,Staten Island,SIE E WOOLEY AVENUE - BRADLEY AVENUE
0.0,0,Manhattan,12th Ave S 57th St - 45th St
41.63,154,Queens,Whitestone Expwy N Exit 14 (Linden Pl) - BWB N Queens Anchorage
37.28,115,Bronx,CBE W MORRIS AVE - GWB W AMSTERDAM AVE (U/LVL)
17.39,280,Queens,LIE W 108TH ST - 84TH ST
0.0,0,Staten Island,MLK S - SIE E WALKER STREET - WOOLEY AVENUE
58.4,86,Queens,LIE E 84TH ST - 108TH ST
52.81,88,Brooklyn,VNB W BROOKLYN GANTRY LOWER LEVEL - SI GANTRY LOWER LEVEL
8.07,510,Bronx,CBE W MORRIS AVE - GWB W AMSTERDAM AVE (U/LVL)
51.57,55,Staten Island,SIE W RICHMOND AVENUE - SOUTH AVENUE
54.05,138,Bronx,BE N Castle Hill Avenue - Griswold Ave
31.68,158,Manhattan,LINCOLN TUNNEL W NORTH TUBE NY - NJ
49.7,137,Manhattan,FDR S 63rd - 25th St
41.01,105,Bronx,CBE W MORRIS AVE - GWB W AMSTERDAM AVE (U/LVL)
59.03,54,Staten Island,WSE N VICTORY BLVD - SOUTH AVENUE
57.78,49,Staten Island,SIE W RICHMOND AVENUE - SOUTH AVENUE
17.39,185,Manhattan,12th Ave N 40th - 57th St
3.72,1340,Manhattan,LINCOLN TUNNEL W CENTER TUBE NY - NJ
54.05,72,Staten Island,SIE W WOOLEY AVENUE - RICHMOND AVENUE
57.16,74,Brooklyn,GOW N 92ND STREET - 7TH AVENUE
58.4,79,Bronx,BE N STRATFORD AVENUE - CASTLE HILL AVE
40.38,491,Manhattan,Westside Hwy N 57th St - GWB
54.68,46,Bronx,CBE E TAYLOR AVENUE - CASTLE HILL AVENUE
52.19,123,Queens,BWB S Queens Anchorage - WSE S Exit 14 (Linden Pl)
49.08,87,Bronx,CBE AMSTERDAM AVE (L/LVL) - MORRIS AVE
23.61,209,Manhattan,LINCOLN TUNNEL W NORTH TUBE NY - NJ
53.43,140,Bronx,BE N Castle Hill Avenue - Griswold Ave
52.81,207,Queens,CVE NB LIE - WILLETS PT BLVD
52.19,72,Queens,Belt Pkwy W 182nd St - JFK Expressway
59.03,133,Staten Island,WSE N ARDEN AVENUE - VICTORY BLVD
50.95,77,Queens,LIE WB LITTLE NECK PKWY - NB CIP
54.68,81,Bronx,BE S CASTLE HILL AVENUE - STRATFORD AVENUE
54.68,117,Queens,BWB S Queens Anchorage - WSE S Exit 14 (Linden Pl)
43.49,270,Queens,CIP N LIE ramp - TNB
50.95,109,Staten Island,SIE E CLOVE ROAD - FINGERBOARD ROAD
49.7,50,Bronx,BWB N Toll Plaza - HRP N Lafayatte Ave
18.01,652,Queens,CIP N LIE ramp - TNB
4.97,1536,Bronx,CBE W L/LE V AMSTERDAM AVE - I 95 S LOC LNS
32.93,86,Staten Island,WSE S SOUTH AVENUE - VICTORY BOULEVARD
22.36,284,Manhattan,12th ave @ 45th - 11 ave ganservoort st
0.0,0,Queens,BE S TBB EXIT RAMP - QUEENS ANCHORAGE
44.11,32,Staten Island,SIE W BRADLEY AVENUE - WOOLEY AVENUE
39.76,59,Manhattan,FDR N - TBB E 116TH STREET - MANHATTAN TRUSS
13.04,378,Queens,LIE E 84TH ST - 108TH ST
44.11,96,Bronx,CBE W MORRIS AVE - GWB W AMSTERDAM AVE (U/LVL)
48.46,129,Staten Island,WSE S BLLOMINGDALE ROAD - TYRELLAN AVENUE
0.0,0,Staten Island,MLK S - SIE W WALKER STREET - RICHMOND AVENUE
55.92,140,Staten Island,WSE S VICTORY BOULEVARD - ARDEN AVENUE
1.86,1010,Manhattan,12th Ave S 57th St - 45th St
40.38,108,Bronx,MDE S HARLEM RIVER PARK - GWB W AMSTERDAM AVENUE UPPER LEVEL
51.57,89,Brooklyn,VNB W BROOKLYN GANTRY LOWER LEVEL - SI GANTRY LOWER LEVEL
49.08,94,Brooklyn,VNB E SI GANTRY LOWER LEVEL - BROOLKYN GANTRY LOWER LEVEL
53.43,47,Bronx,CBE E TAYLOR AVENUE - CASTLE HILL AVENUE
53.43,110,Staten Island,SIE W FINGERBOARD ROAD - CLOVE ROAD
49.7,108,Queens,VWE N MP8.64 (Exit 13 Northern Blvd) - Whitestone Expwy Exit 14 (Linden Pl)
42.87,174,Queens,TBB S MANHATTAN LIFT SPAN - QUEENS ANCHORAGE
12.42,255,Manhattan,12th Ave N 40th - 57th St
0.0,0,Brooklyn,GOW N 92ND STREET - 7TH AVENUE
46.6,46,Brooklyn,VNB E-GOWANUS N BROOKLYN GANTRY LOWER LEVEL - 92ND STREET
48.46,111,Queens,VWE N MP6.39 (Exit 11 Jewel Ave) - MP8.65 (Exit 13 Northern Blvd)
59.03,137,Bronx,I-87 NYST S Exit 1 - MDE S Van Cortlandt Park
49.7,57,Staten Island,WSE S SOUTH AVENUE - VICTORY BOULEVARD
52.81,87,Brooklyn,VNB E SI GANTRY UPPER LEVEL - BROOKLYN GANTRY UPPER LEVEL
17.39,417,Queens,TBB N QUEENS ANCHORAGE - BE N
54.68,49,Staten Island,SIE E SOUTH AVENUE - RICHMOND AVENUE
0.0,0,Staten Island,MLK N WALKER STREET - NJ ROUTE 169
26.71,407,Queens,CIP S LIE - Hempstead Tpk
54.68,108,Staten Island,SIE W FINGERBOARD ROAD - CLOVE ROAD
0.0,0,Bronx,BRP S FORDHAM ROAD - WATSON AVENUE
35.41,60,Staten island,VNB W-SIE W SI GANTRY UPPER LEVEL - FINGERBOARD ROAD
0.0,0,Manhattan,BQE N Atlantic Ave - MAN Bridge Manhattan Side
54.68,29,Staten Island,SIE E WOOLEY AVENUE - BRADLEY AVENUE
23.61,316,Bronx,BE S Griswold - Castle Hill Avenue
16.77,259,Bronx,BE S CASTLE HILL AVENUE - STRATFORD AVENUE
54.05,92,Staten Island,WSE N BLOOMUINGDALE ROAD - ARDEN AVENUE
50.95,56,Staten Island,WSE S SOUTH AVENUE - VICTORY BOULEVARD
35.41,180,Queens,BWB S Queens Anchorage - WSE S Exit 14 (Linden Pl)
0.0,0,Staten Island,SIE W - MLK N WOOLEY AVENUE - WLAKER STREET
9.94,322,Manhattan,11th ave s ganservoort - west st @ spring st
62.13,51,Staten Island,WSE N VICTORY BLVD - SOUTH AVENUE
45.98,237,Queens,CVE NB LIE - WILLETS PT BLVD
23.61,187,Bronx,MDE S HARLEM RIVER PARK - GWB W AMSTERDAM AVENUE LOWER LEVEL
27.96,192,Queens,QMT W Toll Plaza - Manhattan Side
0.0,0,Brooklyn,GOW N 9TH STREET - ATLANTIC AVENUE
24.23,111,Queens,TNB S Qns Anchorage - CIP S @ TNB
0.0,0,Staten Island,MLK S - SIE E WALKER STREET - WOOLEY AVENUE
49.7,50,Bronx,BWB N Toll Plaza - HRP N Lafayatte Ave
41.63,129,Queens,VWE S MP8.65 (Exit 13 Northern Blvd) - MP6.39 (Exit 11 Jewel Ave)
47.84,53,Bronx,CBE E TAYLOR AVENUE - CASTLE HILL AVENUE
53.43,70,Queens,Belt Pkwy W 182nd St - JFK Expressway
37.9,234,Queens,VWE N MP4.63 (Exit 6 - Jamaica Ave) - MP6.39 (Exit 11 Jewel Ave)
59.03,138,Bronx,I-87 NYST S Exit 1 - MDE S Van Cortlandt Park
54.68,137,Staten Island,WSE N TYRELLAN AVENUE - BLOOMINGDALE ROAD
4.34,1232,Manhattan,QMT E Manhattan Side - Toll Plaza
9.94,556,Manhattan,LINCOLN TUNNEL E SOUTH TUBE - NJ - NY
57.16,78,Bronx,HRP N LAFAYETTE AVENUE - E TREMONT AVENUE
0.0,0,Queens,TNB S Toll Plaza - Queens Anchorage
19.26,274,Manhattan,QMT E Manhattan Side - Toll Plaza
55.92,122,Queens,VWE S MP4.63 (Exit 6 Jamaica Ave) - MP2.66 (Exit 2 Roackaway Blvd)
60.27,152,Queens,Laurelton Pkwy S @ SSP - Belt Pkwy W 182nd St
29.2,283,Bronx,CBE W U/LEV AMSTERDAM AVE - I95 S EXP LNS
35.41,155,Manhattan,LINCOLN TUNNEL W CENTER TUBE NY - NJ
14.91,795,Queens,Belt Pkwy W JFK Expressway - VWE N Jamaica Ave
0.0,0,Manhattan,BQE N Atlantic Ave - MAN Bridge Manhattan Side
0.0,0,Queens,QMT W Toll Plaza - Manhattan Side
47.22,91,Bronx,CBE W MORRIS AVE - GWB W AMSTERDAM AVE (L/LVL)
45.36,47,Brooklyn,GOW S VNB W 92ND STREET - BKLYN GANTRY UPPER LEVEL
29.2,221,Manhattan,BBT E Manhattan Portal - Toll Plaza
0.0,0,Queens,TNB N Queens Anchorage - Toll Plaza
22.36,452,Manhattan,FDR N Catherine Slip - 25th St
32.31,213,Manhattan,FDR S 63rd - 25th St
4.34,726,Manhattan,11th ave s ganservoort - west st @ spring st
43.49,191,Bronx,CBE W U/LEV AMSTERDAM AVE - I95 S EXP LNS
26.71,259,Staten Island,SIE W - WSE S SOUTH AVENUE - SOUTH AVENUE
43.49,267,Queens,CIP N TNB - Whitestone Expwy S Exit 14 (Linden Pl)
14.29,180,Manhattan,FDR S Catherine Slip - BKN Bridge Manhattan Side
55.3,84,Brooklyn,VNB E SI GANTRY LOWER LEVEL - BROOLKYN GANTRY LOWER LEVEL
31.68,67,Brooklyn,VNB E-GOWANUS N BROOKLYN GANTRY UPPER LEVEL - 92ND STREET
7.45,537,Bronx,CBE W MORRIS AVE - GWB W AMSTERDAM AVE (L/LVL)
47.84,155,Bronx,BE S Griswold - Castle Hill Avenue
42.87,49,Brooklyn,GOW S VNB W 92ND STREET - BKLYN GANTRY UPPER LEVEL
58.4,85,Queens,LIE E 84TH ST - 108TH ST
51.57,103,Queens,VWE N MP8.64 (Exit 13 Northern Blvd) - Whitestone Expwy Exit 14 (Linden Pl)
16.15,154,Bronx,HRP S Lafayette Ave - BWB S Toll Plaza
49.08,156,Staten Island,WSE S TYRELLAN AVENUE - 440 S FRANCIS STREET
50.95,151,Staten Island,WSE S TYRELLAN AVENUE - 440 S FRANCIS STREET
57.78,74,Brooklyn,GOW N 92ND STREET - 7TH AVENUE
53.43,29,Staten Island,SIE E WOOLEY AVENUE - BRADLEY AVENUE
0.0,0,Brooklyn,GOW S 9TH STREET - 7TH AVENUE
53.43,309,Queens,CVE NB GCP - WILLETS PT BLVD
0.0,0,Manhattan,BQE N Atlantic Ave - BKN Bridge Manhattan Side
0.0,0,Staten Island,MLK S - SIE E WALKER STREET - WOOLEY AVENUE
62.75,130,Bronx,I-87 NYST S Exit 1 - MDE S Van Cortlandt Park
8.69,1186,Queens,CIP N Hempstead Tpk - LIE
27.96,246,Queens,VWE S MP4.63 (Exit 6 Jamaica Ave) - MP2.66 (Exit 2 Roackaway Blvd)
47.22,53,Bronx,BWB N Toll Plaza - HRP N Lafayatte Ave
21.74,294,Manhattan,12th ave @ 45th - 11 ave ganservoort st
2.48,2104,Manhattan,LINCOLN TUNNEL E CENTER TUBE NJ - NY
0.0,0,Staten Island,VNB W-SIE W SI GANTRY LOWER LEVEL - FINGERBOARD ROAD
13.67,520,Queens,MDE S TBB EXIT RAMP - QUEENS ANCHORAGE
21.74,329,Brooklyn,BQE S 46TH STREET - LEONARD STREET
54.05,153,Bronx,CBE E CASTLE HILL AVE - BE N WATERBURY AVE
62.75,82,Staten Island,WSE S ARDEN AVENUE - BLOOMINGDALE ROAD
50.95,84,Bronx,CBE AMSTERDAM AVE (L/LVL) - MORRIS AVE
46.6,54,Bronx,BWB N Toll Plaza - HRP N Lafayatte Ave
0.0,0,Staten Island,MLK S - SIE E WALKER STREET - WOOLEY AVENUE
41.63,132,Bronx,BRP N WATSON AVENUE - FORDHAM ROAD
41.63,261,Queens,VWE S MP2.66 (Exit 2 Rockaway Blvd) - Belt Pkwy E 182nd St
8.07,998,Queens,TBB N QUEENS ANCHORAGE - MANHATTAN LIFT SPAN
45.36,224,Manhattan,FDR N Catherine Slip - 25th St
45.36,46,Brooklyn,GOW S VNB W 92ND STREET - BKLYN GANTRY UPPER LEVEL
50.33,85,Brooklyn,GOW S 7TH AVENUE - 92ND STREET
22.99,312,Manhattan,BQE N Atlantic Ave - BKN Bridge Manhattan Side
54.68,85,Bronx,BE N STRATFORD AVENUE - CASTLE HILL AVE
28.58,228,Manhattan,BBT W Toll Plaza - Manhattan Portal
47.22,95,Bronx,MDE S HARLEM RIVER PARK - GWB W AMSTERDAM AVENUE LOWER LEVEL
0.0,0,Staten Island,MLK S - SIE W WALKER STREET - RICHMOND AVENUE
40.38,268,Queens,VWE S MP2.66 (Exit 2 Rockaway Blvd) - Belt Pkwy E 182nd St
33.55,91,Queens,BE S TBB EXIT RAMP - MANHATTAN LIFT SPAN
53.43,205,Queens,CVE NB LIE - WILLETS PT BLVD
17.39,183,Manhattan,12th Ave N 40th - 57th St
47.22,45,Brooklyn,GOW S VNB W 92ND STREET - BKLYN GANTRY UPPER LEVEL
29.2,171,Manhattan,LINCOLN TUNNEL W NORTH TUBE NY - NJ
0.0,0,Manhattan,FDR N - TBB E 116TH STREET - MANHATTAN TRUSS
57.16,68,Staten Island,SIE E RICHMOND AVENUE - WOOLEY AVENUE
45.98,46,Brooklyn,VNB E-GOWANUS N BROOKLYN GANTRY LOWER LEVEL - 92ND STREET
16.77,291,Manhattan,LINCOLN TUNNEL W NORTH TUBE NY - NJ
12.42,502,Manhattan,12th ave @ 45th - 11 ave ganservoort st
49.7,93,Brooklyn,VNB E SI GANTRY LOWER LEVEL - BROOLKYN GANTRY LOWER LEVEL
56.54,87,Queens,LIE W 108TH ST - 84TH ST
3.72,591,Manhattan,12th Ave S 57th St - 45th St
29.2,170,Queens,LIE W 108TH ST - 84TH ST
36.03,215,Queens,Laurelton Pkwy N @ SSP - CIP N Hempstead Tpk
48.46,52,Bronx,CBE E TAYLOR AVENUE - CASTLE HILL AVENUE
60.89,85,Staten Island,WSE S ARDEN AVENUE - BLOOMINGDALE ROAD
46.6,45,Staten Island,VNB W-SIE W SI GANTRY LOWER LEVEL - FINGERBOARD ROAD
62.13,63,Staten Island,SIE W WOOLEY AVENUE - RICHMOND AVENUE
56.54,79,Bronx,HRP N LAFAYETTE AVENUE - E TREMONT AVENUE
30.44,176,Queens,QMT W Toll Plaza - Manhattan Side
22.36,295,Staten Island,SIE E BRADLEY AVENUE - CLOVE ROAD
51.57,90,Queens,BWB N Queens Anchorage - Toll Plaza
58.4,129,Queens,CIP S Hempstead Tpk - Laurelton Pkwy @ SSP
54.05,86,Bronx,BE N STRATFORD AVENUE - CASTLE HILL AVE
12.42,258,Manhattan,12th Ave N 40th - 57th St
44.11,246,Queens,VWE S MP2.66 (Exit 2 Rockaway Blvd) - Belt Pkwy E 182nd St
1.24,4024,Manhattan,BBT E Manhattan Portal - Toll Plaza
55.92,288,Queens,CIP NB GCP - TNB
50.33,85,Brooklyn,GOW S 7TH AVENUE - 92ND STREET
34.17,125,Bronx,CBE E AMSTERDAM AVE(U/LVL) - MORRIS AVE
0.0,0,Staten Island,MLK N WALKER STREET - NJ ROUTE 169
0.0,0,Staten Island,SIE W - MLK N WOOLEY AVENUE - WLAKER STREET
16.77,311,Manhattan,QMT E Manhattan Side - Toll Plaza
51.57,145,Staten Island,WSE N TYRELLAN AVENUE - BLOOMINGDALE ROAD
12.42,447,Bronx,BRP N WATSON AVENUE - FORDHAM ROAD
10.56,523,Manhattan,LINCOLN TUNNEL W CENTER TUBE NY - NJ
48.46,44,Brooklyn,VNB E-GOWANUS N BROOKLYN GANTRY UPPER LEVEL - 92ND STREET
0.0,0,Staten Island,MLK S - SIE E WALKER STREET - WOOLEY AVENUE
49.08,157,Staten Island,440 N FRANCIS STREET - WSE N TYRELLAN AVE
44.11,187,Bronx,CBE E CASTLE HILL AVE - BE N WATERBURY AVE
57.78,80,Bronx,BE N STRATFORD AVENUE - CASTLE HILL AVE
39.14,54,Brooklyn,VNB E-GOWANUS N BROOKLYN GANTRY UPPER LEVEL - 92ND STREET
8.69,266,Manhattan,TBB W - FDR S MANHATTAN TRUSS - E116TH STREET
53.43,137,Manhattan,GWB E LOWER LEVEL PLAZA - CBE E LOWER LEVEL AMSTERDAM AVE
55.92,115,Queens,BWB S Queens Anchorage - WSE S Exit 14 (Linden Pl)
0.0,0,Manhattan,QMT E Manhattan Side - Toll Plaza
56.54,79,Bronx,HRP N LAFAYETTE AVENUE - E TREMONT AVENUE
55.3,136,Staten Island,WSE N TYRELLAN AVENUE - BLOOMINGDALE ROAD
32.31,134,Bronx,MDE S HARLEM RIVER PARK - GWB W AMSTERDAM AVENUE UPPER LEVEL
54.68,294,Queens,CIP NB GCP - TNB
50.33,123,Staten Island,WSE S BLLOMINGDALE ROAD - TYRELLAN AVENUE
57.16,46,Queens,TNB S Qns Anchorage - CIP S @ TNB
43.49,126,Staten Island,SIE E CLOVE ROAD - FINGERBOARD ROAD
52.19,120,Staten Island,WSE S BLLOMINGDALE ROAD - TYRELLAN AVENUE
10.56,668,Queens,TBB N QUEENS ANCHORAGE - BE N
44.73,148,Staten Island,SIE E BRADLEY AVENUE - CLOVE ROAD
47.84,160,Staten Island,WSE S TYRELLAN AVENUE - 440 S FRANCIS STREET
6.21,686,Bronx,CBE W MORRIS AVE - GWB W AMSTERDAM AVE (U/LVL)
53.43,92,Queens,LIE W 108TH ST - 84TH ST
24.85,403,Manhattan,FDR S 25th St - Catherine Slip
55.3,99,Queens,Whitestone Expwy S Exit 14 (Linden Pl) - VWE S MP8.65 (Exit 13 Northern Blvd)
54.05,217,Queens,CIP N LIE ramp - TNB
0.0,0,Queens,BE S TBB EXIT RAMP - QUEENS ANCHORAGE
44.11,247,Queens,CVE NB LIE - WILLETS PT BLVD
23.61,210,Manhattan,LINCOLN TUNNEL W NORTH TUBE NY - NJ
29.2,97,Staten Island,WSE S SOUTH AVENUE - VICTORY BOULEVARD
42.87,167,Queens,BE S TBB EXIT RAMP - QUEENS ANCHORAGE
60.89,64,Staten Island,SIE W WOOLEY AVENUE - RICHMOND AVENUE
57.16,47,Queens,TNB S Qns Anchorage - CIP S @ TNB
57.78,141,Bronx,I-87 NYST S Exit 1 - MDE S Van Cortlandt Park
0.0,0,Manhattan,BQE N Atlantic Ave - MAN Bridge Manhattan Side
45.36,47,Brooklyn,GOW S VNB W 92ND STREET - BKLYN GANTRY LOWER LEVEL
51.57,132,Manhattan,FDR S 63rd - 25th St
45.98,58,Queens,TNB S Qns Anchorage - CIP S @ TNB
30.44,88,Staten Island,SIE E SOUTH AVENUE - RICHMOND AVENUE
9.94,1598,Queens,CIP NB GCP - TNB
15.53,337,Manhattan,11th ave n ganservoort - 12th ave @ 40th st
13.04,240,Manhattan,12th Ave N 40th - 57th St
29.2,258,Queens,TBB S MANHATTAN LIFT SPAN - QUEENS ANCHORAGE
45.36,31,Staten Island,SIE W BRADLEY AVENUE - WOOLEY AVENUE
57.78,136,Staten Island,WSE N ARDEN AVENUE - VICTORY BLVD
56.54,107,Staten Island,WSE N-SIE E SOUTH AVENUE - SOUTH AVENUE
0.0,0,Staten Island,SIE E-MLK N RICHMOND AVENUE - WALKER STREET
53.43,134,Brooklyn,BQE N LEONARD STREET - 46TH STREET
55.3,84,Brooklyn,VNB E SI GANTRY LOWER LEVEL - BROOLKYN GANTRY LOWER LEVEL
45.98,46,Brooklyn,VNB E-GOWANUS N BROOKLYN GANTRY LOWER LEVEL - 92ND STREET
0.0,0,Manhattan,BBT W Toll Plaza - Manhattan Portal
51.57,55,Staten Island,WSE S SOUTH AVENUE - VICTORY BOULEVARD
52.81,142,Staten Island,WSE N TYRELLAN AVENUE - BLOOMINGDALE ROAD
0.0,0,Bronx,CBE W L/LE V AMSTERDAM AVE - I 95 S LOC LNS
14.29,435,Manhattan,12th ave @ 45th - 11 ave ganservoort st
38.52,143,Queens,Whitestone Expwy S Exit 14 (Linden Pl) - VWE S MP8.65 (Exit 13 Northern Blvd)
0.0,0,Queens,TNB S Toll Plaza - Queens Anchorage
55.92,48,Queens,TNB S Qns Anchorage - CIP S @ TNB
47.22,45,Brooklyn,GOW S VNB W 92ND STREET - BKLYN GANTRY LOWER LEVEL
55.92,123,Queens,TNB N Queens Anchorage - Toll Plaza
23.61,228,Queens,QMT W Toll Plaza - Manhattan Side
52.19,51,Staten Island,SIE E SOUTH AVENUE - RICHMOND AVENUE
43.49,49,Brooklyn,VNB E-GOWANUS N BROOKLYN GANTRY UPPER LEVEL - 92ND STREET
50.33,85,Bronx,CBE W MORRIS AVE - GWB W AMSTERDAM AVE (L/LVL)
51.57,48,Bronx,BWB N Toll Plaza - HRP N Lafayatte Ave
36.03,231,Bronx,CBE W U/LEV AMSTERDAM AVE - I95 S EXP LNS
42.25,109,Brooklyn,VNB W BROOKLYN GANTRY UPPER LEVEL - SI GANTRY UPPER LEVEL
34.79,185,Manhattan,BBT W Toll Plaza - Manhattan Portal
34.79,257,Queens,VWE N MP4.63 (Exit 6 - Jamaica Ave) - MP6.39 (Exit 11 Jewel Ave)
10.56,229,Manhattan,TBB W - FDR S MANHATTAN TRUSS - E116TH STREET
40.38,96,Queens,LIE WB LITTLE NECK PKWY - NB CIP
45.98,55,Bronx,HRP S Lafayette Ave - BWB S Toll Plaza
0.0,0,Bronx,I-87 NYST S Exit 1 - MDE S Van Cortlandt Park
37.28,257,Queens,LIE WB LITTLE NECK PKWY - NB CVE
36.03,448,Queens,CIP NB GCP - TNB
21.74,292,Manhattan,12th ave @ 45th - 11 ave ganservoort st
57.78,129,Bronx,BE N Castle Hill Avenue - Griswold Ave
13.04,819,Queens,VWE S MP2.66 (Exit 2 Rockaway Blvd) - Belt Pkwy E 182nd St
58.4,104,Staten Island,WSE N-SIE E SOUTH AVENUE - SOUTH AVENUE
31.06,161,Queens,LIE E 84TH ST - 108TH ST
38.52,178,Manhattan,FDR N 25th - 63rd St
31.68,345,Queens,CVE NB LIE - WILLETS PT BLVD
39.76,106,Bronx,CBE E AMSTERDAM AVE(U/LVL) - MORRIS AVE
0.0,0,Staten Island,SIE E-MLK N RICHMOND AVENUE - WALKER STREET
44.11,157,Staten Island,SIE W - WSE S SOUTH AVENUE - SOUTH AVENUE
57.16,68,Staten Island,SIE E RICHMOND AVENUE - WOOLEY AVENUE
26.71,244,Manhattan,BBT E Manhattan Portal - Toll Plaza
0.0,0,Queens,BE S TBB EXIT RAMP - QUEENS ANCHORAGE
45.36,158,Queens,MDE S TBB EXIT RAMP - QUEENS ANCHORAGE
54.68,29,Staten Island,SIE E WOOLEY AVENUE - BRADLEY AVENUE
50.95,140,Brooklyn,BQE N LEONARD STREET - 46TH STREET
42.25,120,Bronx,MDE N RFK Bridge - 142nd St
48.46,110,Queens,VWE S MP8.65 (Exit 13 Northern Blvd) - MP6.39 (Exit 11 Jewel Ave)
18.64,289,Queens,QMT W Toll Plaza - Manhattan Side
45.36,55,Bronx,HRP S Lafayette Ave - BWB S Toll Plaza
55.3,48,Queens,TNB S Qns Anchorage - CIP S @ TNB
0.0,0,Manhattan,BQE N Atlantic Ave - BKN Bridge Manhattan Side
44.73,47,Brooklyn,GOW S VNB W 92ND STREET - BKLYN GANTRY LOWER LEVEL
26.71,208,Manhattan,LINCOLN TUNNEL E CENTER TUBE NJ - NY
59.65,48,Staten Island,SIE W RICHMOND AVENUE - SOUTH AVENUE
20.5,68,Staten Island,SIE W BRADLEY AVENUE - WOOLEY AVENUE
51.57,49,Bronx,CBE E TAYLOR AVENUE - CASTLE HILL AVENUE
15.53,194,Queens,BE S TBB EXIT RAMP - MANHATTAN LIFT SPAN
53.43,87,Brooklyn,VNB W BROOKLYN GANTRY LOWER LEVEL - SI GANTRY LOWER LEVEL
55.3,84,Bronx,BWB S Toll Plaza - Queens Anchorage
46.6,147,Manhattan,FDR N 25th - 63rd St
15.53,151,Manhattan,TBB W - FDR S MANHATTAN TRUSS - E116TH STREET
47.22,228,Queens,VWE S MP2.66 (Exit 2 Rockaway Blvd) - Belt Pkwy E 182nd St
38.52,515,Manhattan,Westside Hwy N 57th St - GWB
64.0,149,Queens,LIE WB LITTLE NECK PKWY - NB CVE
44.73,439,Manhattan,Westside Hwy S GWB - 57th St
55.92,95,Queens,VWE S MP8.65 (Exit 13 Northern Blvd) - MP6.39 (Exit 11 Jewel Ave)
52.81,88,Brooklyn,VNB E SI GANTRY LOWER LEVEL - BROOLKYN GANTRY LOWER LEVEL
49.08,160,Staten Island,WSE N ARDEN AVENUE - VICTORY BLVD
41.63,55,Staten Island,SIE E VNB E FINGERBOARD ROAD - SI GANTRY LOWER LEVEL
0.0,0,Bronx,BRP S FORDHAM ROAD - WATSON AVENUE
24.85,120,Queens,BE S TBB EXIT RAMP - MANHATTAN LIFT SPAN
5.59,754,Bronx,MDE S HARLEM RIVER PARK - GWB W AMSTERDAM AVENUE LOWER LEVEL
51.57,83,Bronx,CBE E AMSTERDAM AVE(U/LVL) - MORRIS AVE
0.0,0,Manhattan,BQE N Atlantic Ave - BKN Bridge Manhattan Side
45.98,194,Queens,VWE S MP6.39 (Exit 11 Jewel Ave) - MP4.63 (Exit 6 Jamaica Ave)
16.77,597,Manhattan,FDR N Catherine Slip - 25th St
57.78,141,Bronx,I-87 NYST S Exit 1 - MDE S Van Cortlandt Park
49.08,109,Queens,VWE N MP8.64 (Exit 13 Northern Blvd) - Whitestone Expwy Exit 14 (Linden Pl)
52.81,145,Staten Island,WSE S TYRELLAN AVENUE - 440 S FRANCIS STREET
0.0,0,Bronx,CBE W L/LE V AMSTERDAM AVE - I 95 S LOC LNS
45.36,63,Staten Island,SIE W RICHMOND AVENUE - SOUTH AVENUE
52.81,88,Bronx,BWB S Toll Plaza - Queens Anchorage
36.03,138,Manhattan,LINCOLN TUNNEL W NORTH TUBE NY - NJ
41.01,78,Staten Island,WSE N VICTORY BLVD - SOUTH AVENUE
55.92,25,Staten Island,SIE W BRADLEY AVENUE - WOOLEY AVENUE
45.98,46,Staten Island,VNB W-SIE W SI GANTRY LOWER LEVEL - FINGERBOARD ROAD
54.05,52,Staten Island,SIE W RICHMOND AVENUE - SOUTH AVENUE
0.0,0,Brooklyn,GOW N 9TH STREET - ATLANTIC AVENUE
7.45,542,Bronx,CBE W MORRIS AVE - GWB W AMSTERDAM AVE (U/LVL)
54.68,84,Brooklyn,VNB W BROOKLYN GANTRY UPPER LEVEL - SI GANTRY UPPER LEVEL
47.22,105,Queens,LIE E 84TH ST - 108TH ST
53.43,50,Queens,TNB S Qns Anchorage - CIP S @ TNB
59.03,134,Staten Island,WSE N ARDEN AVENUE - VICTORY BLVD
16.77,459,Queens,Laurelton Pkwy N @ SSP - CIP N Hempstead Tpk
0.0,0,Manhattan,LINCOLN TUNNEL E CENTER TUBE NJ - NY
27.34,287,Staten Island,WSE N ARDEN AVENUE - VICTORY BLVD
57.16,47,Staten Island,SIE E SOUTH AVENUE - RICHMOND AVENUE
47.22,113,Queens,VWE N MP6.39 (Exit 11 Jewel Ave) - MP8.65 (Exit 13 Northern Blvd)
22.36,406,Queens,Belt Pkwy E 182nd St - Laurelton Pkwy N @ SSP
12.42,184,Manhattan,FDR N - TBB E 116TH STREET - MANHATTAN TRUSS
33.55,203,Manhattan,FDR N 25th - 63rd St
0.0,0,Bronx,CBE W L/LE V AMSTERDAM AVE - I 95 S LOC LNS
18.64,389,Manhattan,GWB E LOWER LEVEL PLAZA - CBE E LOWER LEVEL AMSTERDAM AVE
20.5,532,Queens,CIP N Hempstead Tpk - LIE
48.46,58,Staten Island,SIE W RICHMOND AVENUE - SOUTH AVENUE
14.29,184,Manhattan,FDR S Catherine Slip - BKN Bridge Manhattan Side
0.0,0,Brooklyn,BQE S - GOW S ALTANTIC AVENUE - 9TH STREET
53.43,121,Queens,BWB S Queens Anchorage - WSE S Exit 14 (Linden Pl)
44.11,48,Brooklyn,VNB E-GOWANUS N BROOKLYN GANTRY LOWER LEVEL - 92ND STREET
32.93,334,Queens,CIP S LIE - Hempstead Tpk
0.0,0,Brooklyn,GOW S 7TH AVENUE - 92ND STREET
59.03,138,Bronx,I-87 NYST S Exit 1 - MDE S Van Cortlandt Park
5.59,1351,Bronx,CBE W L/LE V AMSTERDAM AVE - I 95 S LOC LNS
51.57,90,Brooklyn,VNB E SI GANTRY LOWER LEVEL - BROOLKYN GANTRY LOWER LEVEL
46.6,92,Bronx,CBE E AMSTERDAM AVE(U/LVL) - MORRIS AVE
0.0,0,Bronx,BRP S FORDHAM ROAD - WATSON AVENUE
0.0,0,Manhattan,BQE N Atlantic Ave - BKN Bridge Manhattan Side
0.0,0,Brooklyn,GOW N 7TH AVENUE - 9TH STREET
52.81,81,Brooklyn,GOW N 92ND STREET - 7TH AVENUE
0.0,0,Staten Island,MLK S - SIE E WALKER STREET - WOOLEY AVENUE
30.44,176,Queens,QMT W Toll Plaza - Manhattan Side
43.49,148,Queens,Whitestone Expwy N Exit 14 (Linden Pl) - BWB N Queens Anchorage
45.98,101,Bronx,BWB S Toll Plaza - Queens Anchorage
41.01,264,Queens,CVE NB LIE - WILLETS PT BLVD
52.81,88,Brooklyn,VNB W BROOKLYN GANTRY LOWER LEVEL - SI GANTRY LOWER LEVEL
19.26,225,Bronx,MDE S HARLEM RIVER PARK - GWB W AMSTERDAM AVENUE UPPER LEVEL
12.42,207,Manhattan,FDR S Catherine Slip - BKN Bridge Manhattan Side
42.87,207,Queens,VWE S MP6.39 (Exit 11 Jewel Ave) - MP4.63 (Exit 6 Jamaica Ave)
34.79,75,Manhattan,BKN Bridge Manhattan Side - FDR N Catherine Slip
0.0,0,Brooklyn,BQE S - GOW S ALTANTIC AVENUE - 9TH STREET
47.84,96,Brooklyn,VNB E SI GANTRY LOWER LEVEL - BROOLKYN GANTRY LOWER LEVEL
1.24,5086,Manhattan,BBT E Manhattan Portal - Toll Plaza
39.76,53,Staten Island,VNB W-SIE W SI GANTRY LOWER LEVEL - FINGERBOARD ROAD
48.46,88,Bronx,CBE W MORRIS AVE - GWB W AMSTERDAM AVE (U/LVL)
62.13,52,Staten Island,WSE N VICTORY BLVD - SOUTH AVENUE
47.84,186,Queens,VWE N MP4.63 (Exit 6 - Jamaica Ave) - MP6.39 (Exit 11 Jewel Ave)
49.7,79,Queens,LIE WB LITTLE NECK PKWY - NB CIP
26.09,205,Queens,QMT W Toll Plaza - Manhattan Side
52.81,146,Staten Island,WSE S TYRELLAN AVENUE - 440 S FRANCIS STREET
58.4,43,Bronx,CBE E TAYLOR AVENUE - CASTLE HILL AVENUE
54.68,136,Staten Island,WSE N TYRELLAN AVENUE - BLOOMINGDALE ROAD
0.0,0,Staten Island,MLK N WALKER STREET - NJ ROUTE 169
0.0,0,Staten Island,SIE E-MLK N RICHMOND AVENUE - WALKER STREET
50.95,104,Queens,VWE S MP8.65 (Exit 13 Northern Blvd) - MP6.39 (Exit 11 Jewel Ave)
0.0,0,Manhattan,12th Ave S 57th St - 45th St
45.36,47,Brooklyn,GOW S VNB W 92ND STREET - BKLYN GANTRY LOWER LEVEL
0.0,0,Queens,BE S TBB EXIT RAMP - QUEENS ANCHORAGE
39.76,188,Queens,TBB S MANHATTAN LIFT SPAN - QUEENS ANCHORAGE
1.24,3572,Manhattan,LINCOLN TUNNEL E CENTER TUBE NJ - NY
30.44,151,Bronx,BWB S Toll Plaza - Queens Anchorage
0.0,0,Staten Island,ROUTE 169 S - MLK WALKER STREET
52.19,120,Staten Island,WSE S BLLOMINGDALE ROAD - TYRELLAN AVENUE
42.87,173,Bronx,BE S Griswold - Castle Hill Avenue
50.33,49,Bronx,BWB N Toll Plaza - HRP N Lafayatte Ave
24.23,446,Queens,CIP S LIE - Hempstead Tpk
3.72,2083,Bronx,CBE W L/LE V AMSTERDAM AVE - I 95 S LOC LNS
13.04,203,Queens,TNB S Qns Anchorage - CIP S @ TNB
15.53,314,Queens,LIE W 108TH ST - 84TH ST
53.43,129,Queens,TNB S Toll Plaza - Queens Anchorage
46.6,46,Brooklyn,GOW S VNB W 92ND STREET - BKLYN GANTRY LOWER LEVEL
0.0,0,Staten Island,MLK S - SIE E WALKER STREET - WOOLEY AVENUE
53.43,143,Staten Island,WSE S TYRELLAN AVENUE - 440 S FRANCIS STREET
37.28,101,Queens,Belt Pkwy W 182nd St - JFK Expressway
26.71,160,Bronx,MDE S HARLEM RIVER PARK - GWB W AMSTERDAM AVENUE UPPER LEVEL
27.96,255,Brooklyn,BQE N LEONARD STREET - 46TH STREET
52.19,160,Bronx,CBE E CASTLE HILL AVE - BE N WATERBURY AVE
29.2,158,Bronx,BWB S Toll Plaza - Queens Anchorage
43.49,272,Queens,CIP N LIE ramp - TNB
2.48,2577,Queens,TBB S MANHATTAN LIFT SPAN - QUEENS ANCHORAGE
50.33,109,Queens,Whitestone Expwy S Exit 14 (Linden Pl) - VWE S MP8.65 (Exit 13 Northern Blvd)
59.65,77,Bronx,BE N STRATFORD AVENUE - CASTLE HILL AVE
10.56,387,Bronx,CBE AMSTERDAM AVE (L/LVL) - MORRIS AVE
39.76,54,Staten island,VNB W-SIE W SI GANTRY UPPER LEVEL - FINGERBOARD ROAD
50.33,106,Queens,VWE N MP8.64 (Exit 13 Northern Blvd) - Whitestone Expwy Exit 14 (Linden Pl)
0.0,0,Manhattan,BQE N Atlantic Ave - MAN Bridge Manhattan Side
31.06,239,Manhattan,GWB E LOWER LEVEL PLAZA - CBE E LOWER LEVEL AMSTERDAM AVE
45.98,131,Staten Island,WSE N-SIE E SOUTH AVENUE - SOUTH AVENUE
56.54,291,Queens,CVE NB GCP - WILLETS PT BLVD
17.39,300,Manhattan,QMT E Manhattan Side - Toll Plaza
1.86,2791,Manhattan,LINCOLN TUNNEL E CENTER TUBE NJ - NY
54.68,144,Staten Island,WSE S VICTORY BOULEVARD - ARDEN AVENUE
49.7,128,Queens,Whitestone Expwy N Exit 14 (Linden Pl) - BWB N Queens Anchorage
0.0,0,Staten Island,ROUTE 169 S - MLK WALKER STREET
13.67,382,Manhattan,11th ave n ganservoort - 12th ave @ 40th st
0.0,0,Manhattan,BBT E Manhattan Portal - Toll Plaza
45.36,165,Queens,TBB S MANHATTAN LIFT SPAN - QUEENS ANCHORAGE
6.83,921,Manhattan,BBT W Toll Plaza - Manhattan Portal
52.19,123,Queens,Whitestone Expwy N Exit 14 (Linden Pl) - BWB N Queens Anchorage
20.5,261,Manhattan,11th ave n ganservoort - 12th ave @ 40th st
34.17,146,Queens,LIE W 108TH ST - 84TH ST
45.36,179,Queens,TBB N QUEENS ANCHORAGE - MANHATTAN LIFT SPAN
38.52,191,Manhattan,GWB E LOWER LEVEL PLAZA - CBE E LOWER LEVEL AMSTERDAM AVE
27.96,241,Manhattan,FDR S 63rd - 25th St
0.0,0,Brooklyn,GOW S 9TH STREET - 7TH AVENUE
18.01,493,Queens,VWE S MP6.39 (Exit 11 Jewel Ave) - MP4.63 (Exit 6 Jamaica Ave)
49.7,145,Queens,MDE S TBB EXIT RAMP - QUEENS ANCHORAGE
14.29,181,Manhattan,FDR S Catherine Slip - BKN Bridge Manhattan Side
55.92,141,Staten Island,WSE N ARDEN AVENUE - VICTORY BLVD
9.94,312,Manhattan,12th Ave N 40th - 57th St
56.54,290,Queens,CVE NB GCP - WILLETS PT BLVD
22.36,301,Manhattan,FDR N 25th - 63rd St
0.0,0,Staten Island,MLK N WALKER STREET - NJ ROUTE 169
17.39,185,Manhattan,12th Ave N 40th - 57th St
37.9,218,Bronx,CBE W U/LEV AMSTERDAM AVE - I95 S EXP LNS
36.03,142,Bronx,MDE N RFK Bridge - 142nd St
57.16,81,Bronx,BE N STRATFORD AVENUE - CASTLE HILL AVE
52.81,105,Bronx,BRP S FORDHAM ROAD - WATSON AVENUE
54.68,84,Brooklyn,VNB W BROOKLYN GANTRY LOWER LEVEL - SI GANTRY LOWER LEVEL
0.0,0,Manhattan,BQE N Atlantic Ave - BKN Bridge Manhattan Side
0.0,0,Manhattan,BQE N Atlantic Ave - MAN Bridge Manhattan Side
39.76,203,Queens,TBB N QUEENS ANCHORAGE - MANHATTAN LIFT SPAN
36.66,249,Queens,Laurelton Pkwy S @ SSP - Belt Pkwy W 182nd St
52.19,55,Staten Island,SIE W RICHMOND AVENUE - SOUTH AVENUE
52.81,74,Staten Island,SIE W WOOLEY AVENUE - RICHMOND AVENUE
50.95,126,Queens,Whitestone Expwy N Exit 14 (Linden Pl) - BWB N Queens Anchorage
56.54,69,Staten Island,SIE E RICHMOND AVENUE - WOOLEY AVENUE
45.98,50,Staten Island,SIE E VNB E FINGERBOARD ROAD - SI GANTRY UPPER LEVEL
47.84,154,Manhattan,GWB E LOWER LEVEL PLAZA - CBE E LOWER LEVEL AMSTERDAM AVE
41.63,51,Brooklyn,GOW S VNB W 92ND STREET - BKLYN GANTRY UPPER LEVEL
39.76,274,Queens,CIP N Hempstead Tpk - LIE
42.87,174,Queens,TBB S MANHATTAN LIFT SPAN - QUEENS ANCHORAGE
42.25,109,Bronx,BE N STRATFORD AVENUE - CASTLE HILL AVE
53.43,103,Queens,Whitestone Expwy S Exit 14 (Linden Pl) - VWE S MP8.65 (Exit 13 Northern Blvd)
50.33,85,Bronx,CBE W MORRIS AVE - GWB W AMSTERDAM AVE (U/LVL)
58.4,73,Brooklyn,GOW N 92ND STREET - 7TH AVENUE
47.22,105,Queens,LIE W 108TH ST - 84TH ST
57.16,120,Queens,TNB N Queens Anchorage - Toll Plaza
10.56,748,Queens,TBB N QUEENS ANCHORAGE - MANHATTAN LIFT SPAN
49.7,86,Bronx,CBE W MORRIS AVE - GWB W AMSTERDAM AVE (L/LVL)
36.66,186,Manhattan,FDR S 63rd - 25th St
35.41,194,Manhattan,FDR N 25th - 63rd St
18.01,553,Manhattan,FDR S 25th St - Catherine Slip
4.34,1355,Manhattan,BBT W Toll Plaza - Manhattan Portal
0.0,0,Staten Island,ROUTE 169 S - MLK WALKER STREET
54.05,144,Queens,Laurelton Pkwy N @ SSP - CIP N Hempstead Tpk
48.46,225,Queens,CIP S LIE - Hempstead Tpk
59.65,117,Staten Island,SIE W - WSE S SOUTH AVENUE - SOUTH AVENUE
0.0,0,Brooklyn,GOW S 9TH STREET - 7TH AVENUE
50.33,110,Bronx,BRP N WATSON AVENUE - FORDHAM ROAD
55.3,100,Staten Island,SIE E CLOVE ROAD - FINGERBOARD ROAD
57.16,47,Queens,TNB S Qns Anchorage - CIP S @ TNB
31.06,84,Manhattan,FDR S Catherine Slip - BKN Bridge Manhattan Side
22.99,231,Queens,VWE N MP6.39 (Exit 11 Jewel Ave) - MP8.65 (Exit 13 Northern Blvd)
48.46,110,Queens,VWE S MP8.65 (Exit 13 Northern Blvd) - MP6.39 (Exit 11 Jewel Ave)
29.2,672,Manhattan,Westside Hwy S GWB - 57th St
42.87,222,Queens,LIE WB LITTLE NECK PKWY - NB CVE
57.16,44,Bronx,CBE W CASTLE HILL AVENUE - TAYLOR AVENUE
1.86,2330,Manhattan,LINCOLN TUNNEL W CENTER TUBE NY - NJ
6.21,686,Bronx,CBE W MORRIS AVE - GWB W AMSTERDAM AVE (U/LVL)
40.38,114,Bronx,BE N STRATFORD AVENUE - CASTLE HILL AVE
0.0,0,Queens,Whitestone Expwy S Exit 14 (Linden Pl) - VWE S MP8.65 (Exit 13 Northern Blvd)
50.95,147,Staten Island,WSE N TYRELLAN AVENUE - BLOOMINGDALE ROAD
0.0,0,Manhattan,BQE N Atlantic Ave - MAN Bridge Manhattan Side
8.69,982,Queens,VWE S MP6.39 (Exit 11 Jewel Ave) - MP4.63 (Exit 6 Jamaica Ave)
42.25,62,Manhattan,FDR S Catherine Slip - BKN Bridge Manhattan Side
49.08,224,Queens,CIP S LIE - Hempstead Tpk
31.68,83,Manhattan,FDR S Catherine Slip - BKN Bridge Manhattan Side
0.0,0,Bronx,CBE W L/LE V AMSTERDAM AVE - I 95 S LOC LNS
48.46,103,Queens,LIE E 84TH ST - 108TH ST
37.9,112,Bronx,CBE AMSTERDAM AVE (L/LVL) - MORRIS AVE
28.58,106,Queens,BE S TBB EXIT RAMP - MANHATTAN LIFT SPAN
52.19,55,Staten Island,WSE S SOUTH AVENUE - VICTORY BOULEVARD
57.16,135,Staten Island,WSE S TYRELLAN AVENUE - 440 S FRANCIS STREET
3.72,527,Manhattan,12th Ave S 57th St - 45th St
39.76,257,Manhattan,FDR N Catherine Slip - 25th St
16.15,157,Manhattan,BKN Bridge Manhattan Side - FDR N Catherine Slip
44.11,246,Queens,CVE NB LIE - WILLETS PT BLVD
0.0,0,Bronx,BRP S FORDHAM ROAD - WATSON AVENUE
0.0,0,Queens,TNB S Toll Plaza - Queens Anchorage
56.54,138,Staten Island,WSE N ARDEN AVENUE - VICTORY BLVD
0.0,0,Queens,QMT W Toll Plaza - Manhattan Side
2.48,1654,Manhattan,LINCOLN TUNNEL W NORTH TUBE NY - NJ
39.76,59,Manhattan,FDR N - TBB E 116TH STREET - MANHATTAN TRUSS
12.42,348,Bronx,MDE S HARLEM RIVER PARK - GWB W AMSTERDAM AVENUE UPPER LEVEL
60.27,123,Manhattan,GWB E LOWER LEVEL PLAZA - CBE E LOWER LEVEL AMSTERDAM AVE
50.95,150,Staten Island,440 N FRANCIS STREET - WSE N TYRELLAN AVE
0.0,0,Queens,LIE W 108TH ST - 84TH ST
57.16,46,Staten Island,SIE E SOUTH AVENUE - RICHMOND AVENUE
39.14,41,Staten Island,SIE E WOOLEY AVENUE - BRADLEY AVENUE
52.19,131,Queens,VWE S MP4.63 (Exit 6 Jamaica Ave) - MP2.66 (Exit 2 Roackaway Blvd)
49.7,75,Queens,Belt Pkwy W 182nd St - JFK Expressway
45.36,55,Bronx,BWB N Toll Plaza - HRP N Lafayatte Ave
55.3,166,Queens,Laurelton Pkwy S @ SSP - Belt Pkwy W 182nd St
40.38,57,Staten Island,SIE E VNB E FINGERBOARD ROAD - SI GANTRY LOWER LEVEL
0.0,0,Bronx,CBE W L/LE V AMSTERDAM AVE - I 95 S LOC LNS
11.8,438,Manhattan,11th ave n ganservoort - 12th ave @ 40th st
0.0,0,Staten Island,MLK S - SIE E WALKER STREET - WOOLEY AVENUE
61.51,260,Queens,CIP NB GCP - TNB
10.56,689,Queens,TBB N QUEENS ANCHORAGE - BE N
0.0,0,Manhattan,BBT E Manhattan Portal - Toll Plaza
49.08,87,Bronx,CBE AMSTERDAM AVE (L/LVL) - MORRIS AVE
6.21,1109,Queens,TNB S Toll Plaza - Queens Anchorage
52.19,82,Bronx,CBE AMSTERDAM AVE (L/LVL) - MORRIS AVE
37.9,170,Queens,BWB S Queens Anchorage - WSE S Exit 14 (Linden Pl)
11.18,480,Bronx,BRP N WATSON AVENUE - FORDHAM ROAD
15.53,152,Manhattan,FDR N - TBB E 116TH STREET - MANHATTAN TRUSS
0.0,0,Staten Island,MLK N WALKER STREET - NJ ROUTE 169
39.14,142,Manhattan,LINCOLN TUNNEL W CENTER TUBE NY - NJ
45.36,94,Bronx,CBE AMSTERDAM AVE (L/LVL) - MORRIS AVE
0.0,0,Staten Island,SIE W - MLK N WOOLEY AVENUE - WLAKER STREET
54.68,136,Bronx,BE N Castle Hill Avenue - Griswold Ave
52.19,51,Queens,TNB S Qns Anchorage - CIP S @ TNB
48.46,44,Staten Island,VNB W-SIE W SI GANTRY LOWER LEVEL - FINGERBOARD ROAD
44.11,183,Queens,TBB N QUEENS ANCHORAGE - MANHATTAN LIFT SPAN
52.19,82,Bronx,CBE AMSTERDAM AVE (L/LVL) - MORRIS AVE
47.22,91,Brooklyn,GOW S 7TH AVENUE - 92ND STREET
49.7,138,Queens,TNB S Toll Plaza - Queens Anchorage
17.39,175,Queens,BE S TBB EXIT RAMP - MANHATTAN LIFT SPAN
55.3,100,Staten Island,SIE E CLOVE ROAD - FINGERBOARD ROAD
31.68,345,Queens,CVE NB LIE - WILLETS PT BLVD
0.0,0,Staten Island,ROUTE 169 S - MLK WALKER STREET
24.85,276,Queens,VWE S MP4.63 (Exit 6 Jamaica Ave) - MP2.66 (Exit 2 Roackaway Blvd)
13.67,403,Manhattan,LINCOLN TUNNEL E SOUTH TUBE - NJ - NY
0.0,0,Bronx,BRP S FORDHAM ROAD - WATSON AVENUE
26.71,271,Queens,TBB N QUEENS ANCHORAGE - BE N
45.36,103,Queens,BWB N Queens Anchorage - Toll Plaza
3.72,1349,Manhattan,West St S Spring St - BBT Manhattan Portal outbound
49.7,86,Brooklyn,GOW S 7TH AVENUE - 92ND STREET
0.0,0,Queens,BE S TBB EXIT RAMP - QUEENS ANCHORAGE
54.05,139,Staten Island,WSE N TYRELLAN AVENUE - BLOOMINGDALE ROAD
25.47,119,Queens,BE S TBB EXIT RAMP - MANHATTAN LIFT SPAN
62.13,127,Staten Island,WSE S VICTORY BOULEVARD - ARDEN AVENUE
49.7,46,Staten Island,SIE E VNB E FINGERBOARD ROAD - SI GANTRY LOWER LEVEL
0.0,0,Manhattan,BBT E Manhattan Portal - Toll Plaza
0.0,0,Staten Island,SIE E-MLK N RICHMOND AVENUE - WALKER STREET
51.57,90,Brooklyn,VNB W BROOKLYN GANTRY LOWER LEVEL - SI GANTRY LOWER LEVEL
51.57,107,Queens,Whitestone Expwy S Exit 14 (Linden Pl) - VWE S MP8.65 (Exit 13 Northern Blvd)
28.58,227,Manhattan,BBT W Toll Plaza - Manhattan Portal
59.03,155,Queens,Laurelton Pkwy S @ SSP - Belt Pkwy W 182nd St
54.68,168,Queens,Belt Pkwy E 182nd St - Laurelton Pkwy N @ SSP
0.0,0,Brooklyn,GOW N 92ND STREET - 7TH AVENUE
50.95,77,Queens,LIE WB LITTLE NECK PKWY - NB CIP
41.63,260,Queens,CVE NB LIE - WILLETS PT BLVD
6.21,818,Manhattan,11th ave n ganservoort - 12th ave @ 40th st
11.8,457,Manhattan,LINCOLN TUNNEL E SOUTH TUBE - NJ - NY
9.94,307,Queens,BE S TBB EXIT RAMP - MANHATTAN LIFT SPAN
26.09,246,Manhattan,BBT E Manhattan Portal - Toll Plaza
8.07,267,Manhattan,12th Ave S 57th St - 45th St
54.68,52,Staten Island,SIE W RICHMOND AVENUE - SOUTH AVENUE
6.21,346,Manhattan,12th Ave S 57th St - 45th St
31.68,75,Manhattan,FDR N - TBB E 116TH STREET - MANHATTAN TRUSS
22.99,296,Manhattan,FDR N 25th - 63rd St
13.04,294,Staten Island,SIE E RICHMOND AVENUE - WOOLEY AVENUE
50.33,85,Brooklyn,GOW N 92ND STREET - 7TH AVENUE
22.99,443,Manhattan,FDR N Catherine Slip - 25th St
51.57,52,Staten Island,SIE E SOUTH AVENUE - RICHMOND AVENUE
59.03,271,Queens,CIP NB GCP - TNB
0.0,0,Brooklyn,GOW N 7TH AVENUE - 9TH STREET
39.14,95,Queens,Belt Pkwy W 182nd St - JFK Expressway
35.41,307,Queens,CVE NB LIE - WILLETS PT BLVD
50.33,53,Staten Island,SIE E SOUTH AVENUE - RICHMOND AVENUE
44.11,65,Staten Island,WSE S SOUTH AVENUE - VICTORY BOULEVARD
39.14,190,Queens,TBB S MANHATTAN LIFT SPAN - QUEENS ANCHORAGE
50.95,146,Bronx,BE N Castle Hill Avenue - Griswold Ave
48.46,109,Queens,VWE N MP8.64 (Exit 13 Northern Blvd) - Whitestone Expwy Exit 14 (Linden Pl)
0.0,0,Staten Island,MLK S - SIE E WALKER STREET - WOOLEY AVENUE
61.51,64,Staten Island,SIE W WOOLEY AVENUE - RICHMOND AVENUE
44.11,84,Queens,Belt Pkwy W 182nd St - JFK Expressway
44.73,56,Bronx,CBE E TAYLOR AVENUE - CASTLE HILL AVENUE
55.3,123,Queens,TNB N Queens Anchorage - Toll Plaza
52.19,106,Staten Island,SIE E CLOVE ROAD - FINGERBOARD ROAD
40.38,57,Staten Island,SIE E VNB E FINGERBOARD ROAD - SI GANTRY UPPER LEVEL
52.81,48,Bronx,CBE E TAYLOR AVENUE - CASTLE HILL AVENUE
42.87,460,Manhattan,Westside Hwy S GWB - 57th St
18.01,306,Queens,Whitestone Expwy S Exit 14 (Linden Pl) - VWE S MP8.65 (Exit 13 Northern Blvd)
54.05,98,Queens,VWE N MP6.39 (Exit 11 Jewel Ave) - MP8.65 (Exit 13 Northern Blvd)
53.43,203,Queens,CVE NB LIE - WILLETS PT BLVD
37.28,149,Manhattan,LINCOLN TUNNEL W CENTER TUBE NY - NJ
0.0,0,Brooklyn,GOW S 7TH AVENUE - 92ND STREET
4.34,518,Manhattan,12th Ave S 57th St - 45th St
57.16,283,Queens,CIP NB GCP - TNB
45.36,47,Brooklyn,VNB E-GOWANUS N BROOKLYN GANTRY UPPER LEVEL - 92ND STREET
40.38,53,Staten Island,VNB W-SIE W SI GANTRY LOWER LEVEL - FINGERBOARD ROAD
57.16,280,Queens,CIP NB GCP - TNB
50.33,92,Brooklyn,VNB W BROOKLYN GANTRY UPPER LEVEL - SI GANTRY UPPER LEVEL
45.98,181,Bronx,CBE W U/LEV AMSTERDAM AVE - I95 S EXP LNS
51.57,132,Queens,TNB N Queens Anchorage - Toll Plaza
45.36,157,Brooklyn,BQE S 46TH STREET - LEONARD STREET
21.12,122,Manhattan,FDR S Catherine Slip - BKN Bridge Manhattan Side
33.55,192,Queens,Whitestone Expwy N Exit 14 (Linden Pl) - BWB N Queens Anchorage
0.0,0,Brooklyn,GOW N 9TH STREET - ATLANTIC AVENUE
29.82,655,Manhattan,Westside Hwy N 57th St - GWB
32.93,167,Bronx,BRP N WATSON AVENUE - FORDHAM ROAD
36.03,318,Queens,CIP N TNB - Whitestone Expwy S Exit 14 (Linden Pl)
52.19,89,Brooklyn,VNB E SI GANTRY UPPER LEVEL - BROOKLYN GANTRY UPPER LEVEL
50.33,156,Staten Island,WSE S VICTORY BOULEVARD - ARDEN AVENUE
45.36,101,Brooklyn,VNB E SI GANTRY UPPER LEVEL - BROOKLYN GANTRY UPPER LEVEL
51.57,90,Brooklyn,VNB E SI GANTRY LOWER LEVEL - BROOLKYN GANTRY LOWER LEVEL
21.74,356,Queens,Laurelton Pkwy N @ SSP - CIP N Hempstead Tpk
60.27,53,Staten Island,WSE N VICTORY BLVD - SOUTH AVENUE
44.11,444,Manhattan,Westside Hwy S GWB - 57th St
28.58,162,Bronx,BE N STRATFORD AVENUE - CASTLE HILL AVE
52.81,87,Queens,BWB N Queens Anchorage - Toll Plaza
17.39,337,Staten Island,SIE W FINGERBOARD ROAD - CLOVE ROAD
18.64,228,Bronx,CBE E AMSTERDAM AVE(U/LVL) - MORRIS AVE
56.54,78,Bronx,BE S CASTLE HILL AVENUE - STRATFORD AVENUE
29.82,81,Manhattan,TBB W - FDR S MANHATTAN TRUSS - E116TH STREET
0.0,0,Manhattan,BBT E Manhattan Portal - Toll Plaza
22.36,318,Brooklyn,BQE N LEONARD STREET - 46TH STREET
37.28,239,Queens,VWE S MP6.39 (Exit 11 Jewel Ave) - MP4.63 (Exit 6 Jamaica Ave)
31.06,390,Queens,Belt Pkwy W JFK Expressway - VWE N Jamaica Ave
0.0,0,Brooklyn,GOW N 9TH STREET - ATLANTIC AVENUE
59.03,85,Staten Island,WSE N BLOOMUINGDALE ROAD - ARDEN AVENUE
49.7,138,Queens,TNB S Toll Plaza - Queens Anchorage
50.33,107,Queens,VWE N MP6.39 (Exit 11 Jewel Ave) - MP8.65 (Exit 13 Northern Blvd)
47.84,151,Queens,MDE S TBB EXIT RAMP - QUEENS ANCHORAGE
45.98,432,Manhattan,Westside Hwy S GWB - 57th St
50.95,91,Brooklyn,VNB W BROOKLYN GANTRY LOWER LEVEL - SI GANTRY LOWER LEVEL
0.0,0,Staten Island,MLK S - SIE W WALKER STREET - RICHMOND AVENUE
45.36,51,Staten Island,SIE E VNB E FINGERBOARD ROAD - SI GANTRY UPPER LEVEL
11.18,371,Bronx,CBE AMSTERDAM AVE (L/LVL) - MORRIS AVE
32.93,290,Queens,LIE WB LITTLE NECK PKWY - NB CVE
50.95,149,Queens,CIP S Hempstead Tpk - Laurelton Pkwy @ SSP
45.98,119,Staten Island,SIE E CLOVE ROAD - FINGERBOARD ROAD
11.18,203,Staten Island,SIE E VNB E FINGERBOARD ROAD - SI GANTRY UPPER LEVEL
41.01,266,Queens,CIP N Hempstead Tpk - LIE
47.84,89,Brooklyn,GOW S 7TH AVENUE - 92ND STREET
19.26,222,Bronx,MDE S HARLEM RIVER PARK - GWB W AMSTERDAM AVENUE UPPER LEVEL
42.25,277,Queens,CIP N LIE ramp - TNB
46.6,154,Queens,MDE S TBB EXIT RAMP - QUEENS ANCHORAGE
26.71,161,Brooklyn,GOW S 7TH AVENUE - 92ND STREET
34.17,163,Manhattan,LINCOLN TUNNEL E SOUTH TUBE - NJ - NY
43.49,49,Brooklyn,GOW S VNB W 92ND STREET - BKLYN GANTRY UPPER LEVEL
50.33,32,Staten Island,SIE E WOOLEY AVENUE - BRADLEY AVENUE
10.56,710,Queens,Laurelton Pkwy N @ SSP - CIP N Hempstead Tpk
53.43,142,Queens,CIP S Hempstead Tpk - Laurelton Pkwy @ SSP
0.0,0,Staten Island,MLK S - SIE W WALKER STREET - RICHMOND AVENUE
42.25,52,Queens,CIP N ramp to TNB - TNB Queens Anchorage
0.0,0,Queens,LIE WB LITTLE NECK PKWY - NB CIP
65.86,59,Staten Island,SIE W WOOLEY AVENUE - RICHMOND AVENUE
41.01,168,Queens,VWE S MP4.63 (Exit 6 Jamaica Ave) - MP2.66 (Exit 2 Roackaway Blvd)
62.75,62,Staten Island,SIE W WOOLEY AVENUE - RICHMOND AVENUE
0.0,0,Bronx,CBE W L/LE V AMSTERDAM AVE - I 95 S LOC LNS
9.32,789,Manhattan,GWB E LOWER LEVEL PLAZA - CBE E LOWER LEVEL AMSTERDAM AVE
0.0,0,Queens,BE S TBB EXIT RAMP - QUEENS ANCHORAGE
28.58,172,Queens,LIE W 108TH ST - 84TH ST
0.0,0,Brooklyn,BQE S - GOW S ALTANTIC AVENUE - 9TH STREET
45.98,140,Queens,Whitestone Expwy N Exit 14 (Linden Pl) - BWB N Queens Anchorage
57.16,142,Bronx,I-87 NYST S Exit 1 - MDE S Van Cortlandt Park
22.99,194,Bronx,BE S CASTLE HILL AVENUE - STRATFORD AVENUE
21.74,318,Queens,VWE S MP4.63 (Exit 6 Jamaica Ave) - MP2.66 (Exit 2 Roackaway Blvd)
52.19,131,Queens,VWE S MP4.63 (Exit 6 Jamaica Ave) - MP2.66 (Exit 2 Roackaway Blvd)
53.43,47,Bronx,CBE E TAYLOR AVENUE - CASTLE HILL AVENUE
44.11,52,Staten Island,SIE E VNB E FINGERBOARD ROAD - SI GANTRY LOWER LEVEL
56.54,139,Staten Island,WSE N ARDEN AVENUE - VICTORY BLVD
32.93,268,Queens,VWE N MP4.63 (Exit 6 - Jamaica Ave) - MP6.39 (Exit 11 Jewel Ave)
26.71,96,Manhattan,BKN Bridge Manhattan Side - FDR N Catherine Slip
48.46,88,Brooklyn,GOW N 92ND STREET - 7TH AVENUE
29.82,185,Manhattan,LINCOLN TUNNEL W CENTER TUBE NY - NJ
50.33,128,Queens,Whitestone Expwy N Exit 14 (Linden Pl) - BWB N Queens Anchorage
14.91,218,Manhattan,12th Ave N 40th - 57th St
0.0,0,Staten Island,SIE E-MLK N RICHMOND AVENUE - WALKER STREET
55.3,125,Queens,TNB S Toll Plaza - Queens Anchorage
9.94,489,Manhattan,LINCOLN TUNNEL W NORTH TUBE NY - NJ
29.82,149,Bronx,MDE S HARLEM RIVER PARK - GWB W AMSTERDAM AVENUE LOWER LEVEL
16.15,452,Queens,TBB N QUEENS ANCHORAGE - BE N
0.0,0,Manhattan,LINCOLN TUNNEL E CENTER TUBE NJ - NY
0.0,0,Staten Island,MLK S - SIE W WALKER STREET - RICHMOND AVENUE
17.39,240,Bronx,CBE AMSTERDAM AVE (L/LVL) - MORRIS AVE
0.0,0,Manhattan,BQE N Atlantic Ave - BKN Bridge Manhattan Side
21.12,231,Queens,LIE W 108TH ST - 84TH ST
0.0,0,Staten Island,MLK S - SIE W WALKER STREET - RICHMOND AVENUE
0.0,0,Brooklyn,GOW N 7TH AVENUE - 9TH STREET
8.07,272,Manhattan,12th Ave S 57th St - 45th St
12.42,209,Staten Island,SIE E SOUTH AVENUE - RICHMOND AVENUE
50.95,162,Bronx,CBE E CASTLE HILL AVE - BE N WATERBURY AVE
26.71,282,Queens,CIP S Hempstead Tpk - Laurelton Pkwy @ SSP
57.78,96,Staten Island,SIE E CLOVE ROAD - FINGERBOARD ROAD
48.46,95,Bronx,BE N STRATFORD AVENUE - CASTLE HILL AVE
0.0,0,Brooklyn,BQE S - GOW S ALTANTIC AVENUE - 9TH STREET
49.7,93,Brooklyn,VNB W BROOKLYN GANTRY LOWER LEVEL - SI GANTRY LOWER LEVEL
16.15,633,Manhattan,FDR S 25th St - Catherine Slip
52.81,88,Brooklyn,VNB E SI GANTRY UPPER LEVEL - BROOKLYN GANTRY UPPER LEVEL
68.97,75,Staten Island,WSE S ARDEN AVENUE - BLOOMINGDALE ROAD
0.0,0,Staten Island,SIE E VNB E FINGERBOARD ROAD - SI GANTRY LOWER LEVEL
59.65,86,Staten Island,WSE S ARDEN AVENUE - BLOOMINGDALE ROAD
48.46,95,Brooklyn,VNB E SI GANTRY UPPER LEVEL - BROOKLYN GANTRY UPPER LEVEL
59.03,66,Staten Island,SIE E RICHMOND AVENUE - WOOLEY AVENUE
53.43,99,Queens,VWE N MP8.64 (Exit 13 Northern Blvd) - Whitestone Expwy Exit 14 (Linden Pl)
55.3,290,Queens,CIP NB GCP - TNB
58.4,129,Staten Island,WSE N TYRELLAN AVENUE - BLOOMINGDALE ROAD
21.74,378,Bronx,CBE W U/LEV AMSTERDAM AVE - I95 S EXP LNS
22.36,145,Manhattan,12th Ave N 40th - 57th St
37.9,237,Queens,VWE N MP4.63 (Exit 6 - Jamaica Ave) - MP6.39 (Exit 11 Jewel Ave)
0.0,0,Brooklyn,GOW N 9TH STREET - ATLANTIC AVENUE
38.52,419,Queens,CIP NB GCP - TNB
37.28,57,Staten Island,VNB W-SIE W SI GANTRY LOWER LEVEL - FINGERBOARD ROAD
0.0,0,Queens,TNB S Toll Plaza - Queens Anchorage
16.15,262,Brooklyn,GOW N 92ND STREET - 7TH AVENUE
31.06,259,Queens,TBB N QUEENS ANCHORAGE - MANHATTAN LIFT SPAN
57.78,86,Staten Island,WSE N BLOOMUINGDALE ROAD - ARDEN AVENUE
48.46,88,Bronx,CBE E AMSTERDAM AVE(U/LVL) - MORRIS AVE
13.04,433,Manhattan,West St S Spring St - BBT Manhattan Portal outbound
50.95,91,Brooklyn,VNB E SI GANTRY UPPER LEVEL - BROOKLYN GANTRY UPPER LEVEL
39.76,60,Manhattan,TBB W - FDR S MANHATTAN TRUSS - E116TH STREET
0.0,0,Brooklyn,GOW S 9TH STREET - 7TH AVENUE
40.38,57,Staten Island,SIE E VNB E FINGERBOARD ROAD - SI GANTRY LOWER LEVEL
8.69,1372,Queens,Belt Pkwy W JFK Expressway - VWE N Jamaica Ave
11.18,635,Queens,TBB N QUEENS ANCHORAGE - BE N
41.63,165,Manhattan,FDR S 63rd - 25th St
9.32,794,Manhattan,GWB E LOWER LEVEL PLAZA - CBE E LOWER LEVEL AMSTERDAM AVE
0.0,0,Manhattan,BBT E Manhattan Portal - Toll Plaza
16.15,163,Staten Island,SIE E SOUTH AVENUE - RICHMOND AVENUE
56.54,138,Staten Island,WSE N ARDEN AVENUE - VICTORY BLVD
45.36,159,Queens,MDE S TBB EXIT RAMP - QUEENS ANCHORAGE
61.51,84,Staten Island,WSE S ARDEN AVENUE - BLOOMINGDALE ROAD
0.0,0,Bronx,BRP S FORDHAM ROAD - WATSON AVENUE
57.16,78,Bronx,HRP N LAFAYETTE AVENUE - E TREMONT AVENUE
35.41,303,Queens,VWE S MP2.66 (Exit 2 Rockaway Blvd) - Belt Pkwy E 182nd St
47.22,420,Manhattan,Westside Hwy N 57th St - GWB
52.19,89,Brooklyn,VNB E SI GANTRY LOWER LEVEL - BROOLKYN GANTRY LOWER LEVEL
37.28,62,Staten Island,SIE E VNB E FINGERBOARD ROAD - SI GANTRY UPPER LEVEL
40.38,284,Queens,CIP N TNB - Whitestone Expwy S Exit 14 (Linden Pl)
0.0,0,Staten Island,MLK S - SIE W WALKER STREET - RICHMOND AVENUE
49.08,109,Queens,VWE N MP6.39 (Exit 11 Jewel Ave) - MP8.65 (Exit 13 Northern Blvd)
49.08,86,Bronx,CBE W MORRIS AVE - GWB W AMSTERDAM AVE (U/LVL)
44.11,48,Brooklyn,GOW S VNB W 92ND STREET - BKLYN GANTRY UPPER LEVEL
52.81,146,Staten Island,WSE S TYRELLAN AVENUE - 440 S FRANCIS STREET
0.0,0,Staten Island,MLK N WALKER STREET - NJ ROUTE 169
19.88,360,Brooklyn,BQE N LEONARD STREET - 46TH STREET
45.98,46,Brooklyn,GOW S VNB W 92ND STREET - BKLYN GANTRY LOWER LEVEL
0.0,0,Bronx,BRP S FORDHAM ROAD - WATSON AVENUE
22.36,108,Manhattan,TBB W - FDR S MANHATTAN TRUSS - E116TH STREET
0.0,0,Queens,BE S TBB EXIT RAMP - QUEENS ANCHORAGE
52.81,119,Staten Island,WSE S BLLOMINGDALE ROAD - TYRELLAN AVENUE
23.61,111,Manhattan,FDR S Catherine Slip - BKN Bridge Manhattan Side
57.16,288,Queens,CVE NB GCP - WILLETS PT BLVD
0.0,0,Staten Island,ROUTE 169 S - MLK WALKER STREET
0.0,0,Staten Island,ROUTE 169 S - MLK WALKER STREET
52.19,171,Queens,VWE N MP4.63 (Exit 6 - Jamaica Ave) - MP6.39 (Exit 11 Jewel Ave)
39.14,61,Manhattan,TBB W - FDR S MANHATTAN TRUSS - E116TH STREET
47.84,89,Brooklyn,GOW S 7TH AVENUE - 92ND STREET
13.04,474,Manhattan,12th ave @ 45th - 11 ave ganservoort st
13.67,190,Manhattan,FDR S Catherine Slip - BKN Bridge Manhattan Side
32.93,113,Queens,Belt Pkwy W 182nd St - JFK Expressway
0.0,0,Brooklyn,BQE S - GOW S ALTANTIC AVENUE - 9TH STREET
58.4,140,Bronx,I-87 NYST S Exit 1 - MDE S Van Cortlandt Park
49.7,94,Bronx,BWB S Toll Plaza - Queens Anchorage
50.33,92,Brooklyn,VNB W BROOKLYN GANTRY LOWER LEVEL - SI GANTRY LOWER LEVEL
54.05,72,Staten Island,SIE E RICHMOND AVENUE - WOOLEY AVENUE
0.0,0,Staten Island,MLK N WALKER STREET - NJ ROUTE 169
42.87,174,Bronx,BE N Castle Hill Avenue - Griswold Ave
11.18,627,Queens,TBB N QUEENS ANCHORAGE - BE N
37.28,115,Bronx,CBE W MORRIS AVE - GWB W AMSTERDAM AVE (L/LVL)
56.54,103,Staten Island,SIE W FINGERBOARD ROAD - CLOVE ROAD
0.0,0,Brooklyn,GOW N 9TH STREET - ATLANTIC AVENUE
0.0,0,Brooklyn,GOW N 7TH AVENUE - 9TH STREET
30.44,177,Queens,QMT W Toll Plaza - Manhattan Side
31.06,517,Queens,CIP NB GCP - TNB
12.42,333,Bronx,CBE AMSTERDAM AVE (L/LVL) - MORRIS AVE
50.33,85,Brooklyn,GOW S 7TH AVENUE - 92ND STREET
31.06,327,Manhattan,FDR S 25th St - Catherine Slip
51.57,121,Staten Island,WSE S BLLOMINGDALE ROAD - TYRELLAN AVENUE
18.64,173,Manhattan,12th Ave N 40th - 57th St
50.95,49,Bronx,BWB N Toll Plaza - HRP N Lafayatte Ave
51.57,145,Bronx,BE N Castle Hill Avenue - Griswold Ave
0.0,0,Manhattan,West St S Spring St - BBT Manhattan Portal outbound
47.22,250,Queens,CIP N LIE ramp - TNB
53.43,83,Bronx,BE S CASTLE HILL AVENUE - STRATFORD AVENUE
0.0,0,Staten Island,MLK S - SIE W WALKER STREET - RICHMOND AVENUE
55.92,83,Brooklyn,VNB W BROOKLYN GANTRY LOWER LEVEL - SI GANTRY LOWER LEVEL
53.43,144,Staten Island,WSE S TYRELLAN AVENUE - 440 S FRANCIS STREET
54.68,107,Staten Island,SIE W FINGERBOARD ROAD - CLOVE ROAD
0.0,0,Manhattan,BQE N Atlantic Ave - MAN Bridge Manhattan Side
47.84,411,Manhattan,Westside Hwy S GWB - 57th St
37.9,189,Queens,MDE S TBB EXIT RAMP - QUEENS ANCHORAGE
49.08,139,Manhattan,FDR N 25th - 63rd St
43.49,53,Staten Island,SIE E VNB E FINGERBOARD ROAD - SI GANTRY UPPER LEVEL
52.81,50,Staten Island,SIE E SOUTH AVENUE - RICHMOND AVENUE
54.68,137,Bronx,BE N Castle Hill Avenue - Griswold Ave
60.89,53,Staten Island,WSE N VICTORY BLVD - SOUTH AVENUE
31.06,404,Brooklyn,GOW N 7TH AVENUE - 9TH STREET
15.53,209,Manhattan,12th Ave N 40th - 57th St
10.56,398,Bronx,CBE AMSTERDAM AVE (L/LVL) - MORRIS AVE
19.88,601,Queens,Belt Pkwy W JFK Expressway - VWE N Jamaica Ave
42.25,100,Bronx,CBE W MORRIS AVE - GWB W AMSTERDAM AVE (U/LVL)
52.19,113,Staten Island,SIE W FINGERBOARD ROAD - CLOVE ROAD
38.52,248,Queens,LIE WB LITTLE NECK PKWY - NB CVE
54.05,47,Bronx,CBE E TAYLOR AVENUE - CASTLE HILL AVENUE
44.73,52,Staten Island,SIE E VNB E FINGERBOARD ROAD - SI GANTRY UPPER LEVEL
56.54,132,Bronx,BE N Castle Hill Avenue - Griswold Ave
62.13,83,Staten Island,WSE S ARDEN AVENUE - BLOOMINGDALE ROAD
53.43,70,Queens,Belt Pkwy W 182nd St - JFK Expressway
13.67,498,Manhattan,FDR N 25th - 63rd St
22.99,358,Bronx,CBE W U/LEV AMSTERDAM AVE - I95 S EXP LNS
11.8,599,Brooklyn,BQE S 46TH STREET - LEONARD STREET
62.75,82,Staten Island,WSE S ARDEN AVENUE - BLOOMINGDALE ROAD
0.0,0,Staten Island,SIE W - MLK N WOOLEY AVENUE - WLAKER STREET
49.7,112,Queens,Whitestone Expwy S Exit 14 (Linden Pl) - VWE S MP8.65 (Exit 13 Northern Blvd)
51.57,89,Brooklyn,VNB W BROOKLYN GANTRY UPPER LEVEL - SI GANTRY UPPER LEVEL
29.2,365,Queens,VWE S MP2.66 (Exit 2 Rockaway Blvd) - Belt Pkwy E 182nd St
57.78,114,Staten Island,SIE E BRADLEY AVENUE - CLOVE ROAD
47.22,248,Queens,CIP N LIE ramp - TNB
3.1,2831,Manhattan,FDR N Catherine Slip - 25th St
0.0,0,Bronx,CBE W L/LE V AMSTERDAM AVE - I 95 S LOC LNS
50.33,28,Staten Island,SIE W BRADLEY AVENUE - WOOLEY AVENUE
12.42,915,Queens,CIP N TNB - Whitestone Expwy S Exit 14 (Linden Pl)
0.0,0,Queens,BE S TBB EXIT RAMP - QUEENS ANCHORAGE
32.31,68,Queens,CIP N ramp to TNB - TNB Queens Anchorage
18.01,144,Manhattan,BKN Bridge Manhattan Side - FDR N Catherine Slip
18.01,670,Queens,Belt Pkwy W JFK Expressway - VWE N Jamaica Ave
50.33,75,Queens,Belt Pkwy W 182nd St - JFK Expressway
57.16,138,Staten Island,WSE S VICTORY BOULEVARD - ARDEN AVENUE
52.81,41,Queens,CIP N ramp to TNB - TNB Queens Anchorage
27.96,153,Bronx,MDE S HARLEM RIVER PARK - GWB W AMSTERDAM AVENUE UPPER LEVEL
51.57,149,Staten Island,440 N FRANCIS STREET - WSE N TYRELLAN AVE
0.0,0,Manhattan,BQE N Atlantic Ave - MAN Bridge Manhattan Side
50.95,163,Bronx,CBE E CASTLE HILL AVE - BE N WATERBURY AVE
32.93,281,Queens,Belt Pkwy E 182nd St - Laurelton Pkwy N @ SSP
24.23,183,Bronx,MDE S HARLEM RIVER PARK - GWB W AMSTERDAM AVENUE LOWER LEVEL
59.65,48,Staten Island,SIE W RICHMOND AVENUE - SOUTH AVENUE
21.12,231,Manhattan,LINCOLN TUNNEL W NORTH TUBE NY - NJ
54.68,120,Staten Island,SIE E BRADLEY AVENUE - CLOVE ROAD
29.82,214,Queens,Whitestone Expwy N Exit 14 (Linden Pl) - BWB N Queens Anchorage
34.17,336,Queens,CIP N TNB - Whitestone Expwy S Exit 14 (Linden Pl)
0.0,0,Manhattan,BBT E Manhattan Portal - Toll Plaza
52.19,89,Brooklyn,VNB W BROOKLYN GANTRY LOWER LEVEL - SI GANTRY LOWER LEVEL
0.0,0,Staten Island,MLK N WALKER STREET - NJ ROUTE 169
50.33,85,Brooklyn,GOW N 92ND STREET - 7TH AVENUE
19.88,391,Queens,Laurelton Pkwy N @ SSP - CIP N Hempstead Tpk
37.9,196,Queens,TBB S MANHATTAN LIFT SPAN - QUEENS ANCHORAGE
52.81,219,Queens,CIP N TNB - Whitestone Expwy S Exit 14 (Linden Pl)
0.0,0,Staten Island,MLK S - SIE E WALKER STREET - WOOLEY AVENUE
65.86,78,Staten Island,WSE S ARDEN AVENUE - BLOOMINGDALE ROAD
48.46,158,Staten Island,440 N FRANCIS STREET - WSE N TYRELLAN AVE
0.0,0,Brooklyn,BQE S - GOW S ALTANTIC AVENUE - 9TH STREET
52.19,82,Bronx,CBE AMSTERDAM AVE (L/LVL) - MORRIS AVE
0.0,0,Manhattan,BQE N Atlantic Ave - BKN Bridge Manhattan Side
0.0,0,Brooklyn,GOW S 7TH AVENUE - 92ND STREET
41.01,265,Queens,CIP S LIE - Hempstead Tpk
50.95,90,Brooklyn,VNB W BROOKLYN GANTRY UPPER LEVEL - SI GANTRY UPPER LEVEL
54.05,115,Staten Island,WSE S BLLOMINGDALE ROAD - TYRELLAN AVENUE
49.7,85,Bronx,CBE E AMSTERDAM AVE(U/LVL) - MORRIS AVE
52.19,119,Staten Island,WSE S BLLOMINGDALE ROAD - TYRELLAN AVENUE
0.0,0,Manhattan,BQE N Atlantic Ave - BKN Bridge Manhattan Side
60.27,82,Queens,LIE W 108TH ST - 84TH ST
50.95,122,Staten Island,WSE S BLLOMINGDALE ROAD - TYRELLAN AVENUE
0.0,0,Staten Island,SIE E-MLK N RICHMOND AVENUE - WALKER STREET
26.09,192,Queens,LIE E 84TH ST - 108TH ST
54.68,137,Staten Island,WSE N TYRELLAN AVENUE - BLOOMINGDALE ROAD
43.49,107,Queens,BWB N Queens Anchorage - Toll Plaza
49.08,80,Queens,LIE WB LITTLE NECK PKWY - NB CIP
50.33,105,Queens,VWE N MP8.64 (Exit 13 Northern Blvd) - Whitestone Expwy Exit 14 (Linden Pl)
0.0,0,Staten Island,MLK S - SIE E WALKER STREET - WOOLEY AVENUE
0.0,0,Manhattan,BBT E Manhattan Portal - Toll Plaza
50.33,235,Queens,CIP N LIE ramp - TNB
52.81,53,Staten Island,WSE S SOUTH AVENUE - VICTORY BOULEVARD
36.03,247,Queens,VWE N MP4.63 (Exit 6 - Jamaica Ave) - MP6.39 (Exit 11 Jewel Ave)
0.0,0,Bronx,CBE W L/LE V AMSTERDAM AVE - I 95 S LOC LNS
20.5,210,Bronx,MDE S HARLEM RIVER PARK - GWB W AMSTERDAM AVENUE UPPER LEVEL
55.92,96,Queens,VWE N MP6.39 (Exit 11 Jewel Ave) - MP8.65 (Exit 13 Northern Blvd)
14.91,583,Queens,VWE S MP6.39 (Exit 11 Jewel Ave) - MP4.63 (Exit 6 Jamaica Ave)
32.93,166,Queens,Whitestone Expwy S Exit 14 (Linden Pl) - VWE S MP8.65 (Exit 13 Northern Blvd)
27.34,79,Queens,CIP N ramp to TNB - TNB Queens Anchorage
50.33,49,Bronx,BWB N Toll Plaza - HRP N Lafayatte Ave
18.64,482,Queens,Belt Pkwy E 182nd St - Laurelton Pkwy N @ SSP
13.04,326,Bronx,CBE E AMSTERDAM AVE(U/LVL) - MORRIS AVE
24.85,271,Manhattan,FDR N 25th - 63rd St
17.39,304,Queens,QMT W Toll Plaza - Manhattan Side
11.8,359,Bronx,CBE AMSTERDAM AVE (L/LVL) - MORRIS AVE
42.87,124,Queens,VWE N MP8.64 (Exit 13 Northern Blvd) - Whitestone Expwy Exit 14 (Linden Pl)
55.92,135,Queens,CIP S Hempstead Tpk - Laurelton Pkwy @ SSP
52.19,89,Brooklyn,VNB W BROOKLYN GANTRY LOWER LEVEL - SI GANTRY LOWER LEVEL
45.98,93,Bronx,CBE E AMSTERDAM AVE(U/LVL) - MORRIS AVE
0.0,0,Manhattan,BQE N Atlantic Ave - BKN Bridge Manhattan Side
26.09,390,Manhattan,FDR N Catherine Slip - 25th St
50.95,122,Staten Island,WSE S BLLOMINGDALE ROAD - TYRELLAN AVENUE
34.79,158,Manhattan,LINCOLN TUNNEL E SOUTH TUBE - NJ - NY
2.48,2070,Manhattan,LINCOLN TUNNEL E CENTER TUBE NJ - NY
25.47,281,Queens,TBB N QUEENS ANCHORAGE - BE N
60.27,100,Staten Island,WSE N-SIE E SOUTH AVENUE - SOUTH AVENUE
50.33,92,Bronx,BWB S Toll Plaza - Queens Anchorage
0.0,0,Queens,Laurelton Pkwy N @ SSP - CIP N Hempstead Tpk
24.85,354,Queens,VWE S MP6.39 (Exit 11 Jewel Ave) - MP4.63 (Exit 6 Jamaica Ave)
54.05,99,Queens,VWE N MP6.39 (Exit 11 Jewel Ave) - MP8.65 (Exit 13 Northern Blvd)
41.01,155,Queens,Whitestone Expwy N Exit 14 (Linden Pl) - BWB N Queens Anchorage
8.69,804,Queens,TBB N QUEENS ANCHORAGE - BE N
14.91,593,Queens,VWE S MP6.39 (Exit 11 Jewel Ave) - MP4.63 (Exit 6 Jamaica Ave)
48.46,52,Bronx,CBE E TAYLOR AVENUE - CASTLE HILL AVENUE
55.92,134,Staten Island,WSE N TYRELLAN AVENUE - BLOOMINGDALE ROAD
53.43,155,Bronx,CBE E CASTLE HILL AVE - BE N WATERBURY AVE
42.87,54,Staten Island,SIE E VNB E FINGERBOARD ROAD - SI GANTRY UPPER LEVEL
37.28,309,Queens,CIP N TNB - Whitestone Expwy S Exit 14 (Linden Pl)
41.01,192,Queens,Laurelton Pkwy N @ SSP - CIP N Hempstead Tpk
45.98,50,Staten Island,SIE E VNB E FINGERBOARD ROAD - SI GANTRY UPPER LEVEL
0.0,0,Manhattan,11th ave s ganservoort - west st @ spring st
0.0,0,Manhattan,West St S Spring St - BBT Manhattan Portal outbound
44.11,48,Brooklyn,VNB E-GOWANUS N BROOKLYN GANTRY LOWER LEVEL - 92ND STREET
0.0,0,Staten Island,MLK S - SIE E WALKER STREET - WOOLEY AVENUE
0.0,0,Staten Island,SIE E-MLK N RICHMOND AVENUE - WALKER STREET
53.43,139,Bronx,BE N Castle Hill Avenue - Griswold Ave
45.98,50,Staten Island,SIE E VNB E FINGERBOARD ROAD - SI GANTRY UPPER LEVEL
0.0,0,Bronx,BRP S FORDHAM ROAD - WATSON AVENUE
26.71,271,Queens,TBB N QUEENS ANCHORAGE - BE N
50.95,135,Queens,TNB N Queens Anchorage - Toll Plaza
4.97,814,Bronx,CBE W MORRIS AVE - GWB W AMSTERDAM AVE (U/LVL)
0.62,4948,Manhattan,West St S Spring St - BBT Manhattan Portal outbound
60.27,82,Staten Island,WSE N BLOOMUINGDALE ROAD - ARDEN AVENUE
0.0,0,Staten Island,SIE W - MLK N WOOLEY AVENUE - WLAKER STREET
9.32,441,Bronx,CBE W MORRIS AVE - GWB W AMSTERDAM AVE (U/LVL)
29.82,177,Queens,VWE N MP6.39 (Exit 11 Jewel Ave) - MP8.65 (Exit 13 Northern Blvd)
50.95,149,Queens,CIP S Hempstead Tpk - Laurelton Pkwy @ SSP
31.68,82,Manhattan,BKN Bridge Manhattan Side - FDR N Catherine Slip
40.38,267,Queens,VWE S MP2.66 (Exit 2 Rockaway Blvd) - Belt Pkwy E 182nd St
50.33,98,Queens,LIE W 108TH ST - 84TH ST
47.22,176,Bronx,CBE E CASTLE HILL AVE - BE N WATERBURY AVE
24.23,225,Bronx,BRP S FORDHAM ROAD - WATSON AVENUE
44.73,119,Queens,VWE N MP8.64 (Exit 13 Northern Blvd) - Whitestone Expwy Exit 14 (Linden Pl)
7.45,332,Bronx,CBE W CASTLE HILL AVENUE - TAYLOR AVENUE
3.1,1674,Manhattan,LINCOLN TUNNEL W CENTER TUBE NY - NJ
2.48,2170,Manhattan,BBT W Toll Plaza - Manhattan Portal
20.5,281,Staten Island,SIE W FINGERBOARD ROAD - CLOVE ROAD
44.73,52,Staten Island,SIE E VNB E FINGERBOARD ROAD - SI GANTRY UPPER LEVEL
50.95,135,Queens,TNB S Toll Plaza - Queens Anchorage
40.38,115,Queens,BWB N Queens Anchorage - Toll Plaza
53.43,144,Staten Island,WSE S TYRELLAN AVENUE - 440 S FRANCIS STREET
0.0,0,Staten Island,MLK N WALKER STREET - NJ ROUTE 169
22.36,319,Brooklyn,BQE S 46TH STREET - LEONARD STREET
47.22,45,Brooklyn,VNB E-GOWANUS N BROOKLYN GANTRY LOWER LEVEL - 92ND STREET
27.34,374,Manhattan,FDR N Catherine Slip - 25th St
6.83,808,Manhattan,West St S Spring St - BBT Manhattan Portal outbound
54.68,52,Staten Island,WSE S SOUTH AVENUE - VICTORY BOULEVARD
24.23,376,Queens,Belt Pkwy E 182nd St - Laurelton Pkwy N @ SSP
0.0,0,Brooklyn,GOW N 9TH STREET - ATLANTIC AVENUE
50.33,136,Manhattan,FDR S 63rd - 25th St
37.9,197,Bronx,BE S Griswold - Castle Hill Avenue
17.39,320,Manhattan,LINCOLN TUNNEL E SOUTH TUBE - NJ - NY
10.56,393,Bronx,MDE S HARLEM RIVER PARK - GWB W AMSTERDAM AVENUE UPPER LEVEL
41.01,104,Bronx,CBE AMSTERDAM AVE (L/LVL) - MORRIS AVE
0.0,0,Bronx,BRP S FORDHAM ROAD - WATSON AVENUE
42.87,189,Queens,TBB N QUEENS ANCHORAGE - MANHATTAN LIFT SPAN
51.57,145,Bronx,BE S Griswold - Castle Hill Avenue
37.9,141,Queens,QMT W Toll Plaza - Manhattan Side
10.56,216,Manhattan,12th Ave S 57th St - 45th St
50.95,151,Staten Island,WSE S TYRELLAN AVENUE - 440 S FRANCIS STREET
0.0,0,Brooklyn,GOW N 92ND STREET - 7TH AVENUE
0.0,0,Manhattan,BQE N Atlantic Ave - MAN Bridge Manhattan Side
42.87,49,Brooklyn,GOW S VNB W 92ND STREET - BKLYN GANTRY UPPER LEVEL
40.38,170,Queens,VWE S MP4.63 (Exit 6 Jamaica Ave) - MP2.66 (Exit 2 Roackaway Blvd)
22.36,239,Manhattan,QMT E Manhattan Side - Toll Plaza
11.8,276,Manhattan,11th ave s ganservoort - west st @ spring st
39.76,55,Queens,CIP N ramp to TNB - TNB Queens Anchorage
14.91,422,Manhattan,12th ave @ 45th - 11 ave ganservoort st
0.0,0,Staten Island,MLK S - SIE W WALKER STREET - RICHMOND AVENUE
44.11,268,Queens,CIP N LIE ramp - TNB
4.97,1662,Bronx,CBE W L/LE V AMSTERDAM AVE - I 95 S LOC LNS
45.36,142,Queens,Whitestone Expwy N Exit 14 (Linden Pl) - BWB N Queens Anchorage
48.46,114,Queens,Whitestone Expwy S Exit 14 (Linden Pl) - VWE S MP8.65 (Exit 13 Northern Blvd)
14.91,352,Queens,QMT W Toll Plaza - Manhattan Side
52.19,81,Bronx,CBE AMSTERDAM AVE (L/LVL) - MORRIS AVE
60.27,272,Queens,CVE NB GCP - WILLETS PT BLVD
11.8,437,Manhattan,QMT E Manhattan Side - Toll Plaza
3.72,1013,Bronx,CBE W MORRIS AVE - GWB W AMSTERDAM AVE (U/LVL)
0.0,0,Queens,VWE N MP8.64 (Exit 13 Northern Blvd) - Whitestone Expwy Exit 14 (Linden Pl)
43.49,91,Queens,LIE WB LITTLE NECK PKWY - NB CIP
54.05,138,Staten Island,WSE N TYRELLAN AVENUE - BLOOMINGDALE ROAD
21.74,72,Staten Island,SIE E WOOLEY AVENUE - BRADLEY AVENUE
50.95,76,Staten Island,SIE W WOOLEY AVENUE - RICHMOND AVENUE
42.87,190,Queens,TBB N QUEENS ANCHORAGE - MANHATTAN LIFT SPAN
34.79,196,Manhattan,FDR S 63rd - 25th St
31.06,46,Staten Island,SIE W BRADLEY AVENUE - WOOLEY AVENUE
0.0,0,Staten Island,MLK S - SIE E WALKER STREET - WOOLEY AVENUE
49.7,50,Bronx,BWB N Toll Plaza - HRP N Lafayatte Ave
50.95,146,Bronx,BE S Griswold - Castle Hill Avenue
45.98,195,Queens,VWE S MP6.39 (Exit 11 Jewel Ave) - MP4.63 (Exit 6 Jamaica Ave)
54.05,140,Queens,CIP S Hempstead Tpk - Laurelton Pkwy @ SSP
0.0,0,Staten Island,MLK S - SIE W WALKER STREET - RICHMOND AVENUE
42.87,175,Queens,TBB S MANHATTAN LIFT SPAN - QUEENS ANCHORAGE
11.8,272,Manhattan,12th Ave N 40th - 57th St
55.3,198,Queens,CIP S LIE - Hempstead Tpk
0.0,0,Manhattan,BQE N Atlantic Ave - MAN Bridge Manhattan Side
0.0,0,Staten Island,SIE W - MLK N WOOLEY AVENUE - WLAKER STREET
47.22,160,Queens,CIP S Hempstead Tpk - Laurelton Pkwy @ SSP
53.43,100,Queens,VWE N MP6.39 (Exit 11 Jewel Ave) - MP8.65 (Exit 13 Northern Blvd)
37.28,241,Queens,VWE S MP6.39 (Exit 11 Jewel Ave) - MP4.63 (Exit 6 Jamaica Ave)
3.1,1499,Manhattan,LINCOLN TUNNEL W CENTER TUBE NY - NJ
50.95,181,Queens,Laurelton Pkwy S @ SSP - Belt Pkwy W 182nd St
47.22,215,Manhattan,FDR N Catherine Slip - 25th St
17.39,515,Queens,VWE S MP6.39 (Exit 11 Jewel Ave) - MP4.63 (Exit 6 Jamaica Ave)
52.19,103,Queens,VWE N MP8.64 (Exit 13 Northern Blvd) - Whitestone Expwy Exit 14 (Linden Pl)
9.94,536,Manhattan,LINCOLN TUNNEL E CENTER TUBE NJ - NY
39.76,76,Queens,BE S TBB EXIT RAMP - MANHATTAN LIFT SPAN
50.33,98,Queens,LIE W 108TH ST - 84TH ST
0.0,0,Staten Island,MLK S - SIE W WALKER STREET - RICHMOND AVENUE
50.33,85,Brooklyn,GOW S 7TH AVENUE - 92ND STREET
48.46,96,Brooklyn,VNB E SI GANTRY UPPER LEVEL - BROOKLYN GANTRY UPPER LEVEL
38.52,59,Staten Island,SIE E VNB E FINGERBOARD ROAD - SI GANTRY LOWER LEVEL
46.6,152,Brooklyn,BQE S 46TH STREET - LEONARD STREET
51.57,48,Bronx,BWB N Toll Plaza - HRP N Lafayatte Ave
45.36,151,Manhattan,FDR N 25th - 63rd St
26.09,100,Manhattan,FDR S Catherine Slip - BKN Bridge Manhattan Side
0.0,0,Staten Island,MLK S - SIE E WALKER STREET - WOOLEY AVENUE
48.46,96,Brooklyn,VNB W BROOKLYN GANTRY UPPER LEVEL - SI GANTRY UPPER LEVEL
53.43,127,Manhattan,FDR N 25th - 63rd St
49.7,139,Queens,TNB S Toll Plaza - Queens Anchorage
52.19,158,Bronx,CBE E CASTLE HILL AVE - BE N WATERBURY AVE
18.64,637,Queens,Belt Pkwy W JFK Expressway - VWE N Jamaica Ave
14.91,426,Manhattan,12th ave @ 45th - 11 ave ganservoort st
45.36,67,Queens,BE S TBB EXIT RAMP - MANHATTAN LIFT SPAN
0.0,0,Staten Island,ROUTE 169 S - MLK WALKER STREET
0.0,0,Bronx,CBE W L/LE V AMSTERDAM AVE - I 95 S LOC LNS
55.3,198,Queens,CVE NB LIE - WILLETS PT BLVD
34.79,75,Manhattan,BKN Bridge Manhattan Side - FDR N Catherine Slip
0.0,0,Brooklyn,GOW S 9TH STREET - 7TH AVENUE
0.0,0,Manhattan,BBT W Toll Plaza - Manhattan Portal
36.03,138,Queens,LIE W 108TH ST - 84TH ST
6.21,695,Bronx,MDE S HARLEM RIVER PARK - GWB W AMSTERDAM AVENUE LOWER LEVEL
0.0,0,Staten Island,SIE W - MLK N WOOLEY AVENUE - WLAKER STREET
49.7,111,Queens,Whitestone Expwy S Exit 14 (Linden Pl) - VWE S MP8.65 (Exit 13 Northern Blvd)
7.45,838,Manhattan,12th ave @ 45th - 11 ave ganservoort st
56.54,81,Bronx,BE N STRATFORD AVENUE - CASTLE HILL AVE
50.33,84,Bronx,CBE W MORRIS AVE - GWB W AMSTERDAM AVE (U/LVL)
49.7,86,Brooklyn,GOW S 7TH AVENUE - 92ND STREET
54.05,203,Queens,CIP S LIE - Hempstead Tpk
58.4,139,Bronx,I-87 NYST S Exit 1 - MDE S Van Cortlandt Park
55.92,164,Queens,Laurelton Pkwy S @ SSP - Belt Pkwy W 182nd St
34.79,75,Manhattan,FDR S Catherine Slip - BKN Bridge Manhattan Side
58.4,43,Bronx,CBE E TAYLOR AVENUE - CASTLE HILL AVENUE
46.6,107,Queens,LIE W 108TH ST - 84TH ST
8.07,274,Manhattan,12th Ave S 57th St - 45th St
10.56,582,Manhattan,12th ave @ 45th - 11 ave ganservoort st
0.0,0,Staten Island,SIE E-MLK N RICHMOND AVENUE - WALKER STREET
62.75,82,Staten Island,WSE S ARDEN AVENUE - BLOOMINGDALE ROAD
41.01,52,Staten island,VNB W-SIE W SI GANTRY UPPER LEVEL - FINGERBOARD ROAD
46.6,153,Brooklyn,BQE N LEONARD STREET - 46TH STREET
58.4,43,Bronx,CBE W CASTLE HILL AVENUE - TAYLOR AVENUE
51.57,107,Bronx,BRP N WATSON AVENUE - FORDHAM ROAD
54.05,115,Staten Island,WSE S BLLOMINGDALE ROAD - TYRELLAN AVENUE
51.57,55,Staten Island,WSE S SOUTH AVENUE - VICTORY BOULEVARD
29.2,81,Manhattan,FDR N - TBB E 116TH STREET - MANHATTAN TRUSS
23.61,491,Queens,CIP N LIE ramp - TNB
0.0,0,Manhattan,BBT W Toll Plaza - Manhattan Portal
0.0,0,Bronx,BRP S FORDHAM ROAD - WATSON AVENUE
53.43,86,Bronx,BWB S Toll Plaza - Queens Anchorage
18.64,162,Queens,BE S TBB EXIT RAMP - MANHATTAN LIFT SPAN
48.46,103,Staten Island,WSE N BLOOMUINGDALE ROAD - ARDEN AVENUE
32.93,168,Queens,Whitestone Expwy S Exit 14 (Linden Pl) - VWE S MP8.65 (Exit 13 Northern Blvd)
49.08,94,Brooklyn,VNB W BROOKLYN GANTRY UPPER LEVEL - SI GANTRY UPPER LEVEL
0.0,0,Manhattan,LINCOLN TUNNEL E CENTER TUBE NJ - NY
54.05,112,Staten Island,WSE N-SIE E SOUTH AVENUE - SOUTH AVENUE
0.0,0,Staten Island,SIE W - MLK N WOOLEY AVENUE - WLAKER STREET
60.89,46,Staten Island,SIE W RICHMOND AVENUE - SOUTH AVENUE
0.0,0,Staten Island,SIE E-MLK N RICHMOND AVENUE - WALKER STREET
26.71,146,Queens,LIE WB LITTLE NECK PKWY - NB CIP
44.73,95,Bronx,CBE W MORRIS AVE - GWB W AMSTERDAM AVE (L/LVL)
21.12,127,Queens,TNB S Qns Anchorage - CIP S @ TNB
36.03,154,Bronx,BRP N WATSON AVENUE - FORDHAM ROAD
57.16,49,Staten Island,SIE W RICHMOND AVENUE - SOUTH AVENUE
54.68,137,Bronx,BE S Griswold - Castle Hill Avenue
53.43,47,Bronx,BWB N Toll Plaza - HRP N Lafayatte Ave
26.71,264,Brooklyn,BQE S 46TH STREET - LEONARD STREET
50.95,49,Bronx,BWB N Toll Plaza - HRP N Lafayatte Ave
55.3,173,Queens,LIE WB LITTLE NECK PKWY - NB CVE
42.25,93,Queens,LIE WB LITTLE NECK PKWY - NB CIP
0.0,0,Queens,BE S TBB EXIT RAMP - QUEENS ANCHORAGE
39.76,172,Manhattan,FDR S 63rd - 25th St
0.0,0,Staten Island,MLK S - SIE E WALKER STREET - WOOLEY AVENUE
44.11,55,Manhattan,TBB W - FDR S MANHATTAN TRUSS - E116TH STREET
31.68,368,Queens,CIP N LIE ramp - TNB
45.98,140,Queens,Whitestone Expwy N Exit 14 (Linden Pl) - BWB N Queens Anchorage
44.73,100,Bronx,MDE S HARLEM RIVER PARK - GWB W AMSTERDAM AVENUE LOWER LEVEL
36.66,121,Bronx,MDE S HARLEM RIVER PARK - GWB W AMSTERDAM AVENUE LOWER LEVEL
51.57,27,Staten Island,SIE W BRADLEY AVENUE - WOOLEY AVENUE
0.0,0,Staten Island,MLK N WALKER STREET - NJ ROUTE 169
0.0,0,Brooklyn,GOW N 9TH STREET - ATLANTIC AVENUE
33.55,163,Manhattan,LINCOLN TUNNEL W CENTER TUBE NY - NJ
49.08,43,Brooklyn,VNB E-GOWANUS N BROOKLYN GANTRY LOWER LEVEL - 92ND STREET
56.54,132,Bronx,BE S Griswold - Castle Hill Avenue
48.46,33,Staten Island,SIE E WOOLEY AVENUE - BRADLEY AVENUE
55.3,142,Staten Island,WSE S VICTORY BOULEVARD - ARDEN AVENUE
43.49,452,Manhattan,Westside Hwy N 57th St - GWB
8.69,474,Bronx,CBE E AMSTERDAM AVE(U/LVL) - MORRIS AVE
0.0,0,Staten Island,SIE E-MLK N RICHMOND AVENUE - WALKER STREET
55.92,123,Queens,TNB N Queens Anchorage - Toll Plaza
31.06,206,Queens,BWB S Queens Anchorage - WSE S Exit 14 (Linden Pl)
18.64,295,Manhattan,LINCOLN TUNNEL E CENTER TUBE NJ - NY
39.76,54,Staten Island,VNB W-SIE W SI GANTRY LOWER LEVEL - FINGERBOARD ROAD
39.14,206,Queens,TBB N QUEENS ANCHORAGE - MANHATTAN LIFT SPAN
16.77,313,Queens,QMT W Toll Plaza - Manhattan Side
9.32,436,Bronx,CBE E AMSTERDAM AVE(U/LVL) - MORRIS AVE
26.71,381,Manhattan,FDR N Catherine Slip - 25th St
31.06,207,Manhattan,BBT E Manhattan Portal - Toll Plaza
21.12,204,Bronx,MDE S HARLEM RIVER PARK - GWB W AMSTERDAM AVENUE UPPER LEVEL
44.73,199,Queens,VWE N MP4.63 (Exit 6 - Jamaica Ave) - MP6.39 (Exit 11 Jewel Ave)
54.05,178,Queens,LIE WB LITTLE NECK PKWY - NB CVE
26.71,191,Bronx,MDE N RFK Bridge - 142nd St
16.15,414,Manhattan,FDR N 25th - 63rd St
49.7,93,Bronx,BWB S Toll Plaza - Queens Anchorage
54.05,85,Brooklyn,VNB E SI GANTRY LOWER LEVEL - BROOLKYN GANTRY LOWER LEVEL
41.63,471,Manhattan,Westside Hwy N 57th St - GWB
0.0,0,Manhattan,BQE N Atlantic Ave - MAN Bridge Manhattan Side
0.0,0,Staten Island,MLK S - SIE E WALKER STREET - WOOLEY AVENUE
52.19,30,Staten Island,SIE E WOOLEY AVENUE - BRADLEY AVENUE
17.39,623,Queens,VWE S MP2.66 (Exit 2 Rockaway Blvd) - Belt Pkwy E 182nd St
49.7,51,Bronx,CBE E TAYLOR AVENUE - CASTLE HILL AVENUE
55.3,126,Staten Island,SIE W - WSE S SOUTH AVENUE - SOUTH AVENUE
0.0,0,Bronx,BRP S FORDHAM ROAD - WATSON AVENUE
31.06,379,Queens,CIP N LIE ramp - TNB
40.38,170,Queens,VWE S MP4.63 (Exit 6 Jamaica Ave) - MP2.66 (Exit 2 Roackaway Blvd)
20.5,500,Manhattan,FDR N Catherine Slip - 25th St
0.0,0,Brooklyn,GOW S 9TH STREET - 7TH AVENUE
50.95,87,Bronx,BE S CASTLE HILL AVENUE - STRATFORD AVENUE
20.5,349,Queens,TBB N QUEENS ANCHORAGE - BE N
41.63,215,Queens,VWE S MP6.39 (Exit 11 Jewel Ave) - MP4.63 (Exit 6 Jamaica Ave)
44.11,53,Manhattan,FDR N - TBB E 116TH STREET - MANHATTAN TRUSS
49.08,109,Queens,VWE N MP6.39 (Exit 11 Jewel Ave) - MP8.65 (Exit 13 Northern Blvd)
41.01,61,Bronx,BWB N Toll Plaza - HRP N Lafayatte Ave
57.78,86,Staten Island,WSE N BLOOMUINGDALE ROAD - ARDEN AVENUE
1.86,2470,Queens,LIE W 108TH ST - 84TH ST
0.0,0,Staten Island,MLK N WALKER STREET - NJ ROUTE 169
37.28,42,Staten Island,SIE E WOOLEY AVENUE - BRADLEY AVENUE
50.95,87,Bronx,BE S CASTLE HILL AVENUE - STRATFORD AVENUE
11.18,640,Brooklyn,BQE S 46TH STREET - LEONARD STREET
52.19,143,Bronx,BE S Griswold - Castle Hill Avenue
0.0,0,Manhattan,BQE N Atlantic Ave - MAN Bridge Manhattan Side
11.18,369,Bronx,CBE W MORRIS AVE - GWB W AMSTERDAM AVE (U/LVL)
0.0,0,Brooklyn,GOW N 7TH AVENUE - 9TH STREET
35.41,306,Queens,CVE NB LIE - WILLETS PT BLVD
41.63,164,Manhattan,FDR S 63rd - 25th St
13.67,864,Queens,Belt Pkwy W JFK Expressway - VWE N Jamaica Ave
59.65,47,Staten Island,SIE W RICHMOND AVENUE - SOUTH AVENUE
48.46,89,Brooklyn,GOW N 92ND STREET - 7TH AVENUE
46.6,49,Staten Island,SIE E VNB E FINGERBOARD ROAD - SI GANTRY UPPER LEVEL
43.49,211,Queens,Laurelton Pkwy S @ SSP - Belt Pkwy W 182nd St
50.95,97,Queens,LIE W 108TH ST - 84TH ST
40.38,97,Queens,LIE WB LITTLE NECK PKWY - NB CIP
52.81,50,Staten Island,SIE E SOUTH AVENUE - RICHMOND AVENUE
40.38,200,Queens,TBB N QUEENS ANCHORAGE - MANHATTAN LIFT SPAN
48.46,114,Queens,Whitestone Expwy S Exit 14 (Linden Pl) - VWE S MP8.65 (Exit 13 Northern Blvd)
54.68,101,Staten Island,SIE E CLOVE ROAD - FINGERBOARD ROAD
45.36,83,Queens,Belt Pkwy W 182nd St - JFK Expressway
32.31,213,Queens,TNB S Toll Plaza - Queens Anchorage
51.57,132,Queens,TNB N Queens Anchorage - Toll Plaza
19.26,167,Manhattan,11th ave s ganservoort - west st @ spring st
45.36,435,Manhattan,Westside Hwy S GWB - 57th St
41.63,51,Staten island,VNB W-SIE W SI GANTRY UPPER LEVEL - FINGERBOARD ROAD
22.36,327,Manhattan,GWB E LOWER LEVEL PLAZA - CBE E LOWER LEVEL AMSTERDAM AVE
52.81,27,Staten Island,SIE W BRADLEY AVENUE - WOOLEY AVENUE
27.34,200,Queens,Whitestone Expwy S Exit 14 (Linden Pl) - VWE S MP8.65 (Exit 13 Northern Blvd)
50.33,153,Staten Island,WSE S TYRELLAN AVENUE - 440 S FRANCIS STREET
24.85,214,Queens,VWE N MP6.39 (Exit 11 Jewel Ave) - MP8.65 (Exit 13 Northern Blvd)
50.95,129,Staten Island,SIE E BRADLEY AVENUE - CLOVE ROAD
48.46,88,Bronx,CBE E AMSTERDAM AVE(U/LVL) - MORRIS AVE
49.7,149,Manhattan,GWB E LOWER LEVEL PLAZA - CBE E LOWER LEVEL AMSTERDAM AVE
18.64,74,Staten Island,SIE W BRADLEY AVENUE - WOOLEY AVENUE
39.76,54,Staten Island,VNB W-SIE W SI GANTRY LOWER LEVEL - FINGERBOARD ROAD
0.0,0,Queens,TNB N Queens Anchorage - Toll Plaza
53.43,87,Brooklyn,VNB W BROOKLYN GANTRY UPPER LEVEL - SI GANTRY UPPER LEVEL
10.56,196,Brooklyn,VNB E-GOWANUS N BROOKLYN GANTRY LOWER LEVEL - 92ND STREET
41.63,51,Staten Island,VNB W-SIE W SI GANTRY LOWER LEVEL - FINGERBOARD ROAD
50.33,85,Brooklyn,GOW N 92ND STREET - 7TH AVENUE
57.78,136,Staten Island,WSE N ARDEN AVENUE - VICTORY BLVD
13.04,383,Manhattan,LINCOLN TUNNEL W NORTH TUBE NY - NJ
0.0,0,Staten Island,MLK S - SIE W WALKER STREET - RICHMOND AVENUE
13.04,408,Queens,QMT W Toll Plaza - Manhattan Side
52.19,131,Manhattan,FDR N 25th - 63rd St
39.76,40,Staten Island,SIE E WOOLEY AVENUE - BRADLEY AVENUE
0.0,0,Queens,TNB N Queens Anchorage - Toll Plaza
0.0,0,Queens,CVE NB GCP - WILLETS PT BLVD
47.22,161,Staten Island,440 N FRANCIS STREET - WSE N TYRELLAN AVE
36.03,66,Manhattan,TBB W - FDR S MANHATTAN TRUSS - E116TH STREET
55.3,80,Bronx,BE S CASTLE HILL AVENUE - STRATFORD AVENUE
50.95,52,Staten Island,SIE E SOUTH AVENUE - RICHMOND AVENUE
31.06,137,Brooklyn,GOW N 92ND STREET - 7TH AVENUE
41.63,133,Bronx,BRP N WATSON AVENUE - FORDHAM ROAD
50.33,131,Staten Island,SIE E BRADLEY AVENUE - CLOVE ROAD
12.42,987,Brooklyn,GOW N 7TH AVENUE - 9TH STREET
47.84,89,Brooklyn,GOW N 92ND STREET - 7TH AVENUE
19.88,544,Queens,VWE S MP2.66 (Exit 2 Rockaway Blvd) - Belt Pkwy E 182nd St
44.11,149,Staten Island,SIE E BRADLEY AVENUE - CLOVE ROAD
0.0,0,Brooklyn,GOW S 9TH STREET - 7TH AVENUE
22.99,299,Manhattan,FDR S 63rd - 25th St
47.84,154,Manhattan,GWB E LOWER LEVEL PLAZA - CBE E LOWER LEVEL AMSTERDAM AVE
8.69,788,Brooklyn,BQE S 46TH STREET - LEONARD STREET
45.98,46,Brooklyn,GOW S VNB W 92ND STREET - BKLYN GANTRY UPPER LEVEL
44.11,48,Brooklyn,GOW S VNB W 92ND STREET - BKLYN GANTRY LOWER LEVEL
60.27,122,Manhattan,GWB E LOWER LEVEL PLAZA - CBE E LOWER LEVEL AMSTERDAM AVE
1.24,6612,Bronx,CBE W L/LE V AMSTERDAM AVE - I 95 S LOC LNS
34.79,275,Queens,LIE WB LITTLE NECK PKWY - NB CVE
26.09,389,Manhattan,FDR N Catherine Slip - 25th St
57.16,145,Bronx,CBE E CASTLE HILL AVE - BE N WATERBURY AVE
57.78,120,Staten Island,SIE W - WSE S SOUTH AVENUE - SOUTH AVENUE
48.46,151,Manhattan,GWB E LOWER LEVEL PLAZA - CBE E LOWER LEVEL AMSTERDAM AVE
0.0,0,Manhattan,QMT E Manhattan Side - Toll Plaza
0.0,0,Bronx,BRP S FORDHAM ROAD - WATSON AVENUE
0.0,0,Queens,BE S TBB EXIT RAMP - QUEENS ANCHORAGE
19.88,357,Queens,TBB N QUEENS ANCHORAGE - BE N
52.81,27,Staten Island,SIE W BRADLEY AVENUE - WOOLEY AVENUE
48.46,103,Queens,LIE W 108TH ST - 84TH ST
22.36,207,Bronx,BWB S Toll Plaza - Queens Anchorage
37.28,288,Queens,VWE S MP2.66 (Exit 2 Rockaway Blvd) - Belt Pkwy E 182nd St
28.58,357,Manhattan,FDR N Catherine Slip - 25th St
38.52,176,Manhattan,FDR S 63rd - 25th St
0.0,0,Bronx,BRP N WATSON AVENUE - FORDHAM ROAD
54.68,82,Bronx,HRP N LAFAYETTE AVENUE - E TREMONT AVENUE
50.95,104,Queens,VWE N MP6.39 (Exit 11 Jewel Ave) - MP8.65 (Exit 13 Northern Blvd)
15.53,208,Manhattan,12th Ave N 40th - 57th St
55.92,70,Staten Island,SIE W WOOLEY AVENUE - RICHMOND AVENUE
64.0,81,Staten Island,WSE S ARDEN AVENUE - BLOOMINGDALE ROAD
0.0,0,Staten Island,MLK S - SIE W WALKER STREET - RICHMOND AVENUE
55.92,80,Bronx,HRP N LAFAYETTE AVENUE - E TREMONT AVENUE
26.71,97,Manhattan,BKN Bridge Manhattan Side - FDR N Catherine Slip
14.91,368,Manhattan,LINCOLN TUNNEL E SOUTH TUBE - NJ - NY
19.88,459,Queens,Belt Pkwy E 182nd St - Laurelton Pkwy N @ SSP
41.63,111,Brooklyn,VNB E SI GANTRY LOWER LEVEL - BROOLKYN GANTRY LOWER LEVEL
51.57,52,Staten Island,SIE E SOUTH AVENUE - RICHMOND AVENUE
47.84,92,Bronx,BE S CASTLE HILL AVENUE - STRATFORD AVENUE
0.0,0,Brooklyn,GOW N 7TH AVENUE - 9TH STREET
24.23,125,Queens,BE S TBB EXIT RAMP - MANHATTAN LIFT SPAN
39.14,194,Queens,CIP S Hempstead Tpk - Laurelton Pkwy @ SSP
45.36,113,Bronx,MDE N RFK Bridge - 142nd St
51.57,42,Queens,CIP N ramp to TNB - TNB Queens Anchorage
45.36,197,Queens,VWE S MP6.39 (Exit 11 Jewel Ave) - MP4.63 (Exit 6 Jamaica Ave)
30.44,77,Manhattan,FDR N - TBB E 116TH STREET - MANHATTAN TRUSS
48.46,95,Queens,BWB N Queens Anchorage - Toll Plaza
50.95,150,Staten Island,440 N FRANCIS STREET - WSE N TYRELLAN AVE
51.57,31,Staten Island,SIE E WOOLEY AVENUE - BRADLEY AVENUE
53.43,113,Staten Island,WSE N-SIE E SOUTH AVENUE - SOUTH AVENUE
57.78,67,Staten Island,SIE E RICHMOND AVENUE - WOOLEY AVENUE
44.73,47,Brooklyn,VNB E-GOWANUS N BROOKLYN GANTRY UPPER LEVEL - 92ND STREET
0.0,0,Staten Island,SIE E-MLK N RICHMOND AVENUE - WALKER STREET
0.62,5045,Manhattan,LINCOLN TUNNEL E CENTER TUBE NJ - NY
41.63,154,Queens,Whitestone Expwy N Exit 14 (Linden Pl) - BWB N Queens Anchorage
44.73,181,Queens,TBB N QUEENS ANCHORAGE - MANHATTAN LIFT SPAN
0.0,0,Brooklyn,GOW S 9TH STREET - 7TH AVENUE
0.0,0,Staten Island,SIE E-MLK N RICHMOND AVENUE - WALKER STREET
18.01,426,Queens,Laurelton Pkwy N @ SSP - CIP N Hempstead Tpk
53.43,110,Staten Island,SIE W FINGERBOARD ROAD - CLOVE ROAD
43.49,49,Brooklyn,GOW S VNB W 92ND STREET - BKLYN GANTRY LOWER LEVEL
0.0,0,Queens,TNB N Queens Anchorage - Toll Plaza
45.98,48,Queens,CIP N ramp to TNB - TNB Queens Anchorage
45.98,432,Manhattan,Westside Hwy S GWB - 57th St
50.33,106,Queens,VWE S MP8.65 (Exit 13 Northern Blvd) - MP6.39 (Exit 11 Jewel Ave)
18.64,112,Staten island,VNB W-SIE W SI GANTRY UPPER LEVEL - FINGERBOARD ROAD
29.82,71,Brooklyn,VNB E-GOWANUS N BROOKLYN GANTRY LOWER LEVEL - 92ND STREET
36.66,440,Queens,CIP NB GCP - TNB
52.81,87,Brooklyn,VNB E SI GANTRY UPPER LEVEL - BROOKLYN GANTRY UPPER LEVEL
28.58,423,Queens,Belt Pkwy W JFK Expressway - VWE N Jamaica Ave
14.29,512,Manhattan,GWB E LOWER LEVEL PLAZA - CBE E LOWER LEVEL AMSTERDAM AVE
43.49,99,Bronx,CBE AMSTERDAM AVE (L/LVL) - MORRIS AVE
30.44,173,Manhattan,QMT E Manhattan Side - Toll Plaza
0.0,0,Manhattan,BQE N Atlantic Ave - BKN Bridge Manhattan Side
51.57,145,Staten Island,WSE N TYRELLAN AVENUE - BLOOMINGDALE ROAD
50.95,153,Queens,Laurelton Pkwy N @ SSP - CIP N Hempstead Tpk
11.18,544,Manhattan,12th ave @ 45th - 11 ave ganservoort st
41.63,51,Staten island,VNB W-SIE W SI GANTRY UPPER LEVEL - FINGERBOARD ROAD
44.11,88,Staten Island,SIE E RICHMOND AVENUE - WOOLEY AVENUE
58.4,103,Staten Island,WSE N-SIE E SOUTH AVENUE - SOUTH AVENUE
49.7,93,Brooklyn,VNB W BROOKLYN GANTRY UPPER LEVEL - SI GANTRY UPPER LEVEL
22.36,241,Manhattan,11th ave n ganservoort - 12th ave @ 40th st
0.0,0,Staten Island,MLK N WALKER STREET - NJ ROUTE 169
45.36,63,Staten Island,WSE S SOUTH AVENUE - VICTORY BOULEVARD
50.95,83,Brooklyn,GOW S 7TH AVENUE - 92ND STREET
60.89,133,Bronx,I-87 NYST S Exit 1 - MDE S Van Cortlandt Park
44.73,48,Brooklyn,GOW S VNB W 92ND STREET - BKLYN GANTRY UPPER LEVEL
0.0,0,Bronx,CBE W L/LE V AMSTERDAM AVE - I 95 S LOC LNS
41.63,176,Manhattan,GWB E LOWER LEVEL PLAZA - CBE E LOWER LEVEL AMSTERDAM AVE
45.98,163,Queens,TBB S MANHATTAN LIFT SPAN - QUEENS ANCHORAGE
46.6,114,Queens,VWE N MP6.39 (Exit 11 Jewel Ave) - MP8.65 (Exit 13 Northern Blvd)
0.0,0,Queens,QMT W Toll Plaza - Manhattan Side
46.6,118,Queens,Whitestone Expwy S Exit 14 (Linden Pl) - VWE S MP8.65 (Exit 13 Northern Blvd)
49.7,324,Queens,CIP NB GCP - TNB
37.9,290,Queens,CIP N Hempstead Tpk - LIE
52.81,88,Brooklyn,VNB E SI GANTRY UPPER LEVEL - BROOKLYN GANTRY UPPER LEVEL
52.19,222,Queens,CIP N TNB - Whitestone Expwy S Exit 14 (Linden Pl)
5.59,1157,Queens,TNB N Queens Anchorage - Toll Plaza
40.38,168,Manhattan,FDR S 63rd - 25th St
47.22,53,Bronx,CBE W CASTLE HILL AVENUE - TAYLOR AVENUE
0.0,0,Brooklyn,BQE S - GOW S ALTANTIC AVENUE - 9TH STREET
4.34,487,Manhattan,12th Ave S 57th St - 45th St
52.81,181,Queens,LIE WB LITTLE NECK PKWY - NB CVE
57.16,103,Staten Island,SIE W FINGERBOARD ROAD - CLOVE ROAD
54.05,142,Staten Island,440 N FRANCIS STREET - WSE N TYRELLAN AVE
45.98,46,Brooklyn,GOW S VNB W 92ND STREET - BKLYN GANTRY UPPER LEVEL
4.97,1554,Bronx,CBE W L/LE V AMSTERDAM AVE - I 95 S LOC LNS
26.09,263,Manhattan,FDR S 63rd - 25th St
0.0,0,Brooklyn,GOW N 7TH AVENUE - 9TH STREET
52.81,168,Queens,VWE N MP4.63 (Exit 6 - Jamaica Ave) - MP6.39 (Exit 11 Jewel Ave)
52.81,135,Brooklyn,BQE S 46TH STREET - LEONARD STREET
45.36,47,Brooklyn,GOW S VNB W 92ND STREET - BKLYN GANTRY LOWER LEVEL
31.06,223,Queens,VWE S MP4.63 (Exit 6 Jamaica Ave) - MP2.66 (Exit 2 Roackaway Blvd)
55.92,45,Bronx,CBE E TAYLOR AVENUE - CASTLE HILL AVENUE
45.98,54,Bronx,BWB N Toll Plaza - HRP N Lafayatte Ave
59.65,54,Staten Island,WSE N VICTORY BLVD - SOUTH AVENUE
0.0,0,Manhattan,BQE N Atlantic Ave - MAN Bridge Manhattan Side
53.43,117,Staten Island,WSE S BLLOMINGDALE ROAD - TYRELLAN AVENUE
0.0,0,Queens,TNB S Toll Plaza - Queens Anchorage
45.36,102,Brooklyn,VNB E SI GANTRY UPPER LEVEL - BROOKLYN GANTRY UPPER LEVEL
11.18,432,Staten Island,WSE N BLOOMUINGDALE ROAD - ARDEN AVENUE
62.13,83,Staten Island,WSE S ARDEN AVENUE - BLOOMINGDALE ROAD
44.11,57,Bronx,HRP S Lafayette Ave - BWB S Toll Plaza
5.59,724,Bronx,CBE W MORRIS AVE - GWB W AMSTERDAM AVE (U/LVL)
62.13,112,Staten Island,SIE W - WSE S SOUTH AVENUE - SOUTH AVENUE
1.24,3366,Manhattan,West St S Spring St - BBT Manhattan Portal outbound
40.38,250,Manhattan,FDR N Catherine Slip - 25th St
34.17,208,Brooklyn,BQE S 46TH STREET - LEONARD STREET
52.81,27,Staten Island,SIE W BRADLEY AVENUE - WOOLEY AVENUE
32.31,131,Bronx,CBE W MORRIS AVE - GWB W AMSTERDAM AVE (U/LVL)
45.36,152,Queens,VWE S MP4.63 (Exit 6 Jamaica Ave) - MP2.66 (Exit 2 Roackaway Blvd)
14.29,174,Bronx,CBE W CASTLE HILL AVENUE - TAYLOR AVENUE
27.34,715,Manhattan,Westside Hwy S GWB - 57th St
3.1,2031,Manhattan,BBT E Manhattan Portal - Toll Plaza
0.0,0,Manhattan,BQE N Atlantic Ave - MAN Bridge Manhattan Side
23.61,303,Brooklyn,BQE N LEONARD STREET - 46TH STREET
28.58,404,Queens,CIP N TNB - Whitestone Expwy S Exit 14 (Linden Pl)
0.0,0,Brooklyn,GOW N 9TH STREET - ATLANTIC AVENUE
59.03,116,Queens,TNB N Queens Anchorage - Toll Plaza
12.42,400,Bronx,MDE N RFK Bridge - 142nd St
2.48,2230,Manhattan,West St S Spring St - BBT Manhattan Portal outbound
0.0,0,Bronx,CBE W L/LE V AMSTERDAM AVE - I 95 S LOC LNS
64.62,80,Staten Island,WSE S ARDEN AVENUE - BLOOMINGDALE ROAD
27.96,94,Manhattan,FDR S Catherine Slip - BKN Bridge Manhattan Side
46.6,254,Queens,CIP N LIE ramp - TNB
52.81,47,Bronx,CBE W CASTLE HILL AVENUE - TAYLOR AVENUE
10.56,424,Bronx,MDE S HARLEM RIVER PARK - GWB W AMSTERDAM AVENUE LOWER LEVEL
57.78,129,Staten Island,WSE N TYRELLAN AVENUE - BLOOMINGDALE ROAD
47.84,159,Staten Island,440 N FRANCIS STREET - WSE N TYRELLAN AVE
36.03,267,Queens,LIE WB LITTLE NECK PKWY - NB CVE
35.41,181,Queens,Whitestone Expwy N Exit 14 (Linden Pl) - BWB N Queens Anchorage
32.31,277,Queens,VWE S MP6.39 (Exit 11 Jewel Ave) - MP4.63 (Exit 6 Jamaica Ave)
48.46,149,Queens,BE S TBB EXIT RAMP - QUEENS ANCHORAGE
61.51,52,Staten Island,WSE N VICTORY BLVD - SOUTH AVENUE
1.24,3763,Manhattan,BBT W Toll Plaza - Manhattan Portal
2.48,1155,Manhattan,11th ave s ganservoort - west st @ spring st
0.0,0,Brooklyn,GOW N 9TH STREET - ATLANTIC AVENUE
31.68,67,Staten Island,VNB W-SIE W SI GANTRY LOWER LEVEL - FINGERBOARD ROAD
0.0,0,Brooklyn,GOW N 7TH AVENUE - 9TH STREET
16.77,378,Queens,Whitestone Expwy N Exit 14 (Linden Pl) - BWB N Queens Anchorage
52.81,51,Queens,TNB S Qns Anchorage - CIP S @ TNB
31.68,174,Manhattan,LINCOLN TUNNEL E CENTER TUBE NJ - NY
47.84,134,Queens,BWB S Queens Anchorage - WSE S Exit 14 (Linden Pl)
36.66,71,Manhattan,FDR S Catherine Slip - BKN Bridge Manhattan Side
60.27,53,Staten Island,WSE N VICTORY BLVD - SOUTH AVENUE
0.0,0,Queens,TNB S Toll Plaza - Queens Anchorage
24.23,184,Bronx,MDE S HARLEM RIVER PARK - GWB W AMSTERDAM AVENUE LOWER LEVEL
21.74,247,Queens,VWE S MP8.65 (Exit 13 Northern Blvd) - MP6.39 (Exit 11 Jewel Ave)
55.3,198,Queens,CIP N Hempstead Tpk - LIE
52.81,149,Staten Island,WSE S VICTORY BOULEVARD - ARDEN AVENUE
6.21,661,Bronx,CBE W MORRIS AVE - GWB W AMSTERDAM AVE (L/LVL)
46.6,47,Queens,CIP N ramp to TNB - TNB Queens Anchorage
8.69,756,Manhattan,FDR N 25th - 63rd St
55.3,28,Staten Island,SIE E WOOLEY AVENUE - BRADLEY AVENUE
3.72,1386,Manhattan,QMT E Manhattan Side - Toll Plaza
53.43,53,Staten Island,WSE S SOUTH AVENUE - VICTORY BOULEVARD
57.78,129,Bronx,BE N Castle Hill Avenue - Griswold Ave
48.46,95,Brooklyn,VNB E SI GANTRY LOWER LEVEL - BROOLKYN GANTRY LOWER LEVEL
42.25,50,Staten Island,VNB W-SIE W SI GANTRY LOWER LEVEL - FINGERBOARD ROAD
50.33,135,Queens,TNB N Queens Anchorage - Toll Plaza
46.6,161,Bronx,BE N Castle Hill Avenue - Griswold Ave
0.0,0,Brooklyn,GOW S 9TH STREET - 7TH AVENUE
0.0,0,Staten Island,MLK N WALKER STREET - NJ ROUTE 169
25.47,401,Manhattan,FDR S 25th St - Catherine Slip
3.1,2374,Queens,TBB S MANHATTAN LIFT SPAN - QUEENS ANCHORAGE
43.49,49,Brooklyn,GOW S VNB W 92ND STREET - BKLYN GANTRY UPPER LEVEL
0.0,0,Queens,BE S TBB EXIT RAMP - QUEENS ANCHORAGE
0.0,0,Queens,BE S TBB EXIT RAMP - QUEENS ANCHORAGE
24.23,222,Queens,QMT W Toll Plaza - Manhattan Side
1.24,2041,Manhattan,11th ave s ganservoort - west st @ spring st
16.77,458,Queens,Laurelton Pkwy N @ SSP - CIP N Hempstead Tpk
52.19,317,Queens,CVE NB GCP - WILLETS PT BLVD
5.59,2175,Brooklyn,GOW S 9TH STREET - 7TH AVENUE
52.81,141,Staten Island,WSE N TYRELLAN AVENUE - BLOOMINGDALE ROAD
49.7,220,Queens,CIP S LIE - Hempstead Tpk
11.8,368,Bronx,MDE S HARLEM RIVER PARK - GWB W AMSTERDAM AVENUE LOWER LEVEL
44.73,88,Queens,LIE WB LITTLE NECK PKWY - NB CIP
55.3,124,Queens,VWE S MP4.63 (Exit 6 Jamaica Ave) - MP2.66 (Exit 2 Roackaway Blvd)
41.63,94,Queens,LIE WB LITTLE NECK PKWY - NB CIP
48.46,171,Bronx,CBE E CASTLE HILL AVE - BE N WATERBURY AVE
49.08,94,Queens,BWB N Queens Anchorage - Toll Plaza
47.84,106,Bronx,MDE N RFK Bridge - 142nd St
0.0,0,Queens,TNB N Queens Anchorage - Toll Plaza
8.07,663,Manhattan,West St S Spring St - BBT Manhattan Portal outbound
39.76,129,Bronx,MDE N RFK Bridge - 142nd St
45.98,428,Manhattan,Westside Hwy S GWB - 57th St
29.82,170,Bronx,MDE N RFK Bridge - 142nd St
64.0,50,Staten Island,WSE N VICTORY BLVD - SOUTH AVENUE
62.75,62,Staten Island,SIE W WOOLEY AVENUE - RICHMOND AVENUE
54.68,85,Brooklyn,VNB E SI GANTRY LOWER LEVEL - BROOLKYN GANTRY LOWER LEVEL
45.36,146,Staten Island,SIE E BRADLEY AVENUE - CLOVE ROAD
42.25,105,Bronx,HRP N LAFAYETTE AVENUE - E TREMONT AVENUE
39.14,118,Queens,BWB N Queens Anchorage - Toll Plaza
0.0,0,Staten Island,ROUTE 169 S - MLK WALKER STREET
57.78,80,Bronx,BE N STRATFORD AVENUE - CASTLE HILL AVE
16.77,290,Manhattan,LINCOLN TUNNEL W NORTH TUBE NY - NJ
33.55,327,Queens,CVE NB LIE - WILLETS PT BLVD
19.88,234,Bronx,BWB S Toll Plaza - Queens Anchorage
47.22,190,Queens,VWE N MP4.63 (Exit 6 - Jamaica Ave) - MP6.39 (Exit 11 Jewel Ave)
12.42,204,Manhattan,FDR S Catherine Slip - BKN Bridge Manhattan Side
51.57,76,Staten Island,SIE W WOOLEY AVENUE - RICHMOND AVENUE
4.97,662,Manhattan,11th ave s ganservoort - west st @ spring st
7.45,696,Manhattan,11th ave n ganservoort - 12th ave @ 40th st
36.66,317,Queens,CIP N TNB - Whitestone Expwy S Exit 14 (Linden Pl)
33.55,583,Manhattan,Westside Hwy N 57th St - GWB
52.81,101,Queens,VWE S MP8.65 (Exit 13 Northern Blvd) - MP6.39 (Exit 11 Jewel Ave)
49.7,167,Bronx,CBE E CASTLE HILL AVE - BE N WATERBURY AVE
45.98,180,Bronx,CBE E CASTLE HILL AVE - BE N WATERBURY AVE
18.01,177,Manhattan,12th Ave N 40th - 57th St
19.26,171,Manhattan,11th ave s ganservoort - west st @ spring st
5.59,712,Bronx,CBE W MORRIS AVE - GWB W AMSTERDAM AVE (U/LVL)
50.33,176,Queens,VWE N MP4.63 (Exit 6 - Jamaica Ave) - MP6.39 (Exit 11 Jewel Ave)
54.05,296,Queens,CIP NB GCP - TNB
44.73,48,Brooklyn,GOW S VNB W 92ND STREET - BKLYN GANTRY UPPER LEVEL
44.73,199,Queens,VWE S MP6.39 (Exit 11 Jewel Ave) - MP4.63 (Exit 6 Jamaica Ave)
49.7,132,Staten Island,SIE E BRADLEY AVENUE - CLOVE ROAD
52.19,123,Queens,BWB S Queens Anchorage - WSE S Exit 14 (Linden Pl)
27.96,228,Queens,Whitestone Expwy N Exit 14 (Linden Pl) - BWB N Queens Anchorage
0.0,0,Manhattan,LINCOLN TUNNEL E SOUTH TUBE - NJ - NY
57.16,289,Queens,CVE NB GCP - WILLETS PT BLVD
42.25,162,Manhattan,FDR S 63rd - 25th St
26.71,94,Bronx,CBE E TAYLOR AVENUE - CASTLE HILL AVENUE
46.6,205,Queens,LIE WB LITTLE NECK PKWY - NB CVE
0.0,0,Manhattan,BQE N Atlantic Ave - MAN Bridge Manhattan Side
0.0,0,Manhattan,BQE N Atlantic Ave - BKN Bridge Manhattan Side
54.05,85,Brooklyn,VNB W BROOKLYN GANTRY LOWER LEVEL - SI GANTRY LOWER LEVEL
3.72,1301,Manhattan,LINCOLN TUNNEL E CENTER TUBE NJ - NY
47.22,60,Staten Island,WSE S SOUTH AVENUE - VICTORY BOULEVARD
0.0,0,Staten Island,WSE S TYRELLAN AVENUE - 440 S FRANCIS STREET
24.85,177,Bronx,BE S CASTLE HILL AVENUE - STRATFORD AVENUE
39.14,141,Manhattan,LINCOLN TUNNEL E SOUTH TUBE - NJ - NY
45.98,148,Manhattan,FDR S 63rd - 25th St
40.38,35,Staten Island,SIE W BRADLEY AVENUE - WOOLEY AVENUE
51.57,42,Queens,CIP N ramp to TNB - TNB Queens Anchorage
0.0,0,Manhattan,LINCOLN TUNNEL E CENTER TUBE NJ - NY
16.15,323,Manhattan,11th ave n ganservoort - 12th ave @ 40th st
7.45,539,Brooklyn,GOW N 92ND STREET - 7TH AVENUE
52.81,100,Queens,VWE N MP8.64 (Exit 13 Northern Blvd) - Whitestone Expwy Exit 14 (Linden Pl)
0.0,0,Staten Island,MLK N WALKER STREET - NJ ROUTE 169
0.0,0,Brooklyn,GOW S 7TH AVENUE - 92ND STREET
7.45,742,Manhattan,LINCOLN TUNNEL E SOUTH TUBE - NJ - NY
46.6,92,Bronx,CBE W MORRIS AVE - GWB W AMSTERDAM AVE (L/LVL)
45.98,148,Manhattan,FDR S 63rd - 25th St
54.05,170,Queens,Laurelton Pkwy S @ SSP - Belt Pkwy W 182nd St
57.16,132,Queens,CIP S Hempstead Tpk - Laurelton Pkwy @ SSP
0.0,0,Bronx,CBE W L/LE V AMSTERDAM AVE - I 95 S LOC LNS
19.88,263,Manhattan,QMT E Manhattan Side - Toll Plaza
54.68,29,Staten Island,SIE E WOOLEY AVENUE - BRADLEY AVENUE
48.46,188,Queens,Laurelton Pkwy S @ SSP - Belt Pkwy W 182nd St
0.0,0,Staten Island,SIE E-MLK N RICHMOND AVENUE - WALKER STREET
41.63,58,Manhattan,TBB W - FDR S MANHATTAN TRUSS - E116TH STREET
54.05,152,Bronx,CBE E CASTLE HILL AVE - BE N WATERBURY AVE
0.0,0,Brooklyn,GOW S 9TH STREET - 7TH AVENUE
55.3,296,Queens,CVE NB GCP - WILLETS PT BLVD
41.01,52,Staten Island,VNB W-SIE W SI GANTRY LOWER LEVEL - FINGERBOARD ROAD
41.63,111,Brooklyn,VNB W BROOKLYN GANTRY UPPER LEVEL - SI GANTRY UPPER LEVEL
59.03,48,Staten Island,SIE W RICHMOND AVENUE - SOUTH AVENUE
0.0,0,Brooklyn,BQE S - GOW S ALTANTIC AVENUE - 9TH STREET
42.25,176,Queens,TBB S MANHATTAN LIFT SPAN - QUEENS ANCHORAGE
54.68,144,Staten Island,WSE N ARDEN AVENUE - VICTORY BLVD
20.5,245,Bronx,MDE N RFK Bridge - 142nd St
37.28,115,Brooklyn,GOW N 92ND STREET - 7TH AVENUE
26.71,434,Queens,CIP N LIE ramp - TNB
18.01,373,Manhattan,FDR N 25th - 63rd St
41.63,68,Staten Island,SIE W RICHMOND AVENUE - SOUTH AVENUE
51.57,48,Bronx,BWB N Toll Plaza - HRP N Lafayatte Ave
16.15,619,Manhattan,FDR S 25th St - Catherine Slip
58.4,101,Staten Island,SIE W FINGERBOARD ROAD - CLOVE ROAD
39.76,187,Bronx,BE N Castle Hill Avenue - Griswold Ave
52.81,88,Queens,BWB N Queens Anchorage - Toll Plaza
41.63,128,Queens,VWE N MP8.64 (Exit 13 Northern Blvd) - Whitestone Expwy Exit 14 (Linden Pl)
50.33,57,Staten Island,SIE W RICHMOND AVENUE - SOUTH AVENUE
55.92,122,Queens,TNB S Toll Plaza - Queens Anchorage
47.22,98,Brooklyn,VNB E SI GANTRY UPPER LEVEL - BROOKLYN GANTRY UPPER LEVEL
54.68,91,Staten Island,WSE N BLOOMUINGDALE ROAD - ARDEN AVENUE
57.78,141,Bronx,I-87 NYST S Exit 1 - MDE S Van Cortlandt Park
50.95,129,Staten Island,SIE E BRADLEY AVENUE - CLOVE ROAD
21.12,428,Queens,Belt Pkwy E 182nd St - Laurelton Pkwy N @ SSP
0.0,0,Staten Island,MLK S - SIE E WALKER STREET - WOOLEY AVENUE
0.0,0,Brooklyn,BQE S - GOW S ALTANTIC AVENUE - 9TH STREET
40.38,170,Manhattan,FDR S 63rd - 25th St
52.81,26,Staten Island,SIE W BRADLEY AVENUE - WOOLEY AVENUE
20.5,526,Queens,CIP N Hempstead Tpk - LIE
45.36,183,Bronx,CBE E CASTLE HILL AVE - BE N WATERBURY AVE
54.68,167,Queens,Laurelton Pkwy S @ SSP - Belt Pkwy W 182nd St
42.87,116,Manhattan,LINCOLN TUNNEL W NORTH TUBE NY - NJ
48.46,163,Staten Island,WSE S VICTORY BOULEVARD - ARDEN AVENUE
39.14,279,Queens,CIP N Hempstead Tpk - LIE
10.56,302,Manhattan,11th ave s ganservoort - west st @ spring st
54.05,109,Staten Island,SIE W FINGERBOARD ROAD - CLOVE ROAD
0.0,0,Bronx,CBE W L/LE V AMSTERDAM AVE - I 95 S LOC LNS
26.09,109,Staten Island,WSE S SOUTH AVENUE - VICTORY BOULEVARD
60.27,130,Queens,Laurelton Pkwy N @ SSP - CIP N Hempstead Tpk
45.36,47,Brooklyn,VNB E-GOWANUS N BROOKLYN GANTRY LOWER LEVEL - 92ND STREET
59.65,116,Staten Island,SIE W - WSE S SOUTH AVENUE - SOUTH AVENUE
8.69,478,Bronx,CBE E AMSTERDAM AVE(U/LVL) - MORRIS AVE
32.93,78,Manhattan,BKN Bridge Manhattan Side - FDR N Catherine Slip
47.84,193,Queens,Laurelton Pkwy S @ SSP - Belt Pkwy W 182nd St
21.12,207,Bronx,MDE S HARLEM RIVER PARK - GWB W AMSTERDAM AVENUE UPPER LEVEL
20.5,148,Queens,BE S TBB EXIT RAMP - MANHATTAN LIFT SPAN
3.1,1757,Manhattan,BBT E Manhattan Portal - Toll Plaza
60.89,115,Staten Island,SIE W - WSE S SOUTH AVENUE - SOUTH AVENUE
55.3,109,Staten Island,WSE N-SIE E SOUTH AVENUE - SOUTH AVENUE
54.68,143,Staten Island,WSE S VICTORY BOULEVARD - ARDEN AVENUE
43.49,69,Queens,BE S TBB EXIT RAMP - MANHATTAN LIFT SPAN
33.55,147,Queens,LIE W 108TH ST - 84TH ST
0.0,0,Bronx,CBE W L/LE V AMSTERDAM AVE - I 95 S LOC LNS
51.57,86,Bronx,BE S CASTLE HILL AVENUE - STRATFORD AVENUE
45.98,82,Queens,Belt Pkwy W 182nd St - JFK Expressway
44.11,188,Bronx,CBE W U/LEV AMSTERDAM AVE - I95 S EXP LNS
45.98,121,Bronx,BRP N WATSON AVENUE - FORDHAM ROAD
0.0,0,Manhattan,BQE N Atlantic Ave - MAN Bridge Manhattan Side
9.32,459,Bronx,CBE W MORRIS AVE - GWB W AMSTERDAM AVE (L/LVL)
52.19,306,Queens,CIP NB GCP - TNB
51.57,179,Queens,Belt Pkwy E 182nd St - Laurelton Pkwy N @ SSP
44.73,47,Brooklyn,VNB E-GOWANUS N BROOKLYN GANTRY LOWER LEVEL - 92ND STREET
0.0,0,Manhattan,BQE N Atlantic Ave - BKN Bridge Manhattan Side
13.04,537,Queens,TBB N QUEENS ANCHORAGE - BE N
0.0,0,Brooklyn,GOW N 7TH AVENUE - 9TH STREET
24.85,85,Staten island,VNB W-SIE W SI GANTRY UPPER LEVEL - FINGERBOARD ROAD
38.52,110,Brooklyn,GOW S 7TH AVENUE - 92ND STREET
55.3,84,Bronx,BE N STRATFORD AVENUE - CASTLE HILL AVE
35.41,140,Manhattan,LINCOLN TUNNEL W NORTH TUBE NY - NJ
53.43,83,Bronx,HRP N LAFAYETTE AVENUE - E TREMONT AVENUE
17.39,309,Queens,QMT W Toll Plaza - Manhattan Side
0.0,0,Staten Island,WSE N-SIE E SOUTH AVENUE - SOUTH AVENUE
45.98,167,Staten Island,WSE S TYRELLAN AVENUE - 440 S FRANCIS STREET
13.67,392,Bronx,BRP N WATSON AVENUE - FORDHAM ROAD
5.59,946,Manhattan,LINCOLN TUNNEL E CENTER TUBE NJ - NY
0.0,0,Bronx,BRP S FORDHAM ROAD - WATSON AVENUE
45.98,236,Queens,CVE NB LIE - WILLETS PT BLVD
29.2,157,Bronx,BWB S Toll Plaza - Queens Anchorage
36.03,72,Manhattan,BKN Bridge Manhattan Side - FDR N Catherine Slip
0.0,0,Staten Island,MLK S - SIE W WALKER STREET - RICHMOND AVENUE
8.69,1404,Queens,Belt Pkwy W JFK Expressway - VWE N Jamaica Ave
18.01,673,Queens,Belt Pkwy W JFK Expressway - VWE N Jamaica Ave
13.04,376,Manhattan,LINCOLN TUNNEL W NORTH TUBE NY - NJ
16.77,151,Manhattan,BKN Bridge Manhattan Side - FDR N Catherine Slip
42.25,162,Queens,VWE S MP4.63 (Exit 6 Jamaica Ave) - MP2.66 (Exit 2 Roackaway Blvd)
47.84,44,Brooklyn,VNB E-GOWANUS N BROOKLYN GANTRY UPPER LEVEL - 92ND STREET
41.63,165,Manhattan,FDR S 63rd - 25th St
57.16,107,Staten Island,WSE N-SIE E SOUTH AVENUE - SOUTH AVENUE
51.57,132,Manhattan,FDR S 63rd - 25th St
56.54,82,Bronx,BE N STRATFORD AVENUE - CASTLE HILL AVE
41.63,51,Brooklyn,GOW S VNB W 92ND STREET - BKLYN GANTRY UPPER LEVEL
34.17,77,Manhattan,FDR S Catherine Slip - BKN Bridge Manhattan Side
58.4,134,Staten Island,WSE S VICTORY BOULEVARD - ARDEN AVENUE
0.0,0,Staten Island,SIE E-MLK N RICHMOND AVENUE - WALKER STREET
42.87,194,Bronx,CBE W U/LEV AMSTERDAM AVE - I95 S EXP LNS
40.38,64,Manhattan,BKN Bridge Manhattan Side - FDR N Catherine Slip
49.08,43,Brooklyn,VNB E-GOWANUS N BROOKLYN GANTRY LOWER LEVEL - 92ND STREET
24.85,197,Queens,LIE E 84TH ST - 108TH ST
38.52,55,Staten island,VNB W-SIE W SI GANTRY UPPER LEVEL - FINGERBOARD ROAD
45.36,182,Bronx,CBE W U/LEV AMSTERDAM AVE - I95 S EXP LNS
24.23,107,Manhattan,BKN Bridge Manhattan Side - FDR N Catherine Slip
53.43,143,Staten Island,440 N FRANCIS STREET - WSE N TYRELLAN AVE
52.81,218,Queens,CIP N TNB - Whitestone Expwy S Exit 14 (Linden Pl)
41.01,52,Staten island,VNB W-SIE W SI GANTRY UPPER LEVEL - FINGERBOARD ROAD
48.46,44,Brooklyn,VNB E-GOWANUS N BROOKLYN GANTRY LOWER LEVEL - 92ND STREET
32.31,315,Manhattan,FDR S 25th St - Catherine Slip
61.51,189,Queens,CIP N TNB - Whitestone Expwy S Exit 14 (Linden Pl)
0.0,0,Staten Island,MLK S - SIE E WALKER STREET - WOOLEY AVENUE
0.0,0,Brooklyn,GOW S 7TH AVENUE - 92ND STREET
60.27,85,Staten Island,WSE S ARDEN AVENUE - BLOOMINGDALE ROAD
35.41,252,Queens,VWE S MP6.39 (Exit 11 Jewel Ave) - MP4.63 (Exit 6 Jamaica Ave)
34.79,133,Bronx,BWB S Toll Plaza - Queens Anchorage
0.0,0,Staten Island,MLK S - SIE W WALKER STREET - RICHMOND AVENUE
27.96,256,Queens,TBB N QUEENS ANCHORAGE - BE N
0.0,0,Staten Island,ROUTE 169 S - MLK WALKER STREET
55.3,90,Staten Island,WSE N BLOOMUINGDALE ROAD - ARDEN AVENUE
47.22,90,Brooklyn,GOW N 92ND STREET - 7TH AVENUE
43.49,173,Queens,TBB S MANHATTAN LIFT SPAN - QUEENS ANCHORAGE
42.25,54,Staten Island,SIE E VNB E FINGERBOARD ROAD - SI GANTRY LOWER LEVEL
49.08,155,Staten Island,WSE S TYRELLAN AVENUE - 440 S FRANCIS STREET
0.0,0,Brooklyn,GOW N 7TH AVENUE - 9TH STREET
28.58,242,Queens,VWE S MP4.63 (Exit 6 Jamaica Ave) - MP2.66 (Exit 2 Roackaway Blvd)
0.0,0,Queens,BE S TBB EXIT RAMP - QUEENS ANCHORAGE
43.49,49,Brooklyn,GOW S VNB W 92ND STREET - BKLYN GANTRY UPPER LEVEL
46.6,46,Brooklyn,VNB E-GOWANUS N BROOKLYN GANTRY LOWER LEVEL - 92ND STREET
42.87,55,Manhattan,FDR N - TBB E 116TH STREET - MANHATTAN TRUSS
22.99,309,Brooklyn,BQE S 46TH STREET - LEONARD STREET
6.21,862,Bronx,BRP N WATSON AVENUE - FORDHAM ROAD
48.46,104,Bronx,MDE N RFK Bridge - 142nd St
57.16,88,Staten Island,WSE N BLOOMUINGDALE ROAD - ARDEN AVENUE
42.25,50,Brooklyn,GOW S VNB W 92ND STREET - BKLYN GANTRY LOWER LEVEL
0.0,0,Brooklyn,GOW S 9TH STREET - 7TH AVENUE
52.81,96,Bronx,MDE N RFK Bridge - 142nd St
46.6,138,Queens,BWB S Queens Anchorage - WSE S Exit 14 (Linden Pl)
37.28,294,Queens,CIP N Hempstead Tpk - LIE
50.33,53,Staten Island,SIE E SOUTH AVENUE - RICHMOND AVENUE
52.19,157,Bronx,I-87 NYST S Exit 1 - MDE S Van Cortlandt Park
56.54,162,Queens,Belt Pkwy E 182nd St - Laurelton Pkwy N @ SSP
56.54,69,Staten Island,SIE E RICHMOND AVENUE - WOOLEY AVENUE
41.01,148,Staten Island,WSE N-SIE E SOUTH AVENUE - SOUTH AVENUE
47.84,148,Brooklyn,BQE N LEONARD STREET - 46TH STREET
52.19,120,Staten Island,WSE S BLLOMINGDALE ROAD - TYRELLAN AVENUE
0.0,0,Staten Island,SIE E-MLK N RICHMOND AVENUE - WALKER STREET
45.98,46,Brooklyn,VNB E-GOWANUS N BROOKLYN GANTRY UPPER LEVEL - 92ND STREET
43.49,181,Staten Island,WSE S VICTORY BOULEVARD - ARDEN AVENUE
49.7,137,Queens,TNB S Toll Plaza - Queens Anchorage
59.03,75,Bronx,BE S CASTLE HILL AVENUE - STRATFORD AVENUE
0.0,0,Staten Island,MLK S - SIE W WALKER STREET - RICHMOND AVENUE
51.57,90,Queens,BWB N Queens Anchorage - Toll Plaza
37.9,285,Queens,VWE S MP2.66 (Exit 2 Rockaway Blvd) - Belt Pkwy E 182nd St
44.73,258,Queens,CIP N TNB - Whitestone Expwy S Exit 14 (Linden Pl)
45.98,237,Queens,CVE NB LIE - WILLETS PT BLVD
60.27,77,Brooklyn,VNB E SI GANTRY LOWER LEVEL - BROOLKYN GANTRY LOWER LEVEL
21.12,67,Staten Island,SIE W BRADLEY AVENUE - WOOLEY AVENUE
42.25,161,Manhattan,FDR N 25th - 63rd St
49.7,57,Staten Island,WSE S SOUTH AVENUE - VICTORY BOULEVARD
36.03,153,Manhattan,LINCOLN TUNNEL E SOUTH TUBE - NJ - NY
39.14,114,Bronx,MDE S HARLEM RIVER PARK - GWB W AMSTERDAM AVENUE LOWER LEVEL
52.81,87,Bronx,BE N STRATFORD AVENUE - CASTLE HILL AVE
11.8,359,Bronx,MDE S HARLEM RIVER PARK - GWB W AMSTERDAM AVENUE UPPER LEVEL
19.88,265,Manhattan,11th ave n ganservoort - 12th ave @ 40th st
0.0,0,Brooklyn,GOW N 92ND STREET - 7TH AVENUE
0.0,0,Staten Island,MLK S - SIE W WALKER STREET - RICHMOND AVENUE
0.0,0,Manhattan,BQE N Atlantic Ave - MAN Bridge Manhattan Side
8.07,898,Queens,TBB N QUEENS ANCHORAGE - BE N
40.38,169,Manhattan,FDR S 63rd - 25th St
0.0,0,Bronx,BRP S FORDHAM ROAD - WATSON AVENUE
52.19,208,Queens,CVE NB LIE - WILLETS PT BLVD
57.78,286,Queens,CVE NB GCP - WILLETS PT BLVD
12.42,452,Manhattan,West St S Spring St - BBT Manhattan Portal outbound
33.55,203,Manhattan,FDR N 25th - 63rd St
53.43,134,Brooklyn,BQE N LEONARD STREET - 46TH STREET
0.0,0,Staten Island,SIE W - MLK N WOOLEY AVENUE - WLAKER STREET
57.16,93,Queens,VWE N MP8.64 (Exit 13 Northern Blvd) - Whitestone Expwy Exit 14 (Linden Pl)
38.52,55,Staten island,VNB W-SIE W SI GANTRY UPPER LEVEL - FINGERBOARD ROAD
6.21,504,Manhattan,11th ave s ganservoort - west st @ spring st
49.7,157,Staten Island,WSE S VICTORY BOULEVARD - ARDEN AVENUE
46.6,54,Bronx,BWB N Toll Plaza - HRP N Lafayatte Ave
56.54,78,Bronx,BE S CASTLE HILL AVENUE - STRATFORD AVENUE
0.0,0,Brooklyn,BQE S - GOW S ALTANTIC AVENUE - 9TH STREET
56.54,163,Queens,Belt Pkwy E 182nd St - Laurelton Pkwy N @ SSP
44.73,47,Brooklyn,VNB E-GOWANUS N BROOKLYN GANTRY UPPER LEVEL - 92ND STREET
57.16,288,Queens,CVE NB GCP - WILLETS PT BLVD
0.0,0,Manhattan,BQE N Atlantic Ave - BKN Bridge Manhattan Side
19.88,217,Bronx,CBE W MORRIS AVE - GWB W AMSTERDAM AVE (L/LVL)
46.6,30,Staten Island,SIE W BRADLEY AVENUE - WOOLEY AVENUE
11.18,1041,Queens,Belt Pkwy W JFK Expressway - VWE N Jamaica Ave
50.95,105,Queens,VWE N MP6.39 (Exit 11 Jewel Ave) - MP8.65 (Exit 13 Northern Blvd)
14.91,334,Queens,LIE E 84TH ST - 108TH ST
7.45,918,Queens,TNB S Toll Plaza - Queens Anchorage
32.93,271,Queens,VWE N MP4.63 (Exit 6 - Jamaica Ave) - MP6.39 (Exit 11 Jewel Ave)
57.78,43,Bronx,CBE W CASTLE HILL AVENUE - TAYLOR AVENUE
22.99,133,Queens,BE S TBB EXIT RAMP - MANHATTAN LIFT SPAN
0.0,0,Staten Island,MLK S - SIE E WALKER STREET - WOOLEY AVENUE
56.54,47,Staten Island,SIE E SOUTH AVENUE - RICHMOND AVENUE
0.0,0,Brooklyn,GOW N 7TH AVENUE - 9TH STREET
49.08,58,Staten Island,WSE S SOUTH AVENUE - VICTORY BOULEVARD
44.11,57,Bronx,HRP S Lafayette Ave - BWB S Toll Plaza
55.92,79,Bronx,HRP N LAFAYETTE AVENUE - E TREMONT AVENUE
44.11,48,Brooklyn,GOW S VNB W 92ND STREET - BKLYN GANTRY UPPER LEVEL
55.3,119,Staten Island,SIE E BRADLEY AVENUE - CLOVE ROAD
21.74,196,Bronx,CBE E AMSTERDAM AVE(U/LVL) - MORRIS AVE
44.73,48,Brooklyn,VNB E-GOWANUS N BROOKLYN GANTRY UPPER LEVEL - 92ND STREET
50.95,389,Manhattan,Westside Hwy S GWB - 57th St
50.95,83,Brooklyn,GOW N 92ND STREET - 7TH AVENUE
52.81,95,Queens,LIE E 84TH ST - 108TH ST
4.34,873,Bronx,CBE W MORRIS AVE - GWB W AMSTERDAM AVE (U/LVL)
44.73,103,Brooklyn,VNB E SI GANTRY UPPER LEVEL - BROOKLYN GANTRY UPPER LEVEL
65.86,59,Staten Island,SIE W WOOLEY AVENUE - RICHMOND AVENUE
48.46,95,Brooklyn,VNB E SI GANTRY UPPER LEVEL - BROOKLYN GANTRY UPPER LEVEL
0.0,0,Staten Island,ROUTE 169 S - MLK WALKER STREET
37.28,221,Bronx,CBE W U/LEV AMSTERDAM AVE - I95 S EXP LNS
41.63,180,Queens,TBB S MANHATTAN LIFT SPAN - QUEENS ANCHORAGE
46.6,197,Queens,Belt Pkwy E 182nd St - Laurelton Pkwy N @ SSP
0.0,0,Brooklyn,GOW S 7TH AVENUE - 92ND STREET
46.6,138,Queens,BWB S Queens Anchorage - WSE S Exit 14 (Linden Pl)
52.19,131,Queens,VWE S MP4.63 (Exit 6 Jamaica Ave) - MP2.66 (Exit 2 Roackaway Blvd)
48.46,159,Staten Island,WSE S TYRELLAN AVENUE - 440 S FRANCIS STREET
0.0,0,Brooklyn,GOW N 9TH STREET - ATLANTIC AVENUE
19.88,269,Manhattan,11th ave n ganservoort - 12th ave @ 40th st
0.0,0,Staten Island,MLK N WALKER STREET - NJ ROUTE 169
41.01,183,Queens,TBB S MANHATTAN LIFT SPAN - QUEENS ANCHORAGE
45.36,166,Queens,TBB S MANHATTAN LIFT SPAN - QUEENS ANCHORAGE
55.3,112,Staten Island,WSE S BLLOMINGDALE ROAD - TYRELLAN AVENUE
44.11,105,Bronx,BWB S Toll Plaza - Queens Anchorage
34.79,158,Bronx,BRP N WATSON AVENUE - FORDHAM ROAD
57.16,47,Staten Island,SIE E SOUTH AVENUE - RICHMOND AVENUE
10.56,400,Bronx,CBE AMSTERDAM AVE (L/LVL) - MORRIS AVE
40.38,125,Bronx,MDE N RFK Bridge - 142nd St
20.5,205,Brooklyn,GOW N 92ND STREET - 7TH AVENUE
51.57,31,Staten Island,SIE E WOOLEY AVENUE - BRADLEY AVENUE
0.0,0,Brooklyn,GOW S 9TH STREET - 7TH AVENUE
54.05,47,Bronx,CBE E TAYLOR AVENUE - CASTLE HILL AVENUE
39.14,95,Queens,Belt Pkwy W 182nd St - JFK Expressway
1.86,2650,Manhattan,LINCOLN TUNNEL E CENTER TUBE NJ - NY
34.79,113,Queens,LIE WB LITTLE NECK PKWY - NB CIP
0.0,0,Manhattan,BQE N Atlantic Ave - MAN Bridge Manhattan Side
45.36,165,Queens,TBB S MANHATTAN LIFT SPAN - QUEENS ANCHORAGE
46.6,246,Queens,CIP N TNB - Whitestone Expwy S Exit 14 (Linden Pl)
0.0,0,Staten Island,SIE E-MLK N RICHMOND AVENUE - WALKER STREET
37.28,184,Manhattan,FDR S 63rd - 25th St
56.54,131,Bronx,BE N Castle Hill Avenue - Griswold Ave
50.95,84,Brooklyn,GOW N 92ND STREET - 7TH AVENUE
43.49,99,Brooklyn,GOW S 7TH AVENUE - 92ND STREET
0.0,0,Brooklyn,GOW S 9TH STREET - 7TH AVENUE
59.03,48,Staten Island,SIE W RICHMOND AVENUE - SOUTH AVENUE
34.17,126,Bronx,CBE AMSTERDAM AVE (L/LVL) - MORRIS AVE
22.36,193,Bronx,MDE S HARLEM RIVER PARK - GWB W AMSTERDAM AVENUE UPPER LEVEL
57.78,120,Staten Island,SIE W - WSE S SOUTH AVENUE - SOUTH AVENUE
54.05,109,Staten Island,SIE W FINGERBOARD ROAD - CLOVE ROAD
37.28,292,Queens,CIP N Hempstead Tpk - LIE
54.05,141,Staten Island,WSE S TYRELLAN AVENUE - 440 S FRANCIS STREET
21.74,241,Manhattan,QMT E Manhattan Side - Toll Plaza
45.98,161,Bronx,BE N Castle Hill Avenue - Griswold Ave
24.85,334,Bronx,CBE W U/LEV AMSTERDAM AVE - I95 S EXP LNS
33.55,71,Manhattan,TBB W - FDR S MANHATTAN TRUSS - E116TH STREET
51.57,89,Bronx,BE N STRATFORD AVENUE - CASTLE HILL AVE
47.22,162,Staten Island,440 N FRANCIS STREET - WSE N TYRELLAN AVE
26.09,163,Bronx,CBE AMSTERDAM AVE (L/LVL) - MORRIS AVE
49.7,126,Staten Island,WSE S BLLOMINGDALE ROAD - TYRELLAN AVENUE
54.05,132,Brooklyn,BQE N LEONARD STREET - 46TH STREET
0.0,0,Brooklyn,BQE S - GOW S ALTANTIC AVENUE - 9TH STREET
49.08,109,Queens,VWE S MP8.65 (Exit 13 Northern Blvd) - MP6.39 (Exit 11 Jewel Ave)
54.05,150,Bronx,I-87 NYST S Exit 1 - MDE S Van Cortlandt Park
13.04,243,Manhattan,12th Ave N 40th - 57th St
39.76,135,Queens,VWE N MP8.64 (Exit 13 Northern Blvd) - Whitestone Expwy Exit 14 (Linden Pl)
0.0,0,Manhattan,BQE N Atlantic Ave - BKN Bridge Manhattan Side
29.82,185,Manhattan,LINCOLN TUNNEL E CENTER TUBE NJ - NY
17.39,301,Queens,QMT W Toll Plaza - Manhattan Side
18.01,567,Manhattan,FDR N Catherine Slip - 25th St
0.0,0,Bronx,BRP S FORDHAM ROAD - WATSON AVENUE
56.54,79,Bronx,HRP N LAFAYETTE AVENUE - E TREMONT AVENUE
35.41,121,Bronx,CBE W MORRIS AVE - GWB W AMSTERDAM AVE (L/LVL)
0.0,0,Queens,BE S TBB EXIT RAMP - QUEENS ANCHORAGE
35.41,65,Staten Island,SIE E VNB E FINGERBOARD ROAD - SI GANTRY LOWER LEVEL
6.83,798,Manhattan,LINCOLN TUNNEL E CENTER TUBE NJ - NY
59.65,54,Staten Island,WSE N VICTORY BLVD - SOUTH AVENUE
29.2,351,Manhattan,FDR S 25th St - Catherine Slip
55.3,124,Queens,TNB N Queens Anchorage - Toll Plaza
0.0,0,Brooklyn,GOW S 9TH STREET - 7TH AVENUE
49.7,145,Queens,MDE S TBB EXIT RAMP - QUEENS ANCHORAGE
52.19,48,Bronx,BWB N Toll Plaza - HRP N Lafayatte Ave
45.36,102,Brooklyn,VNB E SI GANTRY UPPER LEVEL - BROOKLYN GANTRY UPPER LEVEL
0.0,0,Bronx,BRP S FORDHAM ROAD - WATSON AVENUE
52.81,41,Queens,CIP N ramp to TNB - TNB Queens Anchorage
46.6,130,Staten Island,WSE N-SIE E SOUTH AVENUE - SOUTH AVENUE
42.87,100,Brooklyn,GOW S 7TH AVENUE - 92ND STREET
53.43,86,Bronx,BE N STRATFORD AVENUE - CASTLE HILL AVE
46.6,423,Manhattan,Westside Hwy S GWB - 57th St
0.0,0,Manhattan,BQE N Atlantic Ave - BKN Bridge Manhattan Side
64.62,80,Staten Island,WSE S ARDEN AVENUE - BLOOMINGDALE ROAD
7.45,858,Manhattan,BBT E Manhattan Portal - Toll Plaza
41.01,52,Brooklyn,GOW S VNB W 92ND STREET - BKLYN GANTRY UPPER LEVEL
33.55,152,Bronx,MDE N RFK Bridge - 142nd St
0.0,0,Manhattan,BQE N Atlantic Ave - MAN Bridge Manhattan Side
0.0,0,Staten Island,MLK S - SIE E WALKER STREET - WOOLEY AVENUE
53.43,128,Queens,TNB S Toll Plaza - Queens Anchorage
45.98,155,Brooklyn,BQE S 46TH STREET - LEONARD STREET
34.17,70,Manhattan,TBB W - FDR S MANHATTAN TRUSS - E116TH STREET
61.51,113,Staten Island,SIE W - WSE S SOUTH AVENUE - SOUTH AVENUE
8.69,465,Bronx,CBE W MORRIS AVE - GWB W AMSTERDAM AVE (U/LVL)
59.03,87,Staten Island,WSE S ARDEN AVENUE - BLOOMINGDALE ROAD
56.54,138,Staten Island,WSE S VICTORY BOULEVARD - ARDEN AVENUE
0.0,0,Staten Island,SIE W - MLK N WOOLEY AVENUE - WLAKER STREET
4.34,886,Bronx,CBE W MORRIS AVE - GWB W AMSTERDAM AVE (U/LVL)
55.3,290,Queens,CIP NB GCP - TNB
39.76,139,Queens,Whitestone Expwy S Exit 14 (Linden Pl) - VWE S MP8.65 (Exit 13 Northern Blvd)
54.68,85,Brooklyn,VNB W BROOKLYN GANTRY UPPER LEVEL - SI GANTRY UPPER LEVEL
44.11,161,Brooklyn,BQE S 46TH STREET - LEONARD STREET
29.82,402,Queens,Belt Pkwy W JFK Expressway - VWE N Jamaica Ave
29.2,127,Queens,Belt Pkwy W 182nd St - JFK Expressway
16.15,322,Manhattan,QMT E Manhattan Side - Toll Plaza
57.16,69,Staten Island,SIE W WOOLEY AVENUE - RICHMOND AVENUE
50.33,78,Queens,LIE WB LITTLE NECK PKWY - NB CIP
57.16,106,Staten Island,WSE N-SIE E SOUTH AVENUE - SOUTH AVENUE
28.58,92,Manhattan,FDR S Catherine Slip - BKN Bridge Manhattan Side
11.8,539,Manhattan,12th ave @ 45th - 11 ave ganservoort st
40.38,136,Manhattan,LINCOLN TUNNEL E SOUTH TUBE - NJ - NY
0.0,0,Brooklyn,BQE S - GOW S ALTANTIC AVENUE - 9TH STREET
44.11,85,Queens,Belt Pkwy W 182nd St - JFK Expressway
13.67,456,Manhattan,12th ave @ 45th - 11 ave ganservoort st
44.73,186,Bronx,CBE W U/LEV AMSTERDAM AVE - I95 S EXP LNS
1.86,2896,Manhattan,BBT E Manhattan Portal - Toll Plaza
44.11,161,Brooklyn,BQE N LEONARD STREET - 46TH STREET
9.94,757,Queens,Laurelton Pkwy N @ SSP - CIP N Hempstead Tpk
36.66,120,Bronx,BE S CASTLE HILL AVENUE - STRATFORD AVENUE
23.61,348,Bronx,CBE W U/LEV AMSTERDAM AVE - I95 S EXP LNS
8.07,745,Manhattan,12th ave @ 45th - 11 ave ganservoort st
5.59,739,Brooklyn,GOW S 7TH AVENUE - 92ND STREET
52.19,126,Staten Island,SIE E BRADLEY AVENUE - CLOVE ROAD
65.86,59,Staten Island,SIE W WOOLEY AVENUE - RICHMOND AVENUE
43.49,49,Brooklyn,GOW S VNB W 92ND STREET - BKLYN GANTRY UPPER LEVEL
48.46,95,Brooklyn,VNB W BROOKLYN GANTRY UPPER LEVEL - SI GANTRY UPPER LEVEL
47.84,89,Bronx,CBE W MORRIS AVE - GWB W AMSTERDAM AVE (U/LVL)
55.3,124,Queens,TNB S Toll Plaza - Queens Anchorage
0.0,0,Brooklyn,GOW N 7TH AVENUE - 9TH STREET
33.55,158,Queens,QMT W Toll Plaza - Manhattan Side
50.33,78,Queens,LIE WB LITTLE NECK PKWY - NB CIP
19.26,237,Brooklyn,VNB E SI GANTRY UPPER LEVEL - BROOKLYN GANTRY UPPER LEVEL
0.0,0,Brooklyn,GOW S 9TH STREET - 7TH AVENUE
15.53,206,Manhattan,12th Ave N 40th - 57th St
53.43,216,Queens,CIP N TNB - Whitestone Expwy S Exit 14 (Linden Pl)
43.49,32,Staten Island,SIE W BRADLEY AVENUE - WOOLEY AVENUE
44.73,206,Queens,Laurelton Pkwy S @ SSP - Belt Pkwy W 182nd St
53.43,155,Bronx,CBE E CASTLE HILL AVE - BE N WATERBURY AVE
42.25,243,Manhattan,FDR N Catherine Slip - 25th St
0.0,0,Staten Island,MLK N WALKER STREET - NJ ROUTE 169
8.69,629,Manhattan,LINCOLN TUNNEL W CENTER TUBE NY - NJ
22.99,229,Manhattan,QMT E Manhattan Side - Toll Plaza
22.36,304,Queens,VWE S MP4.63 (Exit 6 Jamaica Ave) - MP2.66 (Exit 2 Roackaway Blvd)
0.0,0,Staten Island,MLK N WALKER STREET - NJ ROUTE 169
0.0,0,Queens,BE S TBB EXIT RAMP - QUEENS ANCHORAGE
41.63,132,Bronx,BRP N WATSON AVENUE - FORDHAM ROAD
54.05,52,Staten Island,WSE S SOUTH AVENUE - VICTORY BOULEVARD
16.77,313,Manhattan,QMT E Manhattan Side - Toll Plaza
16.77,326,Manhattan,LINCOLN TUNNEL E CENTER TUBE NJ - NY
50.95,108,Queens,Whitestone Expwy S Exit 14 (Linden Pl) - VWE S MP8.65 (Exit 13 Northern Blvd)
44.73,48,Brooklyn,GOW S VNB W 92ND STREET - BKLYN GANTRY UPPER LEVEL
58.4,85,Staten Island,WSE N BLOOMUINGDALE ROAD - ARDEN AVENUE
56.54,293,Queens,CVE NB GCP - WILLETS PT BLVD
57.16,81,Bronx,BE N STRATFORD AVENUE - CASTLE HILL AVE
50.33,152,Staten Island,440 N FRANCIS STREET - WSE N TYRELLAN AVE
41.01,74,Queens,BE S TBB EXIT RAMP - MANHATTAN LIFT SPAN
0.0,0,Bronx,BRP S FORDHAM ROAD - WATSON AVENUE
18.64,232,Bronx,MDE S HARLEM RIVER PARK - GWB W AMSTERDAM AVENUE UPPER LEVEL
23.61,208,Queens,LIE W 108TH ST - 84TH ST
57.16,142,Bronx,I-87 NYST S Exit 1 - MDE S Van Cortlandt Park
44.11,116,Bronx,MDE N RFK Bridge - 142nd St
0.0,0,Staten Island,ROUTE 169 S - MLK WALKER STREET
43.49,53,Staten Island,SIE E VNB E FINGERBOARD ROAD - SI GANTRY LOWER LEVEL
50.95,146,Staten Island,WSE N TYRELLAN AVENUE - BLOOMINGDALE ROAD
54.05,115,Staten Island,WSE S BLLOMINGDALE ROAD - TYRELLAN AVENUE
60.27,115,Staten Island,SIE W - WSE S SOUTH AVENUE - SOUTH AVENUE
49.08,44,Queens,CIP N ramp to TNB - TNB Queens Anchorage
52.81,111,Staten Island,SIE W FINGERBOARD ROAD - CLOVE ROAD
42.87,54,Staten Island,SIE E VNB E FINGERBOARD ROAD - SI GANTRY LOWER LEVEL
43.49,106,Bronx,BWB S Toll Plaza - Queens Anchorage
51.57,86,Bronx,HRP N LAFAYETTE AVENUE - E TREMONT AVENUE
47.22,90,Brooklyn,GOW N 92ND STREET - 7TH AVENUE
49.7,155,Staten Island,WSE S TYRELLAN AVENUE - 440 S FRANCIS STREET
50.33,143,Queens,MDE S TBB EXIT RAMP - QUEENS ANCHORAGE
23.61,216,Bronx,MDE N RFK Bridge - 142nd St
9.94,461,Bronx,BWB S Toll Plaza - Queens Anchorage
50.33,92,Bronx,BWB S Toll Plaza - Queens Anchorage
57.16,103,Staten Island,SIE W FINGERBOARD ROAD - CLOVE ROAD
42.87,457,Manhattan,Westside Hwy N 57th St - GWB
54.05,115,Staten Island,WSE S BLLOMINGDALE ROAD - TYRELLAN AVENUE
6.21,379,Bronx,CBE W CASTLE HILL AVENUE - TAYLOR AVENUE
17.39,151,Manhattan,FDR S Catherine Slip - BKN Bridge Manhattan Side
49.7,86,Brooklyn,GOW S 7TH AVENUE - 92ND STREET
32.31,88,Staten Island,SIE W RICHMOND AVENUE - SOUTH AVENUE
46.6,46,Brooklyn,VNB E-GOWANUS N BROOKLYN GANTRY UPPER LEVEL - 92ND STREET
43.49,58,Bronx,HRP S Lafayette Ave - BWB S Toll Plaza
47.84,187,Queens,VWE N MP4.63 (Exit 6 - Jamaica Ave) - MP6.39 (Exit 11 Jewel Ave)
56.54,47,Queens,TNB S Qns Anchorage - CIP S @ TNB
12.42,334,Bronx,CBE AMSTERDAM AVE (L/LVL) - MORRIS AVE
54.05,49,Queens,TNB S Qns Anchorage - CIP S @ TNB
42.87,116,Queens,LIE E 84TH ST - 108TH ST
36.03,72,Manhattan,BKN Bridge Manhattan Side - FDR N Catherine Slip
15.53,466,Queens,TBB N QUEENS ANCHORAGE - BE N
26.09,96,Bronx,HRP S Lafayette Ave - BWB S Toll Plaza
0.0,0,Manhattan,BBT E Manhattan Portal - Toll Plaza
24.85,104,Manhattan,BKN Bridge Manhattan Side - FDR N Catherine Slip
39.76,275,Queens,CVE NB LIE - WILLETS PT BLVD
59.65,54,Staten Island,WSE N VICTORY BLVD - SOUTH AVENUE
0.0,0,Brooklyn,GOW N 9TH STREET - ATLANTIC AVENUE
66.48,59,Staten Island,SIE W WOOLEY AVENUE - RICHMOND AVENUE
50.95,104,Queens,VWE N MP8.64 (Exit 13 Northern Blvd) - Whitestone Expwy Exit 14 (Linden Pl)
60.89,114,Staten Island,SIE W - WSE S SOUTH AVENUE - SOUTH AVENUE
16.77,332,Bronx,BRP N WATSON AVENUE - FORDHAM ROAD
19.26,260,Bronx,MDE N RFK Bridge - 142nd St
55.3,166,Queens,Laurelton Pkwy S @ SSP - Belt Pkwy W 182nd St
45.36,47,Brooklyn,GOW S VNB W 92ND STREET - BKLYN GANTRY UPPER LEVEL
37.28,86,Staten Island,WSE N VICTORY BLVD - SOUTH AVENUE
55.92,109,Staten Island,WSE N-SIE E SOUTH AVENUE - SOUTH AVENUE
52.19,106,Staten Island,SIE E CLOVE ROAD - FINGERBOARD ROAD
15.53,761,Queens,Belt Pkwy W JFK Expressway - VWE N Jamaica Ave
39.76,60,Manhattan,TBB W - FDR S MANHATTAN TRUSS - E116TH STREET
44.11,57,Bronx,BWB N Toll Plaza - HRP N Lafayatte Ave
3.72,573,Manhattan,12th Ave S 57th St - 45th St
57.78,44,Bronx,CBE W CASTLE HILL AVENUE - TAYLOR AVENUE
39.14,54,Brooklyn,GOW S VNB W 92ND STREET - BKLYN GANTRY UPPER LEVEL
0.0,0,Staten Island,MLK S - SIE W WALKER STREET - RICHMOND AVENUE
44.73,104,Brooklyn,VNB E SI GANTRY UPPER LEVEL - BROOKLYN GANTRY UPPER LEVEL
45.36,254,Queens,CIP N TNB - Whitestone Expwy S Exit 14 (Linden Pl)
31.68,381,Queens,Belt Pkwy W JFK Expressway - VWE N Jamaica Ave
57.16,191,Queens,CIP S LIE - Hempstead Tpk
48.46,51,Bronx,BWB N Toll Plaza - HRP N Lafayatte Ave
41.63,111,Brooklyn,VNB E SI GANTRY UPPER LEVEL - BROOKLYN GANTRY UPPER LEVEL
0.0,0,Brooklyn,GOW N 92ND STREET - 7TH AVENUE
17.39,505,Queens,VWE S MP6.39 (Exit 11 Jewel Ave) - MP4.63 (Exit 6 Jamaica Ave)
32.93,114,Queens,Belt Pkwy W 182nd St - JFK Expressway
36.66,323,Queens,CIP N LIE ramp - TNB
63.37,82,Staten Island,WSE S ARDEN AVENUE - BLOOMINGDALE ROAD
54.68,117,Queens,BWB S Queens Anchorage - WSE S Exit 14 (Linden Pl)
0.0,0,Manhattan,BBT E Manhattan Portal - Toll Plaza
41.01,134,Bronx,BRP N WATSON AVENUE - FORDHAM ROAD
44.11,48,Brooklyn,GOW S VNB W 92ND STREET - BKLYN GANTRY LOWER LEVEL
1.24,4445,Manhattan,West St S Spring St - BBT Manhattan Portal outbound
13.67,513,Queens,MDE S TBB EXIT RAMP - QUEENS ANCHORAGE
47.22,98,Brooklyn,VNB E SI GANTRY LOWER LEVEL - BROOLKYN GANTRY LOWER LEVEL
0.0,0,Staten Island,SIE E-MLK N RICHMOND AVENUE - WALKER STREET
51.57,212,Queens,CIP S LIE - Hempstead Tpk
62.13,63,Staten Island,SIE W WOOLEY AVENUE - RICHMOND AVENUE
13.04,373,Manhattan,LINCOLN TUNNEL W NORTH TUBE NY - NJ
50.95,49,Bronx,BWB N Toll Plaza - HRP N Lafayatte Ave
60.27,266,Queens,CIP NB GCP - TNB
0.0,0,Manhattan,BQE N Atlantic Ave - MAN Bridge Manhattan Side
44.73,47,Brooklyn,VNB E-GOWANUS N BROOKLYN GANTRY LOWER LEVEL - 92ND STREET
41.01,56,Staten Island,SIE E VNB E FINGERBOARD ROAD - SI GANTRY LOWER LEVEL
0.0,0,Staten Island,MLK S - SIE E WALKER STREET - WOOLEY AVENUE
54.68,301,Queens,CVE NB GCP - WILLETS PT BLVD
52.81,30,Staten Island,SIE E WOOLEY AVENUE - BRADLEY AVENUE
47.84,44,Brooklyn,GOW S VNB W 92ND STREET - BKLYN GANTRY LOWER LEVEL
0.0,0,Staten Island,MLK S - SIE W WALKER STREET - RICHMOND AVENUE
41.01,56,Staten Island,SIE E VNB E FINGERBOARD ROAD - SI GANTRY LOWER LEVEL
26.09,205,Queens,QMT W Toll Plaza - Manhattan Side
8.69,484,Bronx,MDE S HARLEM RIVER PARK - GWB W AMSTERDAM AVENUE LOWER LEVEL
34.17,77,Manhattan,FDR S Catherine Slip - BKN Bridge Manhattan Side
39.76,499,Manhattan,Westside Hwy S GWB - 57th St
9.32,551,Manhattan,QMT E Manhattan Side - Toll Plaza
27.34,141,Queens,LIE WB LITTLE NECK PKWY - NB CIP
49.08,47,Staten Island,SIE E VNB E FINGERBOARD ROAD - SI GANTRY LOWER LEVEL
25.47,460,Queens,CIP N LIE ramp - TNB
18.01,567,Manhattan,FDR S 25th St - Catherine Slip
60.27,42,Bronx,CBE W CASTLE HILL AVENUE - TAYLOR AVENUE
44.73,213,Queens,LIE WB LITTLE NECK PKWY - NB CVE
24.23,295,Brooklyn,BQE N LEONARD STREET - 46TH STREET
50.95,41,Brooklyn,VNB E-GOWANUS N BROOKLYN GANTRY LOWER LEVEL - 92ND STREET
31.06,84,Manhattan,BKN Bridge Manhattan Side - FDR N Catherine Slip
45.98,162,Bronx,BE S Griswold - Castle Hill Avenue
30.44,332,Manhattan,FDR S 25th St - Catherine Slip
46.6,425,Manhattan,Westside Hwy S GWB - 57th St
46.6,46,Staten Island,VNB W-SIE W SI GANTRY LOWER LEVEL - FINGERBOARD ROAD
54.05,82,Bronx,BE S CASTLE HILL AVENUE - STRATFORD AVENUE
26.09,762,Manhattan,Westside Hwy S GWB - 57th St
3.72,1124,Bronx,CBE W MORRIS AVE - GWB W AMSTERDAM AVE (L/LVL)
45.98,97,Bronx,HRP N LAFAYETTE AVENUE - E TREMONT AVENUE
0.0,0,Manhattan,BQE N Atlantic Ave - MAN Bridge Manhattan Side
31.06,630,Manhattan,Westside Hwy S GWB - 57th St
0.0,0,Bronx,BRP S FORDHAM ROAD - WATSON AVENUE
4.34,918,Bronx,CBE W MORRIS AVE - GWB W AMSTERDAM AVE (L/LVL)
50.33,127,Queens,BWB S Queens Anchorage - WSE S Exit 14 (Linden Pl)
50.33,85,Brooklyn,GOW S 7TH AVENUE - 92ND STREET
4.34,959,Bronx,CBE W MORRIS AVE - GWB W AMSTERDAM AVE (U/LVL)
53.43,205,Queens,CIP S LIE - Hempstead Tpk
38.52,515,Manhattan,Westside Hwy N 57th St - GWB
49.7,150,Bronx,BE N Castle Hill Avenue - Griswold Ave
52.81,142,Bronx,BE S Griswold - Castle Hill Avenue
52.81,84,Bronx,BE S CASTLE HILL AVENUE - STRATFORD AVENUE
0.0,0,Staten Island,SIE W - MLK N WOOLEY AVENUE - WLAKER STREET
52.19,112,Staten Island,SIE W FINGERBOARD ROAD - CLOVE ROAD
53.43,26,Staten Island,SIE W BRADLEY AVENUE - WOOLEY AVENUE
52.19,119,Staten Island,WSE S BLLOMINGDALE ROAD - TYRELLAN AVENUE
0.0,0,Brooklyn,GOW S 9TH STREET - 7TH AVENUE
34.79,185,Manhattan,BBT W Toll Plaza - Manhattan Portal
44.11,57,Bronx,HRP S Lafayette Ave - BWB S Toll Plaza
49.08,47,Staten Island,SIE E VNB E FINGERBOARD ROAD - SI GANTRY LOWER LEVEL
16.77,255,Bronx,CBE AMSTERDAM AVE (L/LVL) - MORRIS AVE
39.14,61,Manhattan,FDR N - TBB E 116TH STREET - MANHATTAN TRUSS
50.95,162,Bronx,CBE E CASTLE HILL AVE - BE N WATERBURY AVE
0.0,0,Staten Island,MLK S - SIE W WALKER STREET - RICHMOND AVENUE
45.98,54,Bronx,BWB N Toll Plaza - HRP N Lafayatte Ave
0.0,0,Staten Island,MLK S - SIE E WALKER STREET - WOOLEY AVENUE
50.95,151,Staten Island,440 N FRANCIS STREET - WSE N TYRELLAN AVE
59.65,101,Staten Island,WSE N-SIE E SOUTH AVENUE - SOUTH AVENUE
0.0,0,Brooklyn,BQE S - GOW S ALTANTIC AVENUE - 9TH STREET
10.56,821,Queens,VWE S MP6.39 (Exit 11 Jewel Ave) - MP4.63 (Exit 6 Jamaica Ave)
55.92,45,Bronx,CBE W CASTLE HILL AVENUE - TAYLOR AVENUE
59.65,86,Staten Island,WSE S ARDEN AVENUE - BLOOMINGDALE ROAD
49.7,145,Queens,MDE S TBB EXIT RAMP - QUEENS ANCHORAGE
52.81,94,Staten Island,WSE N BLOOMUINGDALE ROAD - ARDEN AVENUE
41.63,55,Staten Island,SIE E VNB E FINGERBOARD ROAD - SI GANTRY LOWER LEVEL
37.9,139,Queens,VWE N MP8.64 (Exit 13 Northern Blvd) - Whitestone Expwy Exit 14 (Linden Pl)
37.9,181,Manhattan,FDR S 63rd - 25th St
0.0,0,Staten Island,SIE W - MLK N WOOLEY AVENUE - WLAKER STREET
8.69,494,Bronx,MDE S HARLEM RIVER PARK - GWB W AMSTERDAM AVENUE UPPER LEVEL
0.0,0,Brooklyn,BQE S - GOW S ALTANTIC AVENUE - 9TH STREET
55.92,80,Bronx,BE S CASTLE HILL AVENUE - STRATFORD AVENUE
58.4,134,Staten Island,WSE S VICTORY BOULEVARD - ARDEN AVENUE
52.81,175,Queens,Belt Pkwy E 182nd St - Laurelton Pkwy N @ SSP
65.86,78,Staten Island,WSE S ARDEN AVENUE - BLOOMINGDALE ROAD
40.38,52,Staten Island,VNB W-SIE W SI GANTRY LOWER LEVEL - FINGERBOARD ROAD
31.06,222,Staten Island,SIE W - WSE S SOUTH AVENUE - SOUTH AVENUE
11.18,560,Manhattan,12th ave @ 45th - 11 ave ganservoort st
0.0,0,Manhattan,BQE N Atlantic Ave - BKN Bridge Manhattan Side
53.43,144,Staten Island,440 N FRANCIS STREET - WSE N TYRELLAN AVE
52.19,136,Brooklyn,BQE S 46TH STREET - LEONARD STREET
52.19,142,Manhattan,GWB E LOWER LEVEL PLAZA - CBE E LOWER LEVEL AMSTERDAM AVE
53.43,53,Staten Island,SIE W RICHMOND AVENUE - SOUTH AVENUE
16.15,414,Queens,VWE S MP4.63 (Exit 6 Jamaica Ave) - MP2.66 (Exit 2 Roackaway Blvd)
65.24,79,Staten Island,WSE S ARDEN AVENUE - BLOOMINGDALE ROAD
46.6,247,Queens,CIP N TNB - Whitestone Expwy S Exit 14 (Linden Pl)
0.0,0,Staten Island,ROUTE 169 S - MLK WALKER STREET
49.08,155,Queens,CIP S Hempstead Tpk - Laurelton Pkwy @ SSP
45.98,209,Queens,LIE WB LITTLE NECK PKWY - NB CVE
41.63,51,Staten island,VNB W-SIE W SI GANTRY UPPER LEVEL - FINGERBOARD ROAD
47.84,52,Bronx,CBE E TAYLOR AVENUE - CASTLE HILL AVENUE
0.0,0,Queens,BE S TBB EXIT RAMP - QUEENS ANCHORAGE
0.0,0,Manhattan,BBT W Toll Plaza - Manhattan Portal
49.08,94,Queens,BWB N Queens Anchorage - Toll Plaza
5.59,732,Bronx,MDE S HARLEM RIVER PARK - GWB W AMSTERDAM AVENUE UPPER LEVEL
45.36,63,Staten Island,WSE S SOUTH AVENUE - VICTORY BOULEVARD
29.82,344,Manhattan,FDR N Catherine Slip - 25th St
55.92,51,Staten Island,SIE W RICHMOND AVENUE - SOUTH AVENUE
0.0,0,Staten Island,MLK N WALKER STREET - NJ ROUTE 169
35.41,156,Manhattan,LINCOLN TUNNEL E SOUTH TUBE - NJ - NY
52.81,88,Brooklyn,VNB E SI GANTRY LOWER LEVEL - BROOLKYN GANTRY LOWER LEVEL
22.36,486,Queens,CIP S LIE - Hempstead Tpk
17.39,406,Brooklyn,BQE S 46TH STREET - LEONARD STREET
26.09,100,Manhattan,BKN Bridge Manhattan Side - FDR N Catherine Slip
14.29,154,Manhattan,12th Ave S 57th St - 45th St
44.73,103,Bronx,BWB S Toll Plaza - Queens Anchorage
0.0,0,Brooklyn,GOW S 9TH STREET - 7TH AVENUE
9.94,316,Manhattan,12th Ave N 40th - 57th St
47.84,161,Staten Island,WSE S TYRELLAN AVENUE - 440 S FRANCIS STREET
59.65,54,Staten Island,WSE N VICTORY BLVD - SOUTH AVENUE
49.7,28,Staten Island,SIE W BRADLEY AVENUE - WOOLEY AVENUE
4.34,904,Bronx,CBE W MORRIS AVE - GWB W AMSTERDAM AVE (L/LVL)
31.68,281,Queens,VWE S MP6.39 (Exit 11 Jewel Ave) - MP4.63 (Exit 6 Jamaica Ave)
57.78,105,Staten Island,WSE N-SIE E SOUTH AVENUE - SOUTH AVENUE
6.21,359,Manhattan,12th Ave S 57th St - 45th St
47.22,195,Queens,Laurelton Pkwy S @ SSP - Belt Pkwy W 182nd St
21.74,496,Queens,CIP N Hempstead Tpk - LIE
37.28,71,Queens,TNB S Qns Anchorage - CIP S @ TNB
55.92,82,Brooklyn,VNB W BROOKLYN GANTRY LOWER LEVEL - SI GANTRY LOWER LEVEL
53.43,87,Queens,BWB N Queens Anchorage - Toll Plaza
0.0,0,Staten Island,MLK S - SIE W WALKER STREET - RICHMOND AVENUE
18.64,141,Manhattan,FDR S Catherine Slip - BKN Bridge Manhattan Side
11.8,409,Manhattan,LINCOLN TUNNEL W NORTH TUBE NY - NJ
51.57,76,Staten Island,SIE E RICHMOND AVENUE - WOOLEY AVENUE
48.46,132,Queens,BWB S Queens Anchorage - WSE S Exit 14 (Linden Pl)
54.05,82,Bronx,HRP N LAFAYETTE AVENUE - E TREMONT AVENUE
47.22,91,Bronx,CBE W MORRIS AVE - GWB W AMSTERDAM AVE (U/LVL)
27.96,109,Queens,BE S TBB EXIT RAMP - MANHATTAN LIFT SPAN
40.38,187,Queens,CIP S Hempstead Tpk - Laurelton Pkwy @ SSP
40.38,106,Bronx,CBE W MORRIS AVE - GWB W AMSTERDAM AVE (U/LVL)
51.57,83,Brooklyn,GOW S 7TH AVENUE - 92ND STREET
54.05,164,Queens,VWE S MP6.39 (Exit 11 Jewel Ave) - MP4.63 (Exit 6 Jamaica Ave)
44.11,183,Queens,TBB N QUEENS ANCHORAGE - MANHATTAN LIFT SPAN
54.68,136,Staten Island,WSE N TYRELLAN AVENUE - BLOOMINGDALE ROAD
45.36,121,Bronx,BRP N WATSON AVENUE - FORDHAM ROAD
47.22,114,Queens,VWE N MP6.39 (Exit 11 Jewel Ave) - MP8.65 (Exit 13 Northern Blvd)
45.36,434,Manhattan,Westside Hwy S GWB - 57th St
49.08,80,Queens,LIE WB LITTLE NECK PKWY - NB CIP
53.43,110,Staten Island,SIE W FINGERBOARD ROAD - CLOVE ROAD
36.03,449,Queens,CIP NB GCP - TNB
52.81,51,Queens,TNB S Qns Anchorage - CIP S @ TNB
26.71,271,Queens,TBB N QUEENS ANCHORAGE - BE N
18.64,175,Manhattan,12th Ave N 40th - 57th St
42.87,109,Queens,BWB N Queens Anchorage - Toll Plaza
48.46,52,Bronx,CBE E TAYLOR AVENUE - CASTLE HILL AVENUE
45.36,178,Queens,TBB N QUEENS ANCHORAGE - MANHATTAN LIFT SPAN
52.81,130,Queens,TNB N Queens Anchorage - Toll Plaza
36.66,277,Manhattan,FDR N Catherine Slip - 25th St
49.08,52,Bronx,CBE E TAYLOR AVENUE - CASTLE HILL AVENUE
20.5,243,Queens,LIE E 84TH ST - 108TH ST
57.78,55,Staten Island,WSE N VICTORY BLVD - SOUTH AVENUE
0.0,0,Staten Island,MLK N WALKER STREET - NJ ROUTE 169
49.08,95,Brooklyn,VNB W BROOKLYN GANTRY UPPER LEVEL - SI GANTRY UPPER LEVEL
0.0,0,Manhattan,BBT E Manhattan Portal - Toll Plaza
42.87,54,Staten Island,SIE E VNB E FINGERBOARD ROAD - SI GANTRY UPPER LEVEL
47.22,229,Queens,CVE NB LIE - WILLETS PT BLVD
42.87,108,Bronx,BWB S Toll Plaza - Queens Anchorage
45.98,142,Staten Island,SIE E BRADLEY AVENUE - CLOVE ROAD
54.05,72,Staten Island,SIE E RICHMOND AVENUE - WOOLEY AVENUE
31.06,637,Manhattan,Westside Hwy N 57th St - GWB
45.36,141,Queens,Whitestone Expwy N Exit 14 (Linden Pl) - BWB N Queens Anchorage
0.62,5055,Manhattan,LINCOLN TUNNEL E CENTER TUBE NJ - NY
18.01,233,Bronx,CBE W MORRIS AVE - GWB W AMSTERDAM AVE (L/LVL)
0.0,0,Manhattan,LINCOLN TUNNEL E CENTER TUBE NJ - NY
34.79,158,Bronx,BRP N WATSON AVENUE - FORDHAM ROAD
21.74,193,Bronx,CBE E AMSTERDAM AVE(U/LVL) - MORRIS AVE
1.86,3196,Manhattan,BBT W Toll Plaza - Manhattan Portal
6.83,929,Manhattan,12th ave @ 45th - 11 ave ganservoort st
40.38,169,Manhattan,FDR S 63rd - 25th St
59.65,137,Bronx,I-87 NYST S Exit 1 - MDE S Van Cortlandt Park
49.7,86,Brooklyn,GOW N 92ND STREET - 7TH AVENUE
43.49,54,Manhattan,FDR N - TBB E 116TH STREET - MANHATTAN TRUSS
27.34,159,Bronx,MDE S HARLEM RIVER PARK - GWB W AMSTERDAM AVENUE UPPER LEVEL
0.0,0,Queens,TNB N Queens Anchorage - Toll Plaza
50.95,91,Bronx,BWB S Toll Plaza - Queens Anchorage
59.03,133,Staten Island,WSE S VICTORY BOULEVARD - ARDEN AVENUE
37.28,182,Manhattan,FDR N 25th - 63rd St
22.36,192,Bronx,CBE AMSTERDAM AVE (L/LVL) - MORRIS AVE
25.47,197,Manhattan,LINCOLN TUNNEL W NORTH TUBE NY - NJ
0.0,0,Brooklyn,BQE S - GOW S ALTANTIC AVENUE - 9TH STREET
44.73,181,Queens,TBB N QUEENS ANCHORAGE - MANHATTAN LIFT SPAN
49.08,131,Queens,Whitestone Expwy N Exit 14 (Linden Pl) - BWB N Queens Anchorage
47.22,45,Brooklyn,VNB E-GOWANUS N BROOKLYN GANTRY LOWER LEVEL - 92ND STREET
54.05,126,Queens,TNB N Queens Anchorage - Toll Plaza
0.0,0,Staten Island,MLK S - SIE W WALKER STREET - RICHMOND AVENUE
22.99,103,Manhattan,TBB W - FDR S MANHATTAN TRUSS - E116TH STREET
0.0,0,Bronx,BRP N WATSON AVENUE - FORDHAM ROAD
51.57,132,Manhattan,FDR S 63rd - 25th St
0.0,0,Staten Island,MLK S - SIE W WALKER STREET - RICHMOND AVENUE
0.0,0,Brooklyn,GOW S 9TH STREET - 7TH AVENUE
49.7,86,Brooklyn,GOW S 7TH AVENUE - 92ND STREET
0.0,0,Queens,TNB N Queens Anchorage - Toll Plaza
48.46,141,Manhattan,FDR N 25th - 63rd St
54.68,46,Bronx,CBE E TAYLOR AVENUE - CASTLE HILL AVENUE
19.88,411,Queens,TBB N QUEENS ANCHORAGE - MANHATTAN LIFT SPAN
45.98,427,Manhattan,Westside Hwy N 57th St - GWB
57.78,102,Staten Island,SIE W FINGERBOARD ROAD - CLOVE ROAD
56.54,104,Staten Island,SIE W FINGERBOARD ROAD - CLOVE ROAD
45.36,122,Staten Island,SIE E CLOVE ROAD - FINGERBOARD ROAD
50.95,115,Staten Island,SIE W FINGERBOARD ROAD - CLOVE ROAD
27.34,162,Bronx,MDE S HARLEM RIVER PARK - GWB W AMSTERDAM AVENUE LOWER LEVEL
52.19,184,Queens,LIE WB LITTLE NECK PKWY - NB CVE
52.19,141,Manhattan,GWB E LOWER LEVEL PLAZA - CBE E LOWER LEVEL AMSTERDAM AVE
32.31,239,Queens,Laurelton Pkwy N @ SSP - CIP N Hempstead Tpk
32.93,196,Manhattan,BBT E Manhattan Portal - Toll Plaza
0.0,0,Staten Island,MLK S - SIE E WALKER STREET - WOOLEY AVENUE
11.18,494,Manhattan,West St S Spring St - BBT Manhattan Portal outbound
28.58,247,Brooklyn,BQE N LEONARD STREET - 46TH STREET
26.09,209,Manhattan,LINCOLN TUNNEL W CENTER TUBE NY - NJ
53.43,173,Queens,Laurelton Pkwy S @ SSP - Belt Pkwy W 182nd St
53.43,87,Queens,BWB N Queens Anchorage - Toll Plaza
57.78,67,Staten Island,SIE W WOOLEY AVENUE - RICHMOND AVENUE
15.53,213,Manhattan,11th ave s ganservoort - west st @ spring st
29.82,179,Manhattan,QMT E Manhattan Side - Toll Plaza
54.68,49,Queens,TNB S Qns Anchorage - CIP S @ TNB
57.78,49,Staten Island,SIE W RICHMOND AVENUE - SOUTH AVENUE
57.16,78,Bronx,BE S CASTLE HILL AVENUE - STRATFORD AVENUE
55.3,83,Brooklyn,VNB E SI GANTRY LOWER LEVEL - BROOLKYN GANTRY LOWER LEVEL
49.08,87,Brooklyn,GOW N 92ND STREET - 7TH AVENUE
46.6,233,Queens,CVE NB LIE - WILLETS PT BLVD
13.04,926,Queens,Belt Pkwy W JFK Expressway - VWE N Jamaica Ave
55.3,48,Staten Island,SIE E SOUTH AVENUE - RICHMOND AVENUE
46.6,165,Staten Island,440 N FRANCIS STREET - WSE N TYRELLAN AVE
64.62,80,Staten Island,WSE S ARDEN AVENUE - BLOOMINGDALE ROAD
36.66,44,Staten Island,SIE E WOOLEY AVENUE - BRADLEY AVENUE
57.16,46,Staten Island,SIE E SOUTH AVENUE - RICHMOND AVENUE
13.67,574,Queens,Laurelton Pkwy N @ SSP - CIP N Hempstead Tpk
14.29,824,Queens,Belt Pkwy W JFK Expressway - VWE N Jamaica Ave
45.36,180,Queens,TBB N QUEENS ANCHORAGE - MANHATTAN LIFT SPAN
49.08,109,Queens,VWE S MP8.65 (Exit 13 Northern Blvd) - MP6.39 (Exit 11 Jewel Ave)
36.66,159,Staten Island,SIE W FINGERBOARD ROAD - CLOVE ROAD
18.01,299,Queens,Whitestone Expwy S Exit 14 (Linden Pl) - VWE S MP8.65 (Exit 13 Northern Blvd)
58.4,135,Staten Island,WSE N ARDEN AVENUE - VICTORY BLVD
14.29,336,Queens,LIE W 108TH ST - 84TH ST
0.0,0,Brooklyn,GOW N 9TH STREET - ATLANTIC AVENUE
20.5,586,Queens,Belt Pkwy W JFK Expressway - VWE N Jamaica Ave
24.85,353,Queens,VWE S MP6.39 (Exit 11 Jewel Ave) - MP4.63 (Exit 6 Jamaica Ave)
55.92,146,Bronx,I-87 NYST S Exit 1 - MDE S Van Cortlandt Park
0.0,0,Manhattan,BBT E Manhattan Portal - Toll Plaza
45.98,179,Bronx,CBE W U/LEV AMSTERDAM AVE - I95 S EXP LNS
14.91,372,Bronx,BRP N WATSON AVENUE - FORDHAM ROAD
38.52,198,Staten Island,WSE S TYRELLAN AVENUE - 440 S FRANCIS STREET
36.03,59,Staten island,VNB W-SIE W SI GANTRY UPPER LEVEL - FINGERBOARD ROAD
39.14,279,Queens,CVE NB LIE - WILLETS PT BLVD
38.52,132,Bronx,MDE N RFK Bridge - 142nd St
0.0,0,Staten Island,SIE W - MLK N WOOLEY AVENUE - WLAKER STREET
0.0,0,Manhattan,BQE N Atlantic Ave - MAN Bridge Manhattan Side
50.33,85,Bronx,CBE AMSTERDAM AVE (L/LVL) - MORRIS AVE
6.21,1131,Queens,TBB N QUEENS ANCHORAGE - BE N
53.43,84,Bronx,HRP N LAFAYETTE AVENUE - E TREMONT AVENUE
0.0,0,Staten Island,SIE W - MLK N WOOLEY AVENUE - WLAKER STREET
52.81,74,Staten Island,SIE E RICHMOND AVENUE - WOOLEY AVENUE
1.86,2618,Manhattan,West St S Spring St - BBT Manhattan Portal outbound
40.38,199,Queens,TBB N QUEENS ANCHORAGE - MANHATTAN LIFT SPAN
42.87,175,Queens,TBB S MANHATTAN LIFT SPAN - QUEENS ANCHORAGE
42.87,175,Queens,CIP S Hempstead Tpk - Laurelton Pkwy @ SSP
47.22,146,Queens,VWE S MP4.63 (Exit 6 Jamaica Ave) - MP2.66 (Exit 2 Roackaway Blvd)
14.91,282,Bronx,CBE AMSTERDAM AVE (L/LVL) - MORRIS AVE
58.4,104,Staten Island,WSE N-SIE E SOUTH AVENUE - SOUTH AVENUE
44.73,180,Queens,TBB N QUEENS ANCHORAGE - MANHATTAN LIFT SPAN
0.0,0,Queens,CVE NB GCP - WILLETS PT BLVD
8.69,700,Manhattan,12th ave @ 45th - 11 ave ganservoort st
6.21,693,Bronx,CBE W MORRIS AVE - GWB W AMSTERDAM AVE (U/LVL)
54.05,102,Staten Island,SIE E CLOVE ROAD - FINGERBOARD ROAD
52.81,87,Bronx,BWB S Toll Plaza - Queens Anchorage
67.1,77,Staten Island,WSE S ARDEN AVENUE - BLOOMINGDALE ROAD
45.36,437,Manhattan,Westside Hwy N 57th St - GWB
28.58,83,Manhattan,FDR N - TBB E 116TH STREET - MANHATTAN TRUSS
45.98,120,Bronx,BRP N WATSON AVENUE - FORDHAM ROAD
48.46,171,Bronx,CBE E CASTLE HILL AVE - BE N WATERBURY AVE
5.59,936,Manhattan,West St S Spring St - BBT Manhattan Portal outbound
43.49,49,Brooklyn,GOW S VNB W 92ND STREET - BKLYN GANTRY UPPER LEVEL
57.78,77,Bronx,HRP N LAFAYETTE AVENUE - E TREMONT AVENUE
27.96,93,Manhattan,BKN Bridge Manhattan Side - FDR N Catherine Slip
13.67,521,Brooklyn,BQE S 46TH STREET - LEONARD STREET
0.0,0,Staten Island,SIE E-MLK N RICHMOND AVENUE - WALKER STREET
57.78,141,Bronx,I-87 NYST S Exit 1 - MDE S Van Cortlandt Park
55.3,141,Staten Island,WSE S VICTORY BOULEVARD - ARDEN AVENUE
57.16,116,Staten Island,SIE E BRADLEY AVENUE - CLOVE ROAD
29.82,87,Manhattan,BKN Bridge Manhattan Side - FDR N Catherine Slip
7.45,712,Manhattan,LINCOLN TUNNEL E CENTER TUBE NJ - NY
42.25,109,Bronx,BWB S Toll Plaza - Queens Anchorage
56.54,88,Staten Island,WSE N BLOOMUINGDALE ROAD - ARDEN AVENUE
60.89,114,Staten Island,SIE W - WSE S SOUTH AVENUE - SOUTH AVENUE
45.98,156,Brooklyn,BQE N LEONARD STREET - 46TH STREET
50.95,83,Brooklyn,GOW N 92ND STREET - 7TH AVENUE
14.91,452,Queens,TNB S Toll Plaza - Queens Anchorage
47.22,45,Brooklyn,VNB E-GOWANUS N BROOKLYN GANTRY LOWER LEVEL - 92ND STREET
42.87,150,Manhattan,BBT W Toll Plaza - Manhattan Portal
48.46,88,Bronx,CBE W MORRIS AVE - GWB W AMSTERDAM AVE (U/LVL)
23.61,454,Queens,VWE S MP2.66 (Exit 2 Rockaway Blvd) - Belt Pkwy E 182nd St
40.38,57,Staten Island,SIE E VNB E FINGERBOARD ROAD - SI GANTRY LOWER LEVEL
17.39,316,Manhattan,LINCOLN TUNNEL E CENTER TUBE NJ - NY
27.34,194,Queens,QMT W Toll Plaza - Manhattan Side
45.98,58,Staten Island,SIE E SOUTH AVENUE - RICHMOND AVENUE
0.0,0,Queens,LIE WB LITTLE NECK PKWY - NB CIP
34.17,222,Queens,CIP S Hempstead Tpk - Laurelton Pkwy @ SSP
0.0,0,Staten Island,ROUTE 169 S - MLK WALKER STREET
0.0,0,Manhattan,12th Ave S 57th St - 45th St
49.7,102,Bronx,MDE N RFK Bridge - 142nd St
0.0,0,Staten Island,SIE W - MLK N WOOLEY AVENUE - WLAKER STREET
4.97,655,Manhattan,11th ave s ganservoort - west st @ spring st
44.11,48,Brooklyn,VNB E-GOWANUS N BROOKLYN GANTRY UPPER LEVEL - 92ND STREET
35.41,155,Queens,Whitestone Expwy S Exit 14 (Linden Pl) - VWE S MP8.65 (Exit 13 Northern Blvd)
40.38,195,Queens,Laurelton Pkwy N @ SSP - CIP N Hempstead Tpk
57.16,115,Staten Island,SIE E BRADLEY AVENUE - CLOVE ROAD
44.73,47,Brooklyn,GOW S VNB W 92ND STREET - BKLYN GANTRY LOWER LEVEL
51.57,89,Bronx,BWB S Toll Plaza - Queens Anchorage
0.0,0,Queens,BE S TBB EXIT RAMP - QUEENS ANCHORAGE
0.0,0,Staten Island,SIE W - MLK N WOOLEY AVENUE - WLAKER STREET
36.03,180,Manhattan,BBT W Toll Plaza - Manhattan Portal
24.85,301,Queens,TBB S MANHATTAN LIFT SPAN - QUEENS ANCHORAGE
48.46,44,Brooklyn,VNB E-GOWANUS N BROOKLYN GANTRY UPPER LEVEL - 92ND STREET
0.0,0,Brooklyn,GOW S VNB W 92ND STREET - BKLYN GANTRY UPPER LEVEL
51.57,83,Bronx,CBE W MORRIS AVE - GWB W AMSTERDAM AVE (L/LVL)
49.7,93,Brooklyn,VNB W BROOKLYN GANTRY LOWER LEVEL - SI GANTRY LOWER LEVEL
39.76,53,Staten Island,VNB W-SIE W SI GANTRY LOWER LEVEL - FINGERBOARD ROAD
51.57,120,Staten Island,WSE S BLLOMINGDALE ROAD - TYRELLAN AVENUE
52.19,54,Staten Island,WSE S SOUTH AVENUE - VICTORY BOULEVARD
52.19,51,Staten Island,SIE E SOUTH AVENUE - RICHMOND AVENUE
54.05,86,Brooklyn,VNB E SI GANTRY LOWER LEVEL - BROOLKYN GANTRY LOWER LEVEL
52.19,51,Staten Island,SIE E SOUTH AVENUE - RICHMOND AVENUE
60.27,116,Staten Island,SIE W - WSE S SOUTH AVENUE - SOUTH AVENUE
0.0,0,Brooklyn,BQE S 46TH STREET - LEONARD STREET
52.19,82,Brooklyn,GOW S 7TH AVENUE - 92ND STREET
46.6,107,Queens,LIE E 84TH ST - 108TH ST
51.57,82,Bronx,CBE AMSTERDAM AVE (L/LVL) - MORRIS AVE
11.8,467,Queens,Whitestone Expwy S Exit 14 (Linden Pl) - VWE S MP8.65 (Exit 13 Northern Blvd)
52.81,175,Queens,Laurelton Pkwy S @ SSP - Belt Pkwy W 182nd St
50.95,90,Brooklyn,VNB E SI GANTRY UPPER LEVEL - BROOKLYN GANTRY UPPER LEVEL
9.94,236,Manhattan,TBB W - FDR S MANHATTAN TRUSS - E116TH STREET
8.69,367,Manhattan,12th Ave N 40th - 57th St
29.2,89,Manhattan,BKN Bridge Manhattan Side - FDR N Catherine Slip
0.0,0,Brooklyn,BQE S 46TH STREET - LEONARD STREET
49.7,79,Staten Island,SIE E RICHMOND AVENUE - WOOLEY AVENUE
50.95,109,Queens,Whitestone Expwy S Exit 14 (Linden Pl) - VWE S MP8.65 (Exit 13 Northern Blvd)
64.0,61,Staten Island,SIE W WOOLEY AVENUE - RICHMOND AVENUE
53.43,99,Queens,VWE S MP8.65 (Exit 13 Northern Blvd) - MP6.39 (Exit 11 Jewel Ave)
55.92,164,Queens,Belt Pkwy E 182nd St - Laurelton Pkwy N @ SSP
45.36,117,Queens,VWE N MP8.64 (Exit 13 Northern Blvd) - Whitestone Expwy Exit 14 (Linden Pl)
35.41,253,Queens,VWE N MP4.63 (Exit 6 - Jamaica Ave) - MP6.39 (Exit 11 Jewel Ave)
50.33,92,Brooklyn,VNB E SI GANTRY UPPER LEVEL - BROOKLYN GANTRY UPPER LEVEL
51.57,83,Bronx,CBE W MORRIS AVE - GWB W AMSTERDAM AVE (L/LVL)
6.83,1024,Queens,TBB N QUEENS ANCHORAGE - BE N
31.06,234,Queens,TBB N QUEENS ANCHORAGE - BE N
50.95,84,Bronx,CBE AMSTERDAM AVE (L/LVL) - MORRIS AVE
46.6,45,Brooklyn,GOW S VNB W 92ND STREET - BKLYN GANTRY LOWER LEVEL
46.6,45,Brooklyn,GOW S VNB W 92ND STREET - BKLYN GANTRY UPPER LEVEL
8.07,851,Queens,BE S TBB EXIT RAMP - QUEENS ANCHORAGE
34.79,309,Queens,VWE S MP2.66 (Exit 2 Rockaway Blvd) - Belt Pkwy E 182nd St
41.63,183,Queens,CIP S Hempstead Tpk - Laurelton Pkwy @ SSP
49.08,101,Queens,LIE W 108TH ST - 84TH ST
53.43,205,Queens,CIP S LIE - Hempstead Tpk
59.03,78,Bronx,BE N STRATFORD AVENUE - CASTLE HILL AVE
37.28,57,Staten island,VNB W-SIE W SI GANTRY UPPER LEVEL - FINGERBOARD ROAD
37.28,57,Staten island,VNB W-SIE W SI GANTRY UPPER LEVEL - FINGERBOARD ROAD
0.0,0,Brooklyn,GOW S 9TH STREET - 7TH AVENUE
45.98,149,Queens,TNB N Queens Anchorage - Toll Plaza
28.58,224,Manhattan,BBT E Manhattan Portal - Toll Plaza
57.78,55,Staten Island,WSE N VICTORY BLVD - SOUTH AVENUE
54.05,138,Bronx,BE S Griswold - Castle Hill Avenue
57.16,28,Staten Island,SIE E WOOLEY AVENUE - BRADLEY AVENUE
41.01,113,Queens,BWB N Queens Anchorage - Toll Plaza
45.98,93,Bronx,CBE E AMSTERDAM AVE(U/LVL) - MORRIS AVE
40.38,105,Bronx,CBE E AMSTERDAM AVE(U/LVL) - MORRIS AVE
8.07,523,Bronx,MDE S HARLEM RIVER PARK - GWB W AMSTERDAM AVENUE UPPER LEVEL
55.3,136,Staten Island,WSE N TYRELLAN AVENUE - BLOOMINGDALE ROAD
57.16,28,Staten Island,SIE E WOOLEY AVENUE - BRADLEY AVENUE
50.33,92,Brooklyn,VNB W BROOKLYN GANTRY UPPER LEVEL - SI GANTRY UPPER LEVEL
34.17,208,Brooklyn,BQE N LEONARD STREET - 46TH STREET
0.0,0,Brooklyn,GOW S 7TH AVENUE - 92ND STREET
16.15,324,Manhattan,11th ave n ganservoort - 12th ave @ 40th st
44.73,143,Queens,BWB S Queens Anchorage - WSE S Exit 14 (Linden Pl)
38.52,102,Queens,LIE WB LITTLE NECK PKWY - NB CIP
16.15,398,Queens,Whitestone Expwy N Exit 14 (Linden Pl) - BWB N Queens Anchorage
11.8,356,Bronx,MDE S HARLEM RIVER PARK - GWB W AMSTERDAM AVENUE UPPER LEVEL
0.0,0,Queens,QMT W Toll Plaza - Manhattan Side
58.4,104,Staten Island,WSE N-SIE E SOUTH AVENUE - SOUTH AVENUE
29.2,350,Manhattan,FDR S 25th St - Catherine Slip
51.57,152,Staten Island,WSE S VICTORY BOULEVARD - ARDEN AVENUE
34.17,78,Queens,TNB S Qns Anchorage - CIP S @ TNB
27.96,365,Manhattan,FDR S 25th St - Catherine Slip
10.56,462,Staten Island,WSE N BLOOMUINGDALE ROAD - ARDEN AVENUE
50.33,183,Queens,Laurelton Pkwy S @ SSP - Belt Pkwy W 182nd St
55.92,141,Staten Island,WSE S VICTORY BOULEVARD - ARDEN AVENUE
57.16,78,Bronx,HRP N LAFAYETTE AVENUE - E TREMONT AVENUE
33.55,245,Bronx,CBE W U/LEV AMSTERDAM AVE - I95 S EXP LNS
54.68,137,Staten Island,WSE N TYRELLAN AVENUE - BLOOMINGDALE ROAD
0.0,0,Staten Island,MLK S - SIE E WALKER STREET - WOOLEY AVENUE
47.22,114,Queens,VWE N MP6.39 (Exit 11 Jewel Ave) - MP8.65 (Exit 13 Northern Blvd)
50.33,233,Queens,CIP N LIE ramp - TNB
47.22,49,Staten Island,SIE E VNB E FINGERBOARD ROAD - SI GANTRY UPPER LEVEL
14.29,184,Manhattan,FDR S Catherine Slip - BKN Bridge Manhattan Side
57.78,105,Staten Island,WSE N-SIE E SOUTH AVENUE - SOUTH AVENUE
48.46,52,Bronx,BWB N Toll Plaza - HRP N Lafayatte Ave
51.57,124,Queens,BWB S Queens Anchorage - WSE S Exit 14 (Linden Pl)
51.57,86,Bronx,BE S CASTLE HILL AVENUE - STRATFORD AVENUE
0.0,0,Staten Island,MLK S - SIE W WALKER STREET - RICHMOND AVENUE
50.33,178,Queens,VWE N MP4.63 (Exit 6 - Jamaica Ave) - MP6.39 (Exit 11 Jewel Ave)
54.68,72,Staten Island,SIE E RICHMOND AVENUE - WOOLEY AVENUE
48.46,141,Queens,TNB S Toll Plaza - Queens Anchorage
47.84,53,Bronx,CBE E TAYLOR AVENUE - CASTLE HILL AVENUE
49.08,150,Manhattan,GWB E LOWER LEVEL PLAZA - CBE E LOWER LEVEL AMSTERDAM AVE
0.0,0,Bronx,BRP S FORDHAM ROAD - WATSON AVENUE
42.25,171,Queens,MDE S TBB EXIT RAMP - QUEENS ANCHORAGE
53.43,142,Queens,CIP S Hempstead Tpk - Laurelton Pkwy @ SSP
19.26,167,Manhattan,11th ave s ganservoort - west st @ spring st
21.74,374,Bronx,CBE W U/LEV AMSTERDAM AVE - I95 S EXP LNS
68.35,242,Queens,CVE NB GCP - WILLETS PT BLVD
52.19,75,Staten Island,SIE E RICHMOND AVENUE - WOOLEY AVENUE
57.16,103,Staten Island,SIE W FINGERBOARD ROAD - CLOVE ROAD
24.85,65,Staten Island,SIE E WOOLEY AVENUE - BRADLEY AVENUE
44.11,57,Bronx,HRP S Lafayette Ave - BWB S Toll Plaza
52.19,143,Bronx,BE N Castle Hill Avenue - Griswold Ave
0.0,0,Brooklyn,BQE S - GOW S ALTANTIC AVENUE - 9TH STREET
44.73,123,Manhattan,LINCOLN TUNNEL E CENTER TUBE NJ - NY
50.95,147,Staten Island,WSE N TYRELLAN AVENUE - BLOOMINGDALE ROAD
0.0,0,Staten Island,MLK S - SIE E WALKER STREET - WOOLEY AVENUE
21.74,309,Manhattan,FDR N 25th - 63rd St
40.38,115,Brooklyn,VNB E SI GANTRY UPPER LEVEL - BROOKLYN GANTRY UPPER LEVEL
0.0,0,Brooklyn,GOW S 9TH STREET - 7TH AVENUE
27.34,725,Manhattan,Westside Hwy N 57th St - GWB
32.31,74,Manhattan,TBB W - FDR S MANHATTAN TRUSS - E116TH STREET
45.36,55,Bronx,HRP S Lafayette Ave - BWB S Toll Plaza
39.76,53,Staten island,VNB W-SIE W SI GANTRY UPPER LEVEL - FINGERBOARD ROAD
47.22,49,Staten Island,SIE E VNB E FINGERBOARD ROAD - SI GANTRY UPPER LEVEL
13.67,318,Bronx,MDE S HARLEM RIVER PARK - GWB W AMSTERDAM AVENUE UPPER LEVEL
46.6,45,Brooklyn,VNB E-GOWANUS N BROOKLYN GANTRY UPPER LEVEL - 92ND STREET
42.87,461,Manhattan,Westside Hwy S GWB - 57th St
45.36,121,Manhattan,LINCOLN TUNNEL E CENTER TUBE NJ - NY
54.05,102,Staten Island,SIE E CLOVE ROAD - FINGERBOARD ROAD
16.15,395,Manhattan,12th ave @ 45th - 11 ave ganservoort st
54.68,52,Staten Island,SIE W RICHMOND AVENUE - SOUTH AVENUE
43.49,86,Queens,Belt Pkwy W 182nd St - JFK Expressway
49.08,140,Queens,VWE S MP4.63 (Exit 6 Jamaica Ave) - MP2.66 (Exit 2 Roackaway Blvd)
50.33,152,Staten Island,WSE S TYRELLAN AVENUE - 440 S FRANCIS STREET
54.05,138,Staten Island,WSE N TYRELLAN AVENUE - BLOOMINGDALE ROAD
0.0,0,Staten Island,SIE E-MLK N RICHMOND AVENUE - WALKER STREET
15.53,319,Manhattan,LINCOLN TUNNEL W NORTH TUBE NY - NJ
50.33,57,Staten Island,WSE S SOUTH AVENUE - VICTORY BOULEVARD
47.84,229,Queens,CVE NB LIE - WILLETS PT BLVD
0.0,0,Queens,BE S TBB EXIT RAMP - QUEENS ANCHORAGE
42.87,222,Queens,LIE WB LITTLE NECK PKWY - NB CVE
46.6,96,Bronx,MDE S HARLEM RIVER PARK - GWB W AMSTERDAM AVENUE LOWER LEVEL
8.07,665,Manhattan,West St S Spring St - BBT Manhattan Portal outbound
0.0,0,Staten Island,MLK S - SIE E WALKER STREET - WOOLEY AVENUE
21.74,242,Manhattan,QMT E Manhattan Side - Toll Plaza
38.52,41,Staten Island,SIE E WOOLEY AVENUE - BRADLEY AVENUE
41.63,120,Manhattan,LINCOLN TUNNEL W NORTH TUBE NY - NJ
50.33,165,Bronx,CBE E CASTLE HILL AVE - BE N WATERBURY AVE
0.0,0,Queens,QMT W Toll Plaza - Manhattan Side
10.56,463,Queens,LIE E 84TH ST - 108TH ST
19.88,221,Bronx,BE S CASTLE HILL AVENUE - STRATFORD AVENUE
19.88,222,Bronx,BE S CASTLE HILL AVENUE - STRATFORD AVENUE
53.43,73,Staten Island,SIE E RICHMOND AVENUE - WOOLEY AVENUE
49.7,220,Queens,CIP S LIE - Hempstead Tpk
39.76,53,Brooklyn,GOW S VNB W 92ND STREET - BKLYN GANTRY UPPER LEVEL
6.83,305,Brooklyn,VNB E-GOWANUS N BROOKLYN GANTRY LOWER LEVEL - 92ND STREET
33.55,74,Bronx,HRP S Lafayette Ave - BWB S Toll Plaza
52.19,89,Brooklyn,VNB E SI GANTRY LOWER LEVEL - BROOLKYN GANTRY LOWER LEVEL
54.05,140,Queens,CIP S Hempstead Tpk - Laurelton Pkwy @ SSP
58.4,54,Staten Island,WSE N VICTORY BLVD - SOUTH AVENUE
25.47,120,Queens,BE S TBB EXIT RAMP - MANHATTAN LIFT SPAN
13.67,189,Staten Island,SIE E SOUTH AVENUE - RICHMOND AVENUE
57.78,55,Staten Island,WSE N VICTORY BLVD - SOUTH AVENUE
49.7,28,Staten Island,SIE W BRADLEY AVENUE - WOOLEY AVENUE
45.36,83,Queens,Belt Pkwy W 182nd St - JFK Expressway
0.0,0,Manhattan,LINCOLN TUNNEL E CENTER TUBE NJ - NY
4.97,439,Manhattan,12th Ave S 57th St - 45th St
1.86,4083,Queens,TBB N QUEENS ANCHORAGE - MANHATTAN LIFT SPAN
0.0,0,Staten Island,MLK N WALKER STREET - NJ ROUTE 169
49.7,57,Staten Island,WSE S SOUTH AVENUE - VICTORY BOULEVARD
0.0,0,Queens,BE S TBB EXIT RAMP - QUEENS ANCHORAGE
27.34,97,Manhattan,FDR S Catherine Slip - BKN Bridge Manhattan Side
36.03,248,Queens,VWE N MP4.63 (Exit 6 - Jamaica Ave) - MP6.39 (Exit 11 Jewel Ave)
37.9,104,Staten Island,SIE W WOOLEY AVENUE - RICHMOND AVENUE
57.78,140,Bronx,I-87 NYST S Exit 1 - MDE S Van Cortlandt Park
0.0,0,Manhattan,BQE N Atlantic Ave - MAN Bridge Manhattan Side
56.54,79,Bronx,HRP N LAFAYETTE AVENUE - E TREMONT AVENUE
57.78,114,Staten Island,SIE E BRADLEY AVENUE - CLOVE ROAD
49.08,58,Staten Island,SIE W RICHMOND AVENUE - SOUTH AVENUE
11.18,478,Manhattan,11th ave n ganservoort - 12th ave @ 40th st
39.14,60,Manhattan,FDR N - TBB E 116TH STREET - MANHATTAN TRUSS
0.0,0,Brooklyn,GOW N 9TH STREET - ATLANTIC AVENUE
14.91,212,Manhattan,12th Ave N 40th - 57th St
44.11,249,Queens,CIP N Hempstead Tpk - LIE
0.0,0,Staten Island,SIE E-MLK N RICHMOND AVENUE - WALKER STREET
52.81,50,Staten Island,SIE E SOUTH AVENUE - RICHMOND AVENUE
22.36,314,Brooklyn,BQE N LEONARD STREET - 46TH STREET
0.0,0,Staten Island,SIE E-MLK N RICHMOND AVENUE - WALKER STREET
44.11,268,Queens,CIP N LIE ramp - TNB
55.3,119,Staten Island,SIE E BRADLEY AVENUE - CLOVE ROAD
19.26,625,Queens,Belt Pkwy W JFK Expressway - VWE N Jamaica Ave
0.0,0,Manhattan,BBT E Manhattan Portal - Toll Plaza
57.78,190,Queens,CIP S LIE - Hempstead Tpk
68.97,75,Staten Island,WSE S ARDEN AVENUE - BLOOMINGDALE ROAD
42.25,50,Staten island,VNB W-SIE W SI GANTRY UPPER LEVEL - FINGERBOARD ROAD
36.03,231,Bronx,CBE W U/LEV AMSTERDAM AVE - I95 S EXP LNS
52.81,88,Bronx,BE N STRATFORD AVENUE - CASTLE HILL AVE
34.17,186,Queens,BWB S Queens Anchorage - WSE S Exit 14 (Linden Pl)
33.55,322,Queens,CVE NB LIE - WILLETS PT BLVD
25.47,282,Queens,TBB N QUEENS ANCHORAGE - BE N
29.2,235,Queens,VWE S MP4.63 (Exit 6 Jamaica Ave) - MP2.66 (Exit 2 Roackaway Blvd)
45.98,50,Staten Island,SIE E VNB E FINGERBOARD ROAD - SI GANTRY UPPER LEVEL
58.4,130,Queens,CIP S Hempstead Tpk - Laurelton Pkwy @ SSP
50.33,92,Brooklyn,VNB W BROOKLYN GANTRY LOWER LEVEL - SI GANTRY LOWER LEVEL
0.0,0,Bronx,CBE W L/LE V AMSTERDAM AVE - I 95 S LOC LNS
50.95,129,Staten Island,SIE E BRADLEY AVENUE - CLOVE ROAD
48.46,114,Queens,Whitestone Expwy S Exit 14 (Linden Pl) - VWE S MP8.65 (Exit 13 Northern Blvd)
4.34,1576,Queens,MDE S TBB EXIT RAMP - QUEENS ANCHORAGE
39.76,112,Bronx,MDE S HARLEM RIVER PARK - GWB W AMSTERDAM AVENUE LOWER LEVEL
56.54,194,Queens,CIP S LIE - Hempstead Tpk
41.01,51,Staten Island,VNB W-SIE W SI GANTRY LOWER LEVEL - FINGERBOARD ROAD
37.28,149,Bronx,BRP N WATSON AVENUE - FORDHAM ROAD
59.65,117,Staten Island,SIE W - WSE S SOUTH AVENUE - SOUTH AVENUE
22.36,307,Queens,VWE S MP4.63 (Exit 6 Jamaica Ave) - MP2.66 (Exit 2 Roackaway Blvd)
41.63,60,Bronx,HRP S Lafayette Ave - BWB S Toll Plaza
46.6,118,Manhattan,LINCOLN TUNNEL E CENTER TUBE NJ - NY
36.03,189,Queens,TNB N Queens Anchorage - Toll Plaza
43.49,37,Staten Island,SIE E WOOLEY AVENUE - BRADLEY AVENUE
43.49,166,Queens,MDE S TBB EXIT RAMP - QUEENS ANCHORAGE
47.84,150,Brooklyn,BQE N LEONARD STREET - 46TH STREET
49.7,44,Queens,CIP N ramp to TNB - TNB Queens Anchorage
0.0,0,Manhattan,BQE N Atlantic Ave - MAN Bridge Manhattan Side
54.05,115,Staten Island,WSE S BLLOMINGDALE ROAD - TYRELLAN AVENUE
39.14,55,Staten island,VNB W-SIE W SI GANTRY UPPER LEVEL - FINGERBOARD ROAD
18.01,591,Queens,VWE S MP2.66 (Exit 2 Rockaway Blvd) - Belt Pkwy E 182nd St
49.7,184,Queens,Laurelton Pkwy S @ SSP - Belt Pkwy W 182nd St
55.92,48,Staten Island,SIE E SOUTH AVENUE - RICHMOND AVENUE
18.64,340,Manhattan,12th ave @ 45th - 11 ave ganservoort st
41.01,202,Bronx,CBE W U/LEV AMSTERDAM AVE - I95 S EXP LNS
51.57,125,Queens,BWB S Queens Anchorage - WSE S Exit 14 (Linden Pl)
2.48,2201,Manhattan,LINCOLN TUNNEL E CENTER TUBE NJ - NY
21.12,333,Brooklyn,BQE S 46TH STREET - LEONARD STREET
39.76,134,Queens,QMT W Toll Plaza - Manhattan Side
17.39,478,Bronx,CBE W L/LE V AMSTERDAM AVE - I 95 S LOC LNS
58.4,187,Queens,CIP S LIE - Hempstead Tpk
27.96,232,Manhattan,BBT E Manhattan Portal - Toll Plaza
54.05,138,Staten Island,WSE N TYRELLAN AVENUE - BLOOMINGDALE ROAD
14.91,466,Brooklyn,BQE S 46TH STREET - LEONARD STREET
35.41,59,Staten Island,VNB W-SIE W SI GANTRY LOWER LEVEL - FINGERBOARD ROAD
64.0,61,Staten Island,SIE W WOOLEY AVENUE - RICHMOND AVENUE
49.7,139,Queens,TNB N Queens Anchorage - Toll Plaza
13.67,540,Staten Island,WSE N TYRELLAN AVENUE - BLOOMINGDALE ROAD
29.2,234,Queens,VWE S MP4.63 (Exit 6 Jamaica Ave) - MP2.66 (Exit 2 Roackaway Blvd)
0.0,0,Manhattan,LINCOLN TUNNEL W NORTH TUBE NY - NJ
27.96,254,Brooklyn,BQE N LEONARD STREET - 46TH STREET
52.19,150,Staten Island,WSE N ARDEN AVENUE - VICTORY BLVD
61.51,64,Staten Island,SIE W WOOLEY AVENUE - RICHMOND AVENUE
0.0,0,Manhattan,LINCOLN TUNNEL E CENTER TUBE NJ - NY
50.33,84,Bronx,CBE W MORRIS AVE - GWB W AMSTERDAM AVE (L/LVL)
19.88,324,Manhattan,BBT E Manhattan Portal - Toll Plaza
50.33,147,Bronx,BE N Castle Hill Avenue - Griswold Ave
0.0,0,Queens,BE S TBB EXIT RAMP - QUEENS ANCHORAGE
54.05,145,Queens,Laurelton Pkwy N @ SSP - CIP N Hempstead Tpk
44.11,163,Brooklyn,BQE N LEONARD STREET - 46TH STREET
35.41,73,Manhattan,BKN Bridge Manhattan Side - FDR N Catherine Slip
51.57,124,Queens,BWB S Queens Anchorage - WSE S Exit 14 (Linden Pl)
52.81,130,Queens,TNB S Toll Plaza - Queens Anchorage
56.54,132,Bronx,BE N Castle Hill Avenue - Griswold Ave
47.84,97,Brooklyn,VNB E SI GANTRY UPPER LEVEL - BROOKLYN GANTRY UPPER LEVEL
50.33,217,Queens,CIP S LIE - Hempstead Tpk
52.19,51,Staten Island,SIE E SOUTH AVENUE - RICHMOND AVENUE
30.44,333,Manhattan,FDR N Catherine Slip - 25th St
53.43,70,Queens,Belt Pkwy W 182nd St - JFK Expressway
0.0,0,Staten Island,MLK S - SIE W WALKER STREET - RICHMOND AVENUE
0.0,0,Staten Island,MLK S - SIE W WALKER STREET - RICHMOND AVENUE
36.03,545,Manhattan,Westside Hwy N 57th St - GWB
41.63,133,Queens,Whitestone Expwy S Exit 14 (Linden Pl) - VWE S MP8.65 (Exit 13 Northern Blvd)
45.36,51,Staten Island,SIE E VNB E FINGERBOARD ROAD - SI GANTRY UPPER LEVEL
41.63,103,Bronx,CBE W MORRIS AVE - GWB W AMSTERDAM AVE (U/LVL)
4.34,559,Bronx,CBE W CASTLE HILL AVENUE - TAYLOR AVENUE
59.65,127,Queens,CIP S Hempstead Tpk - Laurelton Pkwy @ SSP
54.68,117,Queens,BWB S Queens Anchorage - WSE S Exit 14 (Linden Pl)
47.22,97,Bronx,BE N STRATFORD AVENUE - CASTLE HILL AVE
44.11,48,Brooklyn,VNB E-GOWANUS N BROOKLYN GANTRY UPPER LEVEL - 92ND STREET
43.49,49,Brooklyn,GOW S VNB W 92ND STREET - BKLYN GANTRY UPPER LEVEL
52.81,121,Queens,Whitestone Expwy N Exit 14 (Linden Pl) - BWB N Queens Anchorage
43.49,49,Brooklyn,GOW S VNB W 92ND STREET - BKLYN GANTRY UPPER LEVEL
16.15,330,Queens,QMT W Toll Plaza - Manhattan Side
58.4,86,Staten Island,WSE N BLOOMUINGDALE ROAD - ARDEN AVENUE
59.65,132,Staten Island,WSE N ARDEN AVENUE - VICTORY BLVD
19.88,600,Queens,Belt Pkwy W JFK Expressway - VWE N Jamaica Ave
57.78,114,Staten Island,SIE E BRADLEY AVENUE - CLOVE ROAD
48.46,110,Queens,VWE S MP8.65 (Exit 13 Northern Blvd) - MP6.39 (Exit 11 Jewel Ave)
58.4,76,Bronx,HRP N LAFAYETTE AVENUE - E TREMONT AVENUE
48.46,157,Staten Island,WSE S TYRELLAN AVENUE - 440 S FRANCIS STREET
38.52,101,Queens,LIE WB LITTLE NECK PKWY - NB CIP
6.83,310,Brooklyn,VNB E-GOWANUS N BROOKLYN GANTRY LOWER LEVEL - 92ND STREET
53.43,87,Brooklyn,VNB W BROOKLYN GANTRY LOWER LEVEL - SI GANTRY LOWER LEVEL
0.0,0,Queens,BE S TBB EXIT RAMP - QUEENS ANCHORAGE
30.44,181,Manhattan,LINCOLN TUNNEL E SOUTH TUBE - NJ - NY
44.73,120,Queens,VWE S MP8.65 (Exit 13 Northern Blvd) - MP6.39 (Exit 11 Jewel Ave)
24.85,113,Staten Island,WSE S SOUTH AVENUE - VICTORY BOULEVARD
51.57,145,Bronx,BE S Griswold - Castle Hill Avenue
56.54,132,Bronx,BE S Griswold - Castle Hill Avenue
59.65,87,Staten Island,WSE S ARDEN AVENUE - BLOOMINGDALE ROAD
56.54,88,Queens,LIE W 108TH ST - 84TH ST
0.0,0,Staten Island,ROUTE 169 S - MLK WALKER STREET
55.92,135,Queens,CIP S Hempstead Tpk - Laurelton Pkwy @ SSP
29.82,239,Queens,MDE S TBB EXIT RAMP - QUEENS ANCHORAGE
55.3,71,Staten Island,SIE E RICHMOND AVENUE - WOOLEY AVENUE
41.63,194,Queens,TBB N QUEENS ANCHORAGE - MANHATTAN LIFT SPAN
31.06,221,Manhattan,FDR N 25th - 63rd St
55.3,109,Staten Island,WSE N-SIE E SOUTH AVENUE - SOUTH AVENUE
27.34,159,Bronx,MDE S HARLEM RIVER PARK - GWB W AMSTERDAM AVENUE UPPER LEVEL
51.57,384,Manhattan,Westside Hwy S GWB - 57th St
54.68,293,Queens,CIP NB GCP - TNB
24.85,173,Bronx,MDE S HARLEM RIVER PARK - GWB W AMSTERDAM AVENUE UPPER LEVEL
59.65,66,Staten Island,SIE E RICHMOND AVENUE - WOOLEY AVENUE
52.19,159,Bronx,CBE E CASTLE HILL AVE - BE N WATERBURY AVE
16.15,332,Queens,QMT W Toll Plaza - Manhattan Side
40.38,272,Queens,CIP N Hempstead Tpk - LIE
38.52,55,Staten island,VNB W-SIE W SI GANTRY UPPER LEVEL - FINGERBOARD ROAD
34.17,201,Queens,VWE S MP4.63 (Exit 6 Jamaica Ave) - MP2.66 (Exit 2 Roackaway Blvd)
39.76,496,Manhattan,Westside Hwy S GWB - 57th St
12.42,207,Manhattan,FDR S Catherine Slip - BKN Bridge Manhattan Side
44.11,105,Bronx,BWB S Toll Plaza - Queens Anchorage
60.27,130,Staten Island,WSE N ARDEN AVENUE - VICTORY BLVD
40.38,106,Bronx,CBE AMSTERDAM AVE (L/LVL) - MORRIS AVE
16.15,323,Manhattan,QMT E Manhattan Side - Toll Plaza
57.78,77,Bronx,HRP N LAFAYETTE AVENUE - E TREMONT AVENUE
44.11,183,Queens,TBB N QUEENS ANCHORAGE - MANHATTAN LIFT SPAN
14.91,278,Bronx,CBE AMSTERDAM AVE (L/LVL) - MORRIS AVE
50.33,135,Queens,TNB S Toll Plaza - Queens Anchorage
65.24,60,Staten Island,SIE W WOOLEY AVENUE - RICHMOND AVENUE
54.68,46,Bronx,CBE E TAYLOR AVENUE - CASTLE HILL AVENUE
45.36,101,Bronx,BWB S Toll Plaza - Queens Anchorage
31.68,361,Queens,CIP N TNB - Whitestone Expwy S Exit 14 (Linden Pl)
0.0,0,Staten Island,ROUTE 169 S - MLK WALKER STREET
0.0,0,Bronx,CBE W L/LE V AMSTERDAM AVE - I 95 S LOC LNS
25.47,154,Staten Island,SIE E RICHMOND AVENUE - WOOLEY AVENUE
49.08,157,Staten Island,440 N FRANCIS STREET - WSE N TYRELLAN AVE
48.46,95,Brooklyn,VNB E SI GANTRY UPPER LEVEL - BROOKLYN GANTRY UPPER LEVEL
11.18,1069,Queens,Belt Pkwy W JFK Expressway - VWE N Jamaica Ave
19.88,131,Manhattan,BKN Bridge Manhattan Side - FDR N Catherine Slip
14.29,370,Manhattan,11th ave n ganservoort - 12th ave @ 40th st
8.07,1414,Queens,Belt Pkwy W JFK Expressway - VWE N Jamaica Ave
44.73,84,Queens,Belt Pkwy W 182nd St - JFK Expressway
41.63,73,Queens,BE S TBB EXIT RAMP - MANHATTAN LIFT SPAN
52.19,113,Staten Island,SIE W FINGERBOARD ROAD - CLOVE ROAD
42.87,459,Manhattan,Westside Hwy S GWB - 57th St
13.67,306,Bronx,CBE AMSTERDAM AVE (L/LVL) - MORRIS AVE
27.34,253,Queens,VWE S MP4.63 (Exit 6 Jamaica Ave) - MP2.66 (Exit 2 Roackaway Blvd)
44.11,89,Queens,LIE WB LITTLE NECK PKWY - NB CIP
41.01,53,Queens,CIP N ramp to TNB - TNB Queens Anchorage
51.57,125,Queens,BWB S Queens Anchorage - WSE S Exit 14 (Linden Pl)
11.18,729,Queens,TBB N QUEENS ANCHORAGE - MANHATTAN LIFT SPAN
2.48,1158,Manhattan,11th ave s ganservoort - west st @ spring st
55.92,79,Bronx,HRP N LAFAYETTE AVENUE - E TREMONT AVENUE
44.11,55,Manhattan,TBB W - FDR S MANHATTAN TRUSS - E116TH STREET
59.65,155,Queens,Laurelton Pkwy S @ SSP - Belt Pkwy W 182nd St
59.03,75,Bronx,BE S CASTLE HILL AVENUE - STRATFORD AVENUE
48.46,405,Manhattan,Westside Hwy S GWB - 57th St
9.94,729,Manhattan,GWB E LOWER LEVEL PLAZA - CBE E LOWER LEVEL AMSTERDAM AVE
52.81,41,Queens,CIP N ramp to TNB - TNB Queens Anchorage
49.08,95,Bronx,BWB S Toll Plaza - Queens Anchorage
64.62,80,Staten Island,WSE S ARDEN AVENUE - BLOOMINGDALE ROAD
22.99,293,Manhattan,FDR N 25th - 63rd St
47.84,93,Bronx,BE S CASTLE HILL AVENUE - STRATFORD AVENUE
17.39,250,Bronx,MDE S HARLEM RIVER PARK - GWB W AMSTERDAM AVENUE UPPER LEVEL
0.0,0,Manhattan,BBT W Toll Plaza - Manhattan Portal
52.81,47,Bronx,CBE W CASTLE HILL AVENUE - TAYLOR AVENUE
59.03,197,Queens,CIP N TNB - Whitestone Expwy S Exit 14 (Linden Pl)
0.0,0,Staten Island,SIE E-MLK N RICHMOND AVENUE - WALKER STREET
11.18,124,Staten Island,SIE W BRADLEY AVENUE - WOOLEY AVENUE
37.28,119,Bronx,MDE S HARLEM RIVER PARK - GWB W AMSTERDAM AVENUE LOWER LEVEL
38.52,186,Queens,MDE S TBB EXIT RAMP - QUEENS ANCHORAGE
14.29,374,Queens,QMT W Toll Plaza - Manhattan Side
28.58,93,Manhattan,FDR S Catherine Slip - BKN Bridge Manhattan Side
57.78,135,Queens,Laurelton Pkwy N @ SSP - CIP N Hempstead Tpk
7.45,899,Brooklyn,BQE S 46TH STREET - LEONARD STREET
56.54,82,Brooklyn,VNB E SI GANTRY LOWER LEVEL - BROOLKYN GANTRY LOWER LEVEL
52.19,81,Brooklyn,GOW N 92ND STREET - 7TH AVENUE
23.61,105,Bronx,HRP S Lafayette Ave - BWB S Toll Plaza
50.95,146,Bronx,BE S Griswold - Castle Hill Avenue
11.8,416,Bronx,MDE N RFK Bridge - 142nd St
55.92,79,Bronx,BE S CASTLE HILL AVENUE - STRATFORD AVENUE
44.11,48,Staten Island,VNB W-SIE W SI GANTRY LOWER LEVEL - FINGERBOARD ROAD
15.53,452,Queens,MDE S TBB EXIT RAMP - QUEENS ANCHORAGE
12.42,512,Manhattan,12th ave @ 45th - 11 ave ganservoort st
42.87,270,Queens,CIP N TNB - Whitestone Expwy S Exit 14 (Linden Pl)
44.73,49,Queens,CIP N ramp to TNB - TNB Queens Anchorage
47.22,45,Brooklyn,VNB E-GOWANUS N BROOKLYN GANTRY LOWER LEVEL - 92ND STREET
57.16,290,Queens,CVE NB GCP - WILLETS PT BLVD
27.96,153,Bronx,CBE W MORRIS AVE - GWB W AMSTERDAM AVE (L/LVL)
59.65,54,Staten Island,WSE N VICTORY BLVD - SOUTH AVENUE
29.2,370,Queens,CVE NB LIE - WILLETS PT BLVD
19.26,204,Staten Island,SIE E RICHMOND AVENUE - WOOLEY AVENUE
31.68,282,Queens,VWE N MP4.63 (Exit 6 - Jamaica Ave) - MP6.39 (Exit 11 Jewel Ave)
42.25,105,Bronx,MDE S HARLEM RIVER PARK - GWB W AMSTERDAM AVENUE LOWER LEVEL
15.53,197,Queens,BE S TBB EXIT RAMP - MANHATTAN LIFT SPAN
48.46,89,Brooklyn,GOW S 7TH AVENUE - 92ND STREET
36.03,245,Queens,VWE N MP4.63 (Exit 6 - Jamaica Ave) - MP6.39 (Exit 11 Jewel Ave)
42.87,50,Staten island,VNB W-SIE W SI GANTRY UPPER LEVEL - FINGERBOARD ROAD
9.32,750,Queens,TBB N QUEENS ANCHORAGE - BE N
59.65,137,Bronx,I-87 NYST S Exit 1 - MDE S Van Cortlandt Park
49.7,137,Queens,TNB N Queens Anchorage - Toll Plaza
57.78,86,Staten Island,WSE N BLOOMUINGDALE ROAD - ARDEN AVENUE
44.11,170,Queens,TBB S MANHATTAN LIFT SPAN - QUEENS ANCHORAGE
29.2,208,Staten Island,WSE N-SIE E SOUTH AVENUE - SOUTH AVENUE
37.28,144,Manhattan,QMT E Manhattan Side - Toll Plaza
0.0,0,Brooklyn,GOW S 9TH STREET - 7TH AVENUE
50.33,43,Queens,CIP N ramp to TNB - TNB Queens Anchorage
13.04,488,Manhattan,12th ave @ 45th - 11 ave ganservoort st
36.66,318,Queens,CIP N LIE ramp - TNB
62.13,83,Staten Island,WSE S ARDEN AVENUE - BLOOMINGDALE ROAD
0.0,0,Brooklyn,GOW N 92ND STREET - 7TH AVENUE
45.36,47,Brooklyn,VNB E-GOWANUS N BROOKLYN GANTRY LOWER LEVEL - 92ND STREET
0.0,0,Staten Island,ROUTE 169 S - MLK WALKER STREET
44.73,84,Queens,Belt Pkwy W 182nd St - JFK Expressway
51.57,48,Bronx,BWB N Toll Plaza - HRP N Lafayatte Ave
0.0,0,Staten Island,SIE W - MLK N WOOLEY AVENUE - WLAKER STREET
54.05,203,Queens,CIP S LIE - Hempstead Tpk
60.89,114,Staten Island,SIE W - WSE S SOUTH AVENUE - SOUTH AVENUE
47.22,97,Brooklyn,VNB W BROOKLYN GANTRY UPPER LEVEL - SI GANTRY UPPER LEVEL
51.57,321,Queens,CVE NB GCP - WILLETS PT BLVD
49.08,187,Queens,Belt Pkwy E 182nd St - Laurelton Pkwy N @ SSP
0.0,0,Brooklyn,GOW S 9TH STREET - 7TH AVENUE
26.09,387,Manhattan,FDR N Catherine Slip - 25th St
52.19,113,Staten Island,SIE W FINGERBOARD ROAD - CLOVE ROAD
49.7,94,Brooklyn,VNB W BROOKLYN GANTRY LOWER LEVEL - SI GANTRY LOWER LEVEL
54.68,52,Staten Island,SIE W RICHMOND AVENUE - SOUTH AVENUE
41.01,52,Staten island,VNB W-SIE W SI GANTRY UPPER LEVEL - FINGERBOARD ROAD
26.71,312,Bronx,CBE W U/LEV AMSTERDAM AVE - I95 S EXP LNS
40.38,71,Staten Island,WSE S SOUTH AVENUE - VICTORY BOULEVARD
53.43,221,Queens,CIP N LIE ramp - TNB
59.03,67,Staten Island,SIE W WOOLEY AVENUE - RICHMOND AVENUE
52.19,89,Brooklyn,VNB E SI GANTRY UPPER LEVEL - BROOKLYN GANTRY UPPER LEVEL
49.08,108,Queens,VWE S MP8.65 (Exit 13 Northern Blvd) - MP6.39 (Exit 11 Jewel Ave)
40.38,138,Manhattan,LINCOLN TUNNEL E CENTER TUBE NJ - NY
51.57,90,Brooklyn,VNB W BROOKLYN GANTRY UPPER LEVEL - SI GANTRY UPPER LEVEL
27.34,368,Manhattan,FDR S 25th St - Catherine Slip
52.81,142,Bronx,BE N Castle Hill Avenue - Griswold Ave
51.57,132,Queens,TNB S Toll Plaza - Queens Anchorage
52.19,210,Queens,CIP S LIE - Hempstead Tpk
2.48,2307,Manhattan,BBT W Toll Plaza - Manhattan Portal
55.3,142,Staten Island,WSE N ARDEN AVENUE - VICTORY BLVD
54.68,72,Staten Island,SIE E RICHMOND AVENUE - WOOLEY AVENUE
48.46,52,Bronx,BWB N Toll Plaza - HRP N Lafayatte Ave
54.05,118,Queens,BWB S Queens Anchorage - WSE S Exit 14 (Linden Pl)
0.0,0,Brooklyn,GOW S 9TH STREET - 7TH AVENUE
13.67,362,Manhattan,LINCOLN TUNNEL W NORTH TUBE NY - NJ
57.16,137,Staten Island,WSE S VICTORY BOULEVARD - ARDEN AVENUE
35.41,156,Manhattan,LINCOLN TUNNEL E SOUTH TUBE - NJ - NY
40.38,70,Staten Island,WSE S SOUTH AVENUE - VICTORY BOULEVARD
0.0,0,Bronx,BRP S FORDHAM ROAD - WATSON AVENUE
60.27,47,Staten Island,SIE W RICHMOND AVENUE - SOUTH AVENUE
53.43,155,Bronx,CBE E CASTLE HILL AVE - BE N WATERBURY AVE
27.34,374,Manhattan,FDR S 25th St - Catherine Slip
44.73,440,Manhattan,Westside Hwy N 57th St - GWB
51.57,172,Queens,VWE N MP4.63 (Exit 6 - Jamaica Ave) - MP6.39 (Exit 11 Jewel Ave)
19.26,524,Manhattan,FDR S 25th St - Catherine Slip
34.79,567,Manhattan,Westside Hwy S GWB - 57th St
24.85,283,Brooklyn,BQE N LEONARD STREET - 46TH STREET
14.91,351,Manhattan,11th ave n ganservoort - 12th ave @ 40th st
17.39,306,Manhattan,11th ave n ganservoort - 12th ave @ 40th st
0.0,0,Brooklyn,GOW N 9TH STREET - ATLANTIC AVENUE
55.92,134,Staten Island,WSE N TYRELLAN AVENUE - BLOOMINGDALE ROAD
50.95,84,Bronx,CBE W MORRIS AVE - GWB W AMSTERDAM AVE (L/LVL)
19.88,454,Queens,Belt Pkwy E 182nd St - Laurelton Pkwy N @ SSP
59.03,79,Brooklyn,VNB E SI GANTRY LOWER LEVEL - BROOLKYN GANTRY LOWER LEVEL
42.25,50,Staten island,VNB W-SIE W SI GANTRY UPPER LEVEL - FINGERBOARD ROAD
49.7,57,Staten Island,WSE S SOUTH AVENUE - VICTORY BOULEVARD
41.63,51,Staten island,VNB W-SIE W SI GANTRY UPPER LEVEL - FINGERBOARD ROAD
53.43,83,Bronx,HRP N LAFAYETTE AVENUE - E TREMONT AVENUE
29.2,226,Staten Island,SIE E BRADLEY AVENUE - CLOVE ROAD
12.42,492,Manhattan,12th ave @ 45th - 11 ave ganservoort st
52.81,142,Bronx,BE S Griswold - Castle Hill Avenue
39.76,257,Manhattan,FDR S 25th St - Catherine Slip
41.63,103,Bronx,CBE W MORRIS AVE - GWB W AMSTERDAM AVE (L/LVL)
57.16,50,Staten Island,SIE W RICHMOND AVENUE - SOUTH AVENUE
0.0,0,Staten Island,SIE W - MLK N WOOLEY AVENUE - WLAKER STREET
0.0,0,Manhattan,LINCOLN TUNNEL E SOUTH TUBE - NJ - NY
32.31,139,Bronx,MDE S HARLEM RIVER PARK - GWB W AMSTERDAM AVENUE LOWER LEVEL
31.68,303,Queens,LIE WB LITTLE NECK PKWY - NB CVE
31.06,86,Queens,TNB S Qns Anchorage - CIP S @ TNB
50.33,128,Queens,BWB S Queens Anchorage - WSE S Exit 14 (Linden Pl)
50.33,92,Queens,BWB N Queens Anchorage - Toll Plaza
46.6,54,Bronx,HRP S Lafayette Ave - BWB S Toll Plaza
54.05,86,Brooklyn,VNB W BROOKLYN GANTRY UPPER LEVEL - SI GANTRY UPPER LEVEL
13.04,403,Manhattan,11th ave n ganservoort - 12th ave @ 40th st
0.0,0,Queens,TNB S Toll Plaza - Queens Anchorage
36.03,178,Manhattan,BBT W Toll Plaza - Manhattan Portal
18.01,129,Staten Island,SIE E VNB E FINGERBOARD ROAD - SI GANTRY UPPER LEVEL
54.05,49,Queens,TNB S Qns Anchorage - CIP S @ TNB
0.0,0,Manhattan,BQE N Atlantic Ave - MAN Bridge Manhattan Side
38.52,298,Queens,CIP N TNB - Whitestone Expwy S Exit 14 (Linden Pl)
37.28,138,Bronx,MDE N RFK Bridge - 142nd St
16.15,196,Manhattan,12th Ave N 40th - 57th St
14.91,310,Bronx,BWB S Toll Plaza - Queens Anchorage
4.34,496,Manhattan,12th Ave S 57th St - 45th St
19.26,226,Bronx,BE S CASTLE HILL AVENUE - STRATFORD AVENUE
52.19,41,Brooklyn,VNB E-GOWANUS N BROOKLYN GANTRY LOWER LEVEL - 92ND STREET
46.6,115,Queens,VWE S MP8.65 (Exit 13 Northern Blvd) - MP6.39 (Exit 11 Jewel Ave)
49.08,131,Queens,Whitestone Expwy N Exit 14 (Linden Pl) - BWB N Queens Anchorage
40.38,186,Queens,TBB S MANHATTAN LIFT SPAN - QUEENS ANCHORAGE
56.54,139,Staten Island,WSE N ARDEN AVENUE - VICTORY BLVD
0.0,0,Manhattan,BBT W Toll Plaza - Manhattan Portal
49.7,149,Bronx,BE N Castle Hill Avenue - Griswold Ave
0.0,0,Staten Island,MLK N WALKER STREET - NJ ROUTE 169
52.19,82,Bronx,CBE E AMSTERDAM AVE(U/LVL) - MORRIS AVE
52.19,89,Brooklyn,VNB W BROOKLYN GANTRY UPPER LEVEL - SI GANTRY UPPER LEVEL
47.84,159,Queens,CIP S Hempstead Tpk - Laurelton Pkwy @ SSP
20.5,120,Bronx,HRP S Lafayette Ave - BWB S Toll Plaza
47.22,144,Manhattan,FDR N 25th - 63rd St
22.36,309,Queens,VWE S MP4.63 (Exit 6 Jamaica Ave) - MP2.66 (Exit 2 Roackaway Blvd)
4.97,456,Manhattan,12th Ave S 57th St - 45th St
28.58,424,Queens,Belt Pkwy W JFK Expressway - VWE N Jamaica Ave
50.95,91,Brooklyn,VNB W BROOKLYN GANTRY LOWER LEVEL - SI GANTRY LOWER LEVEL
9.94,789,Queens,TBB N QUEENS ANCHORAGE - MANHATTAN LIFT SPAN
52.81,219,Queens,CIP N TNB - Whitestone Expwy S Exit 14 (Linden Pl)
45.36,117,Queens,VWE N MP8.64 (Exit 13 Northern Blvd) - Whitestone Expwy Exit 14 (Linden Pl)
56.54,104,Staten Island,SIE W FINGERBOARD ROAD - CLOVE ROAD
0.0,0,Queens,CIP N Hempstead Tpk - LIE
53.43,117,Staten Island,WSE S BLLOMINGDALE ROAD - TYRELLAN AVENUE
50.95,49,Bronx,BWB N Toll Plaza - HRP N Lafayatte Ave
36.03,44,Staten Island,SIE E WOOLEY AVENUE - BRADLEY AVENUE
9.94,250,Bronx,HRP S Lafayette Ave - BWB S Toll Plaza
32.31,142,Bronx,BWB S Toll Plaza - Queens Anchorage
26.09,300,Queens,Laurelton Pkwy N @ SSP - CIP N Hempstead Tpk
56.54,123,Staten Island,SIE W - WSE S SOUTH AVENUE - SOUTH AVENUE
8.07,776,Queens,Whitestone Expwy N Exit 14 (Linden Pl) - BWB N Queens Anchorage
14.91,218,Manhattan,12th Ave N 40th - 57th St
65.86,78,Staten Island,WSE S ARDEN AVENUE - BLOOMINGDALE ROAD
11.8,520,Manhattan,12th ave @ 45th - 11 ave ganservoort st
57.78,286,Queens,CVE NB GCP - WILLETS PT BLVD
0.0,0,Bronx,CBE W L/LE V AMSTERDAM AVE - I 95 S LOC LNS
6.21,691,Bronx,MDE S HARLEM RIVER PARK - GWB W AMSTERDAM AVENUE LOWER LEVEL
56.54,122,Staten Island,SIE W - WSE S SOUTH AVENUE - SOUTH AVENUE
29.82,264,Queens,Laurelton Pkwy N @ SSP - CIP N Hempstead Tpk
37.9,197,Queens,TBB S MANHATTAN LIFT SPAN - QUEENS ANCHORAGE
22.99,445,Manhattan,FDR N Catherine Slip - 25th St
39.76,66,Manhattan,FDR S Catherine Slip - BKN Bridge Manhattan Side
9.94,728,Queens,TBB N QUEENS ANCHORAGE - BE N
52.81,149,Staten Island,WSE S VICTORY BOULEVARD - ARDEN AVENUE
32.93,195,Manhattan,BBT E Manhattan Portal - Toll Plaza
47.84,89,Bronx,CBE AMSTERDAM AVE (L/LVL) - MORRIS AVE
48.46,96,Brooklyn,VNB E SI GANTRY UPPER LEVEL - BROOKLYN GANTRY UPPER LEVEL
49.08,87,Brooklyn,GOW N 92ND STREET - 7TH AVENUE
55.92,28,Staten Island,SIE E WOOLEY AVENUE - BRADLEY AVENUE
52.81,149,Staten Island,WSE N ARDEN AVENUE - VICTORY BLVD
55.3,110,Staten Island,WSE N-SIE E SOUTH AVENUE - SOUTH AVENUE
53.43,103,Staten Island,SIE E CLOVE ROAD - FINGERBOARD ROAD
50.33,106,Queens,VWE S MP8.65 (Exit 13 Northern Blvd) - MP6.39 (Exit 11 Jewel Ave)
47.84,104,Queens,LIE E 84TH ST - 108TH ST
59.65,84,Staten Island,WSE N BLOOMUINGDALE ROAD - ARDEN AVENUE
58.4,134,Staten Island,WSE S VICTORY BOULEVARD - ARDEN AVENUE
56.54,67,Queens,Belt Pkwy W 182nd St - JFK Expressway
21.74,177,Queens,LIE WB LITTLE NECK PKWY - NB CIP
48.46,157,Staten Island,440 N FRANCIS STREET - WSE N TYRELLAN AVE
67.1,58,Staten Island,SIE W WOOLEY AVENUE - RICHMOND AVENUE
54.68,111,Staten Island,WSE N-SIE E SOUTH AVENUE - SOUTH AVENUE
0.0,0,Brooklyn,GOW N 7TH AVENUE - 9TH STREET
57.16,134,Staten Island,440 N FRANCIS STREET - WSE N TYRELLAN AVE
19.26,366,Brooklyn,BQE S 46TH STREET - LEONARD STREET
47.22,83,Queens,LIE WB LITTLE NECK PKWY - NB CIP
23.61,312,Queens,TBB S MANHATTAN LIFT SPAN - QUEENS ANCHORAGE
0.0,0,Staten Island,SIE E-MLK N RICHMOND AVENUE - WALKER STREET
52.81,88,Queens,BWB N Queens Anchorage - Toll Plaza
16.77,634,Queens,CIP S LIE - Hempstead Tpk
42.87,54,Staten Island,SIE E VNB E FINGERBOARD ROAD - SI GANTRY LOWER LEVEL
59.65,42,Bronx,CBE E TAYLOR AVENUE - CASTLE HILL AVENUE
45.36,196,Queens,VWE S MP6.39 (Exit 11 Jewel Ave) - MP4.63 (Exit 6 Jamaica Ave)
36.66,116,Bronx,CBE AMSTERDAM AVE (L/LVL) - MORRIS AVE
54.05,50,Queens,TNB S Qns Anchorage - CIP S @ TNB
0.0,0,Manhattan,BBT E Manhattan Portal - Toll Plaza
48.46,189,Queens,Laurelton Pkwy S @ SSP - Belt Pkwy W 182nd St
49.7,153,Staten Island,440 N FRANCIS STREET - WSE N TYRELLAN AVE
18.64,378,Brooklyn,BQE N LEONARD STREET - 46TH STREET
22.36,317,Brooklyn,BQE N LEONARD STREET - 46TH STREET
22.36,223,Manhattan,LINCOLN TUNNEL W NORTH TUBE NY - NJ
8.69,494,Bronx,MDE S HARLEM RIVER PARK - GWB W AMSTERDAM AVENUE UPPER LEVEL
46.6,167,Staten Island,WSE S VICTORY BOULEVARD - ARDEN AVENUE
41.63,120,Queens,LIE E 84TH ST - 108TH ST
35.41,154,Manhattan,LINCOLN TUNNEL E SOUTH TUBE - NJ - NY
47.22,140,Staten Island,SIE E BRADLEY AVENUE - CLOVE ROAD
48.46,44,Brooklyn,GOW S VNB W 92ND STREET - BKLYN GANTRY LOWER LEVEL
44.73,56,Bronx,HRP S Lafayette Ave - BWB S Toll Plaza
52.19,132,Manhattan,FDR S 63rd - 25th St
52.81,88,Bronx,BWB S Toll Plaza - Queens Anchorage
14.91,173,Manhattan,FDR S Catherine Slip - BKN Bridge Manhattan Side
29.2,149,Bronx,MDE S HARLEM RIVER PARK - GWB W AMSTERDAM AVENUE UPPER LEVEL
9.94,857,Queens,VWE S MP6.39 (Exit 11 Jewel Ave) - MP4.63 (Exit 6 Jamaica Ave)
50.33,152,Staten Island,440 N FRANCIS STREET - WSE N TYRELLAN AVE
34.79,237,Bronx,CBE E CASTLE HILL AVE - BE N WATERBURY AVE
11.18,280,Manhattan,12th Ave N 40th - 57th St
9.32,271,Bronx,CBE W CASTLE HILL AVENUE - TAYLOR AVENUE
16.77,439,Queens,CIP S Hempstead Tpk - Laurelton Pkwy @ SSP
47.22,46,Queens,CIP N ramp to TNB - TNB Queens Anchorage
27.96,93,Manhattan,BKN Bridge Manhattan Side - FDR N Catherine Slip
39.14,500,Manhattan,Westside Hwy N 57th St - GWB
37.9,117,Bronx,MDE S HARLEM RIVER PARK - GWB W AMSTERDAM AVENUE LOWER LEVEL
29.82,666,Manhattan,Westside Hwy N 57th St - GWB
0.0,0,Staten Island,SIE W - MLK N WOOLEY AVENUE - WLAKER STREET
62.75,111,Staten Island,SIE W - WSE S SOUTH AVENUE - SOUTH AVENUE
16.77,381,Manhattan,12th ave @ 45th - 11 ave ganservoort st
45.98,46,Brooklyn,GOW S VNB W 92ND STREET - BKLYN GANTRY LOWER LEVEL
56.54,133,Staten Island,WSE N TYRELLAN AVENUE - BLOOMINGDALE ROAD
52.19,151,Staten Island,WSE N ARDEN AVENUE - VICTORY BLVD
44.73,155,Queens,MDE S TBB EXIT RAMP - QUEENS ANCHORAGE
48.46,332,Queens,CIP NB GCP - TNB
52.19,41,Brooklyn,VNB E-GOWANUS N BROOKLYN GANTRY LOWER LEVEL - 92ND STREET
50.95,214,Queens,CIP S LIE - Hempstead Tpk
26.09,250,Manhattan,BBT E Manhattan Portal - Toll Plaza
28.58,321,Queens,Laurelton Pkwy S @ SSP - Belt Pkwy W 182nd St
45.98,46,Brooklyn,GOW S VNB W 92ND STREET - BKLYN GANTRY LOWER LEVEL
43.49,49,Brooklyn,GOW S VNB W 92ND STREET - BKLYN GANTRY UPPER LEVEL
29.82,87,Manhattan,BKN Bridge Manhattan Side - FDR N Catherine Slip
51.57,121,Staten Island,WSE S BLLOMINGDALE ROAD - TYRELLAN AVENUE
39.76,172,Queens,VWE S MP4.63 (Exit 6 Jamaica Ave) - MP2.66 (Exit 2 Roackaway Blvd)
54.68,85,Brooklyn,VNB W BROOKLYN GANTRY LOWER LEVEL - SI GANTRY LOWER LEVEL
52.81,101,Queens,VWE N MP6.39 (Exit 11 Jewel Ave) - MP8.65 (Exit 13 Northern Blvd)
50.95,91,Bronx,BWB S Toll Plaza - Queens Anchorage
0.0,0,Manhattan,BBT E Manhattan Portal - Toll Plaza
56.54,44,Bronx,CBE W CASTLE HILL AVENUE - TAYLOR AVENUE
55.3,109,Staten Island,WSE N-SIE E SOUTH AVENUE - SOUTH AVENUE
44.11,52,Staten Island,SIE E VNB E FINGERBOARD ROAD - SI GANTRY LOWER LEVEL
44.11,202,Queens,VWE N MP4.63 (Exit 6 - Jamaica Ave) - MP6.39 (Exit 11 Jewel Ave)
59.65,77,Bronx,BE N STRATFORD AVENUE - CASTLE HILL AVE
43.49,89,Queens,LIE WB LITTLE NECK PKWY - NB CIP
1.24,4254,Manhattan,BBT W Toll Plaza - Manhattan Portal
58.4,113,Staten Island,SIE E BRADLEY AVENUE - CLOVE ROAD
48.46,198,Queens,LIE WB LITTLE NECK PKWY - NB CVE
42.25,50,Brooklyn,GOW S VNB W 92ND STREET - BKLYN GANTRY UPPER LEVEL
0.0,0,Manhattan,BQE N Atlantic Ave - MAN Bridge Manhattan Side
54.05,85,Brooklyn,VNB W BROOKLYN GANTRY LOWER LEVEL - SI GANTRY LOWER LEVEL
56.54,138,Staten Island,WSE S VICTORY BOULEVARD - ARDEN AVENUE
0.0,0,Manhattan,BQE N Atlantic Ave - MAN Bridge Manhattan Side
0.0,0,Manhattan,LINCOLN TUNNEL W CENTER TUBE NY - NJ
57.78,119,Queens,TNB S Toll Plaza - Queens Anchorage
24.23,106,Manhattan,BKN Bridge Manhattan Side - FDR N Catherine Slip
14.91,525,Queens,Laurelton Pkwy N @ SSP - CIP N Hempstead Tpk
52.19,132,Queens,TNB S Toll Plaza - Queens Anchorage
20.5,528,Queens,CIP N Hempstead Tpk - LIE
51.57,89,Brooklyn,VNB W BROOKLYN GANTRY UPPER LEVEL - SI GANTRY UPPER LEVEL
3.1,2358,Queens,TBB S MANHATTAN LIFT SPAN - QUEENS ANCHORAGE
50.33,102,Bronx,MDE N RFK Bridge - 142nd St
51.57,121,Staten Island,WSE S BLLOMINGDALE ROAD - TYRELLAN AVENUE
51.57,152,Staten Island,WSE N ARDEN AVENUE - VICTORY BLVD
0.0,0,Queens,TNB N Queens Anchorage - Toll Plaza
56.54,116,Staten Island,SIE E BRADLEY AVENUE - CLOVE ROAD
30.44,359,Queens,CVE NB LIE - WILLETS PT BLVD
45.36,47,Brooklyn,VNB E-GOWANUS N BROOKLYN GANTRY UPPER LEVEL - 92ND STREET
43.49,269,Queens,CIP N LIE ramp - TNB
0.62,5524,Manhattan,BBT E Manhattan Portal - Toll Plaza
27.34,197,Manhattan,QMT E Manhattan Side - Toll Plaza
57.16,136,Queens,Laurelton Pkwy N @ SSP - CIP N Hempstead Tpk
54.68,136,Bronx,BE S Griswold - Castle Hill Avenue
39.14,136,Queens,QMT W Toll Plaza - Manhattan Side
5.59,1157,Queens,TNB N Queens Anchorage - Toll Plaza
45.36,146,Staten Island,SIE E BRADLEY AVENUE - CLOVE ROAD
61.51,81,Queens,LIE W 108TH ST - 84TH ST
61.51,113,Staten Island,SIE W - WSE S SOUTH AVENUE - SOUTH AVENUE
53.43,140,Staten Island,WSE N TYRELLAN AVENUE - BLOOMINGDALE ROAD
13.67,380,Manhattan,QMT E Manhattan Side - Toll Plaza
53.43,93,Queens,LIE E 84TH ST - 108TH ST
10.56,667,Manhattan,GWB E LOWER LEVEL PLAZA - CBE E LOWER LEVEL AMSTERDAM AVE
16.15,268,Bronx,MDE S HARLEM RIVER PARK - GWB W AMSTERDAM AVENUE UPPER LEVEL
49.7,93,Brooklyn,VNB E SI GANTRY LOWER LEVEL - BROOLKYN GANTRY LOWER LEVEL
0.0,0,Staten Island,MLK S - SIE W WALKER STREET - RICHMOND AVENUE
55.92,141,Staten Island,WSE S VICTORY BOULEVARD - ARDEN AVENUE
51.57,153,Staten Island,WSE S VICTORY BOULEVARD - ARDEN AVENUE
6.21,366,Manhattan,12th Ave S 57th St - 45th St
55.3,141,Staten Island,WSE S VICTORY BOULEVARD - ARDEN AVENUE
23.61,59,Staten Island,SIE W BRADLEY AVENUE - WOOLEY AVENUE
16.15,613,Manhattan,FDR N Catherine Slip - 25th St
0.0,0,Manhattan,BBT E Manhattan Portal - Toll Plaza
49.08,146,Queens,MDE S TBB EXIT RAMP - QUEENS ANCHORAGE
0.0,0,Staten Island,MLK N WALKER STREET - NJ ROUTE 169
55.92,90,Staten Island,WSE N BLOOMUINGDALE ROAD - ARDEN AVENUE
59.03,48,Staten Island,SIE W RICHMOND AVENUE - SOUTH AVENUE
19.26,380,Manhattan,GWB E LOWER LEVEL PLAZA - CBE E LOWER LEVEL AMSTERDAM AVE
44.73,95,Bronx,CBE W MORRIS AVE - GWB W AMSTERDAM AVE (L/LVL)
16.77,429,Manhattan,GWB E LOWER LEVEL PLAZA - CBE E LOWER LEVEL AMSTERDAM AVE
49.08,77,Queens,Belt Pkwy W 182nd St - JFK Expressway
29.2,145,Bronx,CBE W MORRIS AVE - GWB W AMSTERDAM AVE (L/LVL)
28.58,92,Manhattan,FDR S Catherine Slip - BKN Bridge Manhattan Side
41.63,51,Staten Island,VNB W-SIE W SI GANTRY LOWER LEVEL - FINGERBOARD ROAD
65.24,79,Staten Island,WSE S ARDEN AVENUE - BLOOMINGDALE ROAD
10.56,628,Manhattan,FDR N 25th - 63rd St
55.3,78,Bronx,CBE W MORRIS AVE - GWB W AMSTERDAM AVE (L/LVL)
31.06,179,Manhattan,LINCOLN TUNNEL E SOUTH TUBE - NJ - NY
47.22,45,Brooklyn,GOW S VNB W 92ND STREET - BKLYN GANTRY UPPER LEVEL
36.03,154,Manhattan,LINCOLN TUNNEL W CENTER TUBE NY - NJ
60.27,36,Queens,CIP N ramp to TNB - TNB Queens Anchorage
18.64,265,Manhattan,LINCOLN TUNNEL W NORTH TUBE NY - NJ
9.32,826,Queens,TBB N QUEENS ANCHORAGE - MANHATTAN LIFT SPAN
14.29,1148,Queens,CVE NB GCP - WILLETS PT BLVD
13.67,400,Manhattan,LINCOLN TUNNEL E SOUTH TUBE - NJ - NY
27.34,251,Queens,VWE S MP4.63 (Exit 6 Jamaica Ave) - MP2.66 (Exit 2 Roackaway Blvd)
0.0,0,Bronx,BRP S FORDHAM ROAD - WATSON AVENUE
61.51,177,Queens,CVE NB LIE - WILLETS PT BLVD
45.98,46,Brooklyn,GOW S VNB W 92ND STREET - BKLYN GANTRY UPPER LEVEL
47.22,106,Queens,LIE E 84TH ST - 108TH ST
0.0,0,Manhattan,BQE N Atlantic Ave - BKN Bridge Manhattan Side
22.99,356,Bronx,CBE W U/LEV AMSTERDAM AVE - I95 S EXP LNS
22.36,101,Manhattan,12th Ave S 57th St - 45th St
43.49,122,Queens,VWE N MP6.39 (Exit 11 Jewel Ave) - MP8.65 (Exit 13 Northern Blvd)
49.7,44,Queens,CIP N ramp to TNB - TNB Queens Anchorage
39.76,499,Manhattan,Westside Hwy N 57th St - GWB
7.45,707,Manhattan,LINCOLN TUNNEL E CENTER TUBE NJ - NY
60.89,53,Staten Island,WSE N VICTORY BLVD - SOUTH AVENUE
18.01,314,Manhattan,West St S Spring St - BBT Manhattan Portal outbound
21.74,118,Manhattan,BKN Bridge Manhattan Side - FDR N Catherine Slip
47.22,98,Brooklyn,VNB W BROOKLYN GANTRY UPPER LEVEL - SI GANTRY UPPER LEVEL
29.82,229,Queens,VWE S MP4.63 (Exit 6 Jamaica Ave) - MP2.66 (Exit 2 Roackaway Blvd)
21.74,492,Queens,VWE S MP2.66 (Exit 2 Rockaway Blvd) - Belt Pkwy E 182nd St
25.47,324,Bronx,CBE W U/LEV AMSTERDAM AVE - I95 S EXP LNS
0.0,0,Manhattan,BQE N Atlantic Ave - MAN Bridge Manhattan Side
27.34,163,Bronx,MDE S HARLEM RIVER PARK - GWB W AMSTERDAM AVENUE LOWER LEVEL
52.19,102,Queens,VWE N MP6.39 (Exit 11 Jewel Ave) - MP8.65 (Exit 13 Northern Blvd)
48.46,141,Manhattan,FDR N 25th - 63rd St
13.04,833,Queens,CIP N Hempstead Tpk - LIE
59.03,118,Staten Island,SIE W - WSE S SOUTH AVENUE - SOUTH AVENUE
57.16,94,Queens,VWE N MP8.64 (Exit 13 Northern Blvd) - Whitestone Expwy Exit 14 (Linden Pl)
43.49,53,Staten Island,SIE E VNB E FINGERBOARD ROAD - SI GANTRY LOWER LEVEL
32.93,307,Manhattan,FDR N Catherine Slip - 25th St
26.71,291,Queens,Laurelton Pkwy N @ SSP - CIP N Hempstead Tpk
51.57,117,Staten Island,WSE N-SIE E SOUTH AVENUE - SOUTH AVENUE
45.98,50,Staten Island,SIE E VNB E FINGERBOARD ROAD - SI GANTRY UPPER LEVEL
51.57,211,Queens,VWE S MP2.66 (Exit 2 Rockaway Blvd) - Belt Pkwy E 182nd St
0.0,0,Brooklyn,GOW N 7TH AVENUE - 9TH STREET
0.0,0,Staten Island,MLK N WALKER STREET - NJ ROUTE 169
47.84,78,Queens,Belt Pkwy W 182nd St - JFK Expressway
0.0,0,Staten Island,ROUTE 169 S - MLK WALKER STREET
0.0,0,Staten Island,SIE E-MLK N RICHMOND AVENUE - WALKER STREET
0.0,0,Brooklyn,BQE S - GOW S ALTANTIC AVENUE - 9TH STREET
52.19,310,Queens,CIP NB GCP - TNB
52.19,103,Queens,VWE N MP6.39 (Exit 11 Jewel Ave) - MP8.65 (Exit 13 Northern Blvd)
47.22,83,Queens,LIE WB LITTLE NECK PKWY - NB CIP
49.7,51,Bronx,CBE E TAYLOR AVENUE - CASTLE HILL AVENUE
21.74,377,Bronx,CBE W U/LEV AMSTERDAM AVE - I95 S EXP LNS
0.0,0,Queens,VWE S MP6.39 (Exit 11 Jewel Ave) - MP4.63 (Exit 6 Jamaica Ave)
45.36,31,Staten Island,SIE W BRADLEY AVENUE - WOOLEY AVENUE
55.3,96,Queens,VWE N MP8.64 (Exit 13 Northern Blvd) - Whitestone Expwy Exit 14 (Linden Pl)
51.57,90,Bronx,BWB S Toll Plaza - Queens Anchorage
59.03,103,Staten Island,WSE N-SIE E SOUTH AVENUE - SOUTH AVENUE
57.78,80,Brooklyn,VNB E SI GANTRY LOWER LEVEL - BROOLKYN GANTRY LOWER LEVEL
28.58,149,Bronx,CBE E AMSTERDAM AVE(U/LVL) - MORRIS AVE
0.0,0,Brooklyn,BQE S - GOW S ALTANTIC AVENUE - 9TH STREET
29.2,368,Queens,CVE NB LIE - WILLETS PT BLVD
34.79,61,Brooklyn,VNB E-GOWANUS N BROOKLYN GANTRY UPPER LEVEL - 92ND STREET
0.0,0,Staten Island,MLK S - SIE E WALKER STREET - WOOLEY AVENUE
52.81,88,Brooklyn,VNB E SI GANTRY LOWER LEVEL - BROOLKYN GANTRY LOWER LEVEL
68.35,75,Staten Island,WSE S ARDEN AVENUE - BLOOMINGDALE ROAD
54.68,107,Staten Island,SIE W FINGERBOARD ROAD - CLOVE ROAD
49.7,108,Queens,VWE S MP8.65 (Exit 13 Northern Blvd) - MP6.39 (Exit 11 Jewel Ave)
24.85,212,Manhattan,QMT E Manhattan Side - Toll Plaza
27.34,262,Brooklyn,BQE N LEONARD STREET - 46TH STREET
56.54,78,Bronx,HRP N LAFAYETTE AVENUE - E TREMONT AVENUE
13.04,765,Manhattan,FDR S 25th St - Catherine Slip
44.73,49,Queens,CIP N ramp to TNB - TNB Queens Anchorage
39.76,116,Brooklyn,VNB E SI GANTRY UPPER LEVEL - BROOKLYN GANTRY UPPER LEVEL
37.28,132,Queens,LIE W 108TH ST - 84TH ST
0.0,0,Queens,TNB N Queens Anchorage - Toll Plaza
0.0,0,Brooklyn,GOW N 7TH AVENUE - 9TH STREET
55.92,295,Queens,CVE NB GCP - WILLETS PT BLVD
0.0,0,Bronx,BRP S FORDHAM ROAD - WATSON AVENUE
44.73,119,Queens,VWE N MP6.39 (Exit 11 Jewel Ave) - MP8.65 (Exit 13 Northern Blvd)
49.08,94,Brooklyn,VNB E SI GANTRY UPPER LEVEL - BROOKLYN GANTRY UPPER LEVEL
50.95,55,Staten Island,SIE W RICHMOND AVENUE - SOUTH AVENUE
56.54,104,Staten Island,SIE W FINGERBOARD ROAD - CLOVE ROAD
46.6,92,Bronx,CBE W MORRIS AVE - GWB W AMSTERDAM AVE (L/LVL)
13.67,454,Manhattan,12th ave @ 45th - 11 ave ganservoort st
57.78,159,Queens,Laurelton Pkwy S @ SSP - Belt Pkwy W 182nd St
50.33,92,Brooklyn,VNB W BROOKLYN GANTRY UPPER LEVEL - SI GANTRY UPPER LEVEL
57.16,102,Staten Island,SIE W FINGERBOARD ROAD - CLOVE ROAD
23.61,841,Manhattan,Westside Hwy N 57th St - GWB
16.77,148,Bronx,HRP S Lafayette Ave - BWB S Toll Plaza
22.99,526,Queens,Belt Pkwy W JFK Expressway - VWE N Jamaica Ave
0.0,0,Brooklyn,GOW S 9TH STREET - 7TH AVENUE
59.03,102,Staten Island,WSE N-SIE E SOUTH AVENUE - SOUTH AVENUE
44.73,168,Bronx,BE S Griswold - Castle Hill Avenue
44.11,125,Bronx,BRP N WATSON AVENUE - FORDHAM ROAD
56.54,98,Staten Island,SIE E CLOVE ROAD - FINGERBOARD ROAD
47.84,245,Queens,CIP N LIE ramp - TNB
0.0,0,Bronx,CBE W L/LE V AMSTERDAM AVE - I 95 S LOC LNS
0.0,0,Staten Island,ROUTE 169 S - MLK WALKER STREET
52.81,105,Staten Island,SIE E CLOVE ROAD - FINGERBOARD ROAD
57.16,87,Staten Island,WSE N BLOOMUINGDALE ROAD - ARDEN AVENUE
60.27,113,Queens,TNB N Queens Anchorage - Toll Plaza
0.0,0,Queens,TNB S Qns Anchorage - CIP S @ TNB
49.7,75,Queens,Belt Pkwy W 182nd St - JFK Expressway
1.24,2411,Manhattan,11th ave s ganservoort - west st @ spring st
38.52,194,Bronx,BE N Castle Hill Avenue - Griswold Ave
53.43,87,Brooklyn,VNB W BROOKLYN GANTRY UPPER LEVEL - SI GANTRY UPPER LEVEL
1.86,4474,Bronx,CBE W L/LE V AMSTERDAM AVE - I 95 S LOC LNS
47.22,250,Queens,CIP N LIE ramp - TNB
62.75,82,Staten Island,WSE S ARDEN AVENUE - BLOOMINGDALE ROAD
33.55,322,Queens,CVE NB LIE - WILLETS PT BLVD
20.5,260,Queens,QMT W Toll Plaza - Manhattan Side
0.0,0,Manhattan,BBT E Manhattan Portal - Toll Plaza
44.73,95,Bronx,CBE W MORRIS AVE - GWB W AMSTERDAM AVE (L/LVL)
45.98,148,Manhattan,FDR N 25th - 63rd St
0.0,0,Queens,CIP S LIE - Hempstead Tpk
22.99,169,Staten Island,SIE E RICHMOND AVENUE - WOOLEY AVENUE
44.11,185,Queens,TBB N QUEENS ANCHORAGE - MANHATTAN LIFT SPAN
50.95,90,Brooklyn,VNB W BROOKLYN GANTRY UPPER LEVEL - SI GANTRY UPPER LEVEL
0.0,0,Staten Island,MLK N WALKER STREET - NJ ROUTE 169
51.57,107,Bronx,BRP S FORDHAM ROAD - WATSON AVENUE
44.11,145,Queens,Whitestone Expwy N Exit 14 (Linden Pl) - BWB N Queens Anchorage
27.96,233,Manhattan,BBT W Toll Plaza - Manhattan Portal
36.66,534,Manhattan,Westside Hwy N 57th St - GWB
13.67,492,Manhattan,FDR N 25th - 63rd St
58.4,43,Bronx,CBE E TAYLOR AVENUE - CASTLE HILL AVENUE
34.17,218,Bronx,BE S Griswold - Castle Hill Avenue
61.51,52,Staten Island,WSE N VICTORY BLVD - SOUTH AVENUE
60.89,84,Staten Island,WSE S ARDEN AVENUE - BLOOMINGDALE ROAD
50.95,31,Staten Island,SIE E WOOLEY AVENUE - BRADLEY AVENUE
29.82,338,Manhattan,FDR S 25th St - Catherine Slip
47.22,57,Queens,TNB S Qns Anchorage - CIP S @ TNB
42.87,107,Brooklyn,VNB W BROOKLYN GANTRY UPPER LEVEL - SI GANTRY UPPER LEVEL
13.67,393,Manhattan,QMT E Manhattan Side - Toll Plaza
36.03,152,Manhattan,LINCOLN TUNNEL W CENTER TUBE NY - NJ
55.92,39,Queens,CIP N ramp to TNB - TNB Queens Anchorage
61.51,81,Staten Island,WSE N BLOOMUINGDALE ROAD - ARDEN AVENUE
11.8,430,Bronx,MDE N RFK Bridge - 142nd St
44.73,103,Brooklyn,VNB W BROOKLYN GANTRY UPPER LEVEL - SI GANTRY UPPER LEVEL
48.46,88,Bronx,CBE AMSTERDAM AVE (L/LVL) - MORRIS AVE
49.08,102,Queens,LIE E 84TH ST - 108TH ST
0.0,0,Queens,QMT W Toll Plaza - Manhattan Side
56.54,87,Queens,LIE W 108TH ST - 84TH ST
23.61,499,Queens,CIP N LIE ramp - TNB
32.31,298,Queens,LIE WB LITTLE NECK PKWY - NB CVE
0.0,0,Brooklyn,BQE S - GOW S ALTANTIC AVENUE - 9TH STREET
44.11,48,Brooklyn,GOW S VNB W 92ND STREET - BKLYN GANTRY LOWER LEVEL
27.96,253,Brooklyn,BQE S 46TH STREET - LEONARD STREET
13.67,315,Bronx,CBE E AMSTERDAM AVE(U/LVL) - MORRIS AVE
18.01,180,Manhattan,11th ave s ganservoort - west st @ spring st
54.68,120,Staten Island,SIE E BRADLEY AVENUE - CLOVE ROAD
54.68,114,Staten Island,WSE S BLLOMINGDALE ROAD - TYRELLAN AVENUE
0.0,0,Manhattan,BKN Bridge Manhattan Side - FDR N Catherine Slip
46.6,99,Bronx,BWB S Toll Plaza - Queens Anchorage
6.83,359,Bronx,HRP S Lafayette Ave - BWB S Toll Plaza
51.57,133,Queens,TNB N Queens Anchorage - Toll Plaza
16.77,724,Queens,Belt Pkwy W JFK Expressway - VWE N Jamaica Ave
8.07,262,Brooklyn,VNB E-GOWANUS N BROOKLYN GANTRY UPPER LEVEL - 92ND STREET
41.63,188,Staten Island,WSE N ARDEN AVENUE - VICTORY BLVD
54.68,84,Bronx,BE N STRATFORD AVENUE - CASTLE HILL AVE
43.49,49,Staten island,VNB W-SIE W SI GANTRY UPPER LEVEL - FINGERBOARD ROAD
0.0,0,Staten Island,SIE W - MLK N WOOLEY AVENUE - WLAKER STREET
52.19,48,Bronx,CBE E TAYLOR AVENUE - CASTLE HILL AVENUE
55.92,123,Queens,TNB N Queens Anchorage - Toll Plaza
59.65,54,Staten Island,WSE N VICTORY BLVD - SOUTH AVENUE
51.57,145,Bronx,BE N Castle Hill Avenue - Griswold Ave
54.05,102,Staten Island,SIE E CLOVE ROAD - FINGERBOARD ROAD
54.05,85,Brooklyn,VNB W BROOKLYN GANTRY LOWER LEVEL - SI GANTRY LOWER LEVEL
50.95,147,Staten Island,WSE N TYRELLAN AVENUE - BLOOMINGDALE ROAD
0.0,0,Staten Island,SIE E-MLK N RICHMOND AVENUE - WALKER STREET
24.23,108,Manhattan,BKN Bridge Manhattan Side - FDR N Catherine Slip
44.11,69,Queens,BE S TBB EXIT RAMP - MANHATTAN LIFT SPAN
36.03,188,Manhattan,FDR S 63rd - 25th St
0.0,0,Staten Island,MLK S - SIE E WALKER STREET - WOOLEY AVENUE
43.49,97,Bronx,CBE AMSTERDAM AVE (L/LVL) - MORRIS AVE
50.95,90,Brooklyn,VNB E SI GANTRY UPPER LEVEL - BROOKLYN GANTRY UPPER LEVEL
41.63,58,Manhattan,TBB W - FDR S MANHATTAN TRUSS - E116TH STREET
45.36,95,Bronx,CBE W MORRIS AVE - GWB W AMSTERDAM AVE (L/LVL)
0.0,0,Staten Island,SIE W - MLK N WOOLEY AVENUE - WLAKER STREET
56.54,132,Bronx,BE N Castle Hill Avenue - Griswold Ave
50.33,84,Bronx,CBE AMSTERDAM AVE (L/LVL) - MORRIS AVE
57.16,143,Bronx,I-87 NYST S Exit 1 - MDE S Van Cortlandt Park
16.15,158,Bronx,CBE W CASTLE HILL AVENUE - TAYLOR AVENUE
24.23,162,Queens,LIE WB LITTLE NECK PKWY - NB CIP
35.41,62,Queens,CIP N ramp to TNB - TNB Queens Anchorage
60.89,129,Staten Island,WSE N ARDEN AVENUE - VICTORY BLVD
16.77,730,Queens,Belt Pkwy W JFK Expressway - VWE N Jamaica Ave
8.07,762,Manhattan,12th ave @ 45th - 11 ave ganservoort st
59.65,117,Staten Island,SIE W - WSE S SOUTH AVENUE - SOUTH AVENUE
0.0,0,Staten Island,ROUTE 169 S - MLK WALKER STREET
42.87,100,Bronx,CBE W MORRIS AVE - GWB W AMSTERDAM AVE (L/LVL)
26.71,449,Queens,Belt Pkwy W JFK Expressway - VWE N Jamaica Ave
15.53,323,Manhattan,LINCOLN TUNNEL W NORTH TUBE NY - NJ
54.68,117,Queens,BWB S Queens Anchorage - WSE S Exit 14 (Linden Pl)
57.16,47,Queens,TNB S Qns Anchorage - CIP S @ TNB
0.0,0,Brooklyn,GOW S 7TH AVENUE - 92ND STREET
33.55,240,Queens,TBB N QUEENS ANCHORAGE - MANHATTAN LIFT SPAN
37.9,62,Manhattan,FDR N - TBB E 116TH STREET - MANHATTAN TRUSS
59.03,133,Staten Island,WSE N ARDEN AVENUE - VICTORY BLVD
45.98,428,Manhattan,Westside Hwy N 57th St - GWB
0.0,0,Queens,TNB S Toll Plaza - Queens Anchorage
54.05,49,Queens,TNB S Qns Anchorage - CIP S @ TNB
21.12,297,Manhattan,12th ave @ 45th - 11 ave ganservoort st
51.57,76,Staten Island,SIE E RICHMOND AVENUE - WOOLEY AVENUE
0.0,0,Queens,QMT W Toll Plaza - Manhattan Side
38.52,144,Bronx,BRP N WATSON AVENUE - FORDHAM ROAD
11.18,225,Bronx,HRP S Lafayette Ave - BWB S Toll Plaza
0.0,0,Brooklyn,GOW N 7TH AVENUE - 9TH STREET
54.68,302,Queens,CVE NB GCP - WILLETS PT BLVD
42.25,50,Brooklyn,GOW S VNB W 92ND STREET - BKLYN GANTRY UPPER LEVEL
35.41,122,Bronx,MDE S HARLEM RIVER PARK - GWB W AMSTERDAM AVENUE UPPER LEVEL
48.46,96,Bronx,BE N STRATFORD AVENUE - CASTLE HILL AVE
43.49,451,Manhattan,Westside Hwy N 57th St - GWB
28.58,249,Brooklyn,BQE N LEONARD STREET - 46TH STREET
41.63,58,Manhattan,TBB W - FDR S MANHATTAN TRUSS - E116TH STREET
55.92,99,Staten Island,SIE E CLOVE ROAD - FINGERBOARD ROAD
53.43,205,Queens,CIP S LIE - Hempstead Tpk
50.95,232,Queens,CIP N LIE ramp - TNB
56.54,104,Staten Island,SIE W FINGERBOARD ROAD - CLOVE ROAD
55.92,67,Queens,Belt Pkwy W 182nd St - JFK Expressway
44.11,184,Queens,TBB N QUEENS ANCHORAGE - MANHATTAN LIFT SPAN
13.04,356,Brooklyn,VNB E SI GANTRY UPPER LEVEL - BROOKLYN GANTRY UPPER LEVEL
0.0,0,Manhattan,LINCOLN TUNNEL E CENTER TUBE NJ - NY
45.98,66,Queens,BE S TBB EXIT RAMP - MANHATTAN LIFT SPAN
42.87,255,Queens,CVE NB LIE - WILLETS PT BLVD
50.33,153,Staten Island,440 N FRANCIS STREET - WSE N TYRELLAN AVE
27.34,97,Staten Island,SIE E SOUTH AVENUE - RICHMOND AVENUE
21.12,125,Manhattan,FDR S Catherine Slip - BKN Bridge Manhattan Side
44.11,48,Brooklyn,GOW S VNB W 92ND STREET - BKLYN GANTRY UPPER LEVEL
39.76,53,Staten island,VNB W-SIE W SI GANTRY UPPER LEVEL - FINGERBOARD ROAD
53.43,104,Staten Island,SIE E CLOVE ROAD - FINGERBOARD ROAD
50.95,122,Staten Island,WSE S BLLOMINGDALE ROAD - TYRELLAN AVENUE
16.77,260,Bronx,MDE S HARLEM RIVER PARK - GWB W AMSTERDAM AVENUE UPPER LEVEL
50.33,42,Brooklyn,VNB E-GOWANUS N BROOKLYN GANTRY LOWER LEVEL - 92ND STREET
48.46,88,Bronx,CBE E AMSTERDAM AVE(U/LVL) - MORRIS AVE
0.0,0,Brooklyn,GOW S 7TH AVENUE - 92ND STREET
54.05,128,Staten Island,SIE W - WSE S SOUTH AVENUE - SOUTH AVENUE
24.85,150,Queens,Belt Pkwy W 182nd St - JFK Expressway
54.05,142,Staten Island,WSE S TYRELLAN AVENUE - 440 S FRANCIS STREET
53.43,104,Staten Island,SIE E CLOVE ROAD - FINGERBOARD ROAD
42.87,33,Staten Island,SIE W BRADLEY AVENUE - WOOLEY AVENUE
42.87,171,Manhattan,GWB E LOWER LEVEL PLAZA - CBE E LOWER LEVEL AMSTERDAM AVE
48.46,95,Bronx,BE N STRATFORD AVENUE - CASTLE HILL AVE
42.25,62,Manhattan,FDR S Catherine Slip - BKN Bridge Manhattan Side
41.63,173,Queens,TBB N QUEENS ANCHORAGE - BE N
53.43,83,Bronx,HRP N LAFAYETTE AVENUE - E TREMONT AVENUE
34.17,278,Queens,LIE WB LITTLE NECK PKWY - NB CVE
24.85,107,Queens,TNB S Qns Anchorage - CIP S @ TNB
6.83,783,Manhattan,11th ave n ganservoort - 12th ave @ 40th st
49.7,32,Staten Island,SIE E WOOLEY AVENUE - BRADLEY AVENUE
41.63,385,Queens,CIP NB GCP - TNB
49.08,134,Staten Island,SIE E BRADLEY AVENUE - CLOVE ROAD
47.84,247,Queens,CIP N LIE ramp - TNB
11.8,451,Manhattan,LINCOLN TUNNEL W CENTER TUBE NY - NJ
26.09,212,Manhattan,LINCOLN TUNNEL E CENTER TUBE NJ - NY
10.56,1118,Queens,Belt Pkwy W JFK Expressway - VWE N Jamaica Ave
0.0,0,Bronx,BRP S FORDHAM ROAD - WATSON AVENUE
44.73,48,Brooklyn,GOW S VNB W 92ND STREET - BKLYN GANTRY UPPER LEVEL
44.73,180,Queens,TBB N QUEENS ANCHORAGE - MANHATTAN LIFT SPAN
50.95,49,Bronx,CBE W CASTLE HILL AVENUE - TAYLOR AVENUE
55.3,123,Queens,TNB N Queens Anchorage - Toll Plaza
49.7,93,Brooklyn,VNB W BROOKLYN GANTRY UPPER LEVEL - SI GANTRY UPPER LEVEL
48.46,136,Staten Island,SIE E BRADLEY AVENUE - CLOVE ROAD
59.03,84,Staten Island,WSE N BLOOMUINGDALE ROAD - ARDEN AVENUE
0.0,0,Brooklyn,GOW N 92ND STREET - 7TH AVENUE
45.98,55,Bronx,HRP S Lafayette Ave - BWB S Toll Plaza
37.9,146,Manhattan,LINCOLN TUNNEL W CENTER TUBE NY - NJ
47.22,418,Manhattan,Westside Hwy S GWB - 57th St
27.34,396,Queens,VWE S MP2.66 (Exit 2 Rockaway Blvd) - Belt Pkwy E 182nd St
1.24,4672,Manhattan,BBT E Manhattan Portal - Toll Plaza
0.0,0,Manhattan,Westside Hwy N 57th St - GWB
57.78,129,Bronx,BE N Castle Hill Avenue - Griswold Ave
45.98,161,Bronx,BE S Griswold - Castle Hill Avenue
0.0,0,Staten Island,SIE E-MLK N RICHMOND AVENUE - WALKER STREET
52.19,123,Queens,BWB S Queens Anchorage - WSE S Exit 14 (Linden Pl)
61.51,132,Bronx,I-87 NYST S Exit 1 - MDE S Van Cortlandt Park
31.68,175,Manhattan,LINCOLN TUNNEL E CENTER TUBE NJ - NY
39.14,244,Queens,LIE WB LITTLE NECK PKWY - NB CVE
49.08,95,Brooklyn,VNB W BROOKLYN GANTRY UPPER LEVEL - SI GANTRY UPPER LEVEL
51.57,125,Queens,BWB S Queens Anchorage - WSE S Exit 14 (Linden Pl)
0.0,0,Brooklyn,GOW N 9TH STREET - ATLANTIC AVENUE
43.49,48,Brooklyn,GOW S VNB W 92ND STREET - BKLYN GANTRY UPPER LEVEL
18.64,139,Manhattan,BKN Bridge Manhattan Side - FDR N Catherine Slip
48.46,51,Bronx,BWB N Toll Plaza - HRP N Lafayatte Ave
47.84,44,Brooklyn,VNB E-GOWANUS N BROOKLYN GANTRY UPPER LEVEL - 92ND STREET
48.46,110,Queens,VWE S MP8.65 (Exit 13 Northern Blvd) - MP6.39 (Exit 11 Jewel Ave)
49.08,87,Bronx,CBE W MORRIS AVE - GWB W AMSTERDAM AVE (U/LVL)
41.63,56,Staten Island,SIE E VNB E FINGERBOARD ROAD - SI GANTRY LOWER LEVEL
50.95,108,Bronx,BRP N WATSON AVENUE - FORDHAM ROAD
0.0,0,Staten Island,MLK N WALKER STREET - NJ ROUTE 169
44.73,166,Queens,TBB S MANHATTAN LIFT SPAN - QUEENS ANCHORAGE
12.42,500,Manhattan,12th ave @ 45th - 11 ave ganservoort st
43.49,157,Queens,VWE S MP4.63 (Exit 6 Jamaica Ave) - MP2.66 (Exit 2 Roackaway Blvd)
0.0,0,Brooklyn,GOW S 9TH STREET - 7TH AVENUE
45.36,103,Bronx,BWB S Toll Plaza - Queens Anchorage
49.7,396,Manhattan,Westside Hwy S GWB - 57th St
18.01,126,Manhattan,12th Ave S 57th St - 45th St
51.57,55,Staten Island,WSE S SOUTH AVENUE - VICTORY BOULEVARD
20.5,430,Queens,VWE S MP6.39 (Exit 11 Jewel Ave) - MP4.63 (Exit 6 Jamaica Ave)
47.22,46,Queens,CIP N ramp to TNB - TNB Queens Anchorage
47.84,200,Queens,LIE WB LITTLE NECK PKWY - NB CVE
49.7,28,Staten Island,SIE W BRADLEY AVENUE - WOOLEY AVENUE
33.55,149,Queens,LIE E 84TH ST - 108TH ST
26.71,312,Bronx,CBE W U/LEV AMSTERDAM AVE - I95 S EXP LNS
0.0,0,Manhattan,LINCOLN TUNNEL W NORTH TUBE NY - NJ
38.52,143,Manhattan,LINCOLN TUNNEL E SOUTH TUBE - NJ - NY
0.0,0,Manhattan,West St S Spring St - BBT Manhattan Portal outbound
6.83,1182,Queens,TBB N QUEENS ANCHORAGE - MANHATTAN LIFT SPAN
27.96,217,Staten Island,WSE N-SIE E SOUTH AVENUE - SOUTH AVENUE
16.15,540,Queens,VWE S MP6.39 (Exit 11 Jewel Ave) - MP4.63 (Exit 6 Jamaica Ave)
16.77,192,Manhattan,12th Ave N 40th - 57th St
17.39,282,Manhattan,LINCOLN TUNNEL W NORTH TUBE NY - NJ
12.42,246,Queens,BE S TBB EXIT RAMP - MANHATTAN LIFT SPAN
49.08,94,Queens,BWB N Queens Anchorage - Toll Plaza
0.0,0,Brooklyn,GOW N 9TH STREET - ATLANTIC AVENUE
37.28,184,Manhattan,FDR S 63rd - 25th St
47.84,144,Queens,TNB S Toll Plaza - Queens Anchorage
47.84,29,Staten Island,SIE W BRADLEY AVENUE - WOOLEY AVENUE
49.7,54,Staten Island,SIE E SOUTH AVENUE - RICHMOND AVENUE
47.84,247,Queens,CIP N LIE ramp - TNB
55.3,149,Bronx,CBE E CASTLE HILL AVE - BE N WATERBURY AVE
36.03,152,Bronx,BRP N WATSON AVENUE - FORDHAM ROAD
21.12,75,Staten Island,SIE E WOOLEY AVENUE - BRADLEY AVENUE
52.19,54,Staten Island,WSE S SOUTH AVENUE - VICTORY BOULEVARD
54.68,107,Staten Island,SIE W FINGERBOARD ROAD - CLOVE ROAD
20.5,263,Manhattan,11th ave n ganservoort - 12th ave @ 40th st
54.05,72,Staten Island,SIE E RICHMOND AVENUE - WOOLEY AVENUE
0.0,0,Manhattan,LINCOLN TUNNEL E CENTER TUBE NJ - NY
0.0,0,Brooklyn,GOW N 92ND STREET - 7TH AVENUE
0.0,0,Brooklyn,GOW S 7TH AVENUE - 92ND STREET
44.73,199,Queens,VWE S MP6.39 (Exit 11 Jewel Ave) - MP4.63 (Exit 6 Jamaica Ave)
19.88,269,Queens,QMT W Toll Plaza - Manhattan Side
21.12,315,Staten Island,SIE E BRADLEY AVENUE - CLOVE ROAD
46.6,45,Staten Island,VNB W-SIE W SI GANTRY LOWER LEVEL - FINGERBOARD ROAD
44.73,83,Queens,Belt Pkwy W 182nd St - JFK Expressway
22.36,332,Manhattan,GWB E LOWER LEVEL PLAZA - CBE E LOWER LEVEL AMSTERDAM AVE
50.33,44,Queens,CIP N ramp to TNB - TNB Queens Anchorage
36.03,66,Manhattan,FDR N - TBB E 116TH STREET - MANHATTAN TRUSS
42.25,50,Brooklyn,GOW S VNB W 92ND STREET - BKLYN GANTRY UPPER LEVEL
21.12,427,Queens,Laurelton Pkwy S @ SSP - Belt Pkwy W 182nd St
36.03,246,Queens,VWE N MP4.63 (Exit 6 - Jamaica Ave) - MP6.39 (Exit 11 Jewel Ave)
11.18,981,Queens,CIP N Hempstead Tpk - LIE
14.29,579,Bronx,CBE W U/LEV AMSTERDAM AVE - I95 S EXP LNS
0.0,0,Manhattan,BQE N Atlantic Ave - MAN Bridge Manhattan Side
0.0,0,Staten Island,SIE W - MLK N WOOLEY AVENUE - WLAKER STREET
21.74,231,Bronx,MDE N RFK Bridge - 142nd St
52.19,81,Bronx,CBE W MORRIS AVE - GWB W AMSTERDAM AVE (U/LVL)
60.89,129,Staten Island,WSE S VICTORY BOULEVARD - ARDEN AVENUE
0.0,0,Staten Island,SIE E-MLK N RICHMOND AVENUE - WALKER STREET
47.22,83,Staten Island,SIE W WOOLEY AVENUE - RICHMOND AVENUE
21.74,74,Staten Island,SIE E WOOLEY AVENUE - BRADLEY AVENUE
50.33,127,Queens,Whitestone Expwy N Exit 14 (Linden Pl) - BWB N Queens Anchorage
42.25,176,Queens,TBB S MANHATTAN LIFT SPAN - QUEENS ANCHORAGE
59.03,103,Staten Island,WSE N-SIE E SOUTH AVENUE - SOUTH AVENUE
32.31,171,Manhattan,LINCOLN TUNNEL W CENTER TUBE NY - NJ
0.0,0,Brooklyn,GOW N 9TH STREET - ATLANTIC AVENUE
52.19,51,Staten Island,SIE E SOUTH AVENUE - RICHMOND AVENUE
48.46,55,Staten Island,SIE E SOUTH AVENUE - RICHMOND AVENUE
55.3,46,Bronx,CBE W CASTLE HILL AVENUE - TAYLOR AVENUE
51.57,76,Staten Island,SIE W WOOLEY AVENUE - RICHMOND AVENUE
42.25,218,Queens,Laurelton Pkwy S @ SSP - Belt Pkwy W 182nd St
5.59,941,Manhattan,West St S Spring St - BBT Manhattan Portal outbound
59.65,75,Bronx,HRP N LAFAYETTE AVENUE - E TREMONT AVENUE
51.57,75,Staten Island,SIE W WOOLEY AVENUE - RICHMOND AVENUE
8.07,759,Manhattan,12th ave @ 45th - 11 ave ganservoort st
0.0,0,Manhattan,BQE N Atlantic Ave - MAN Bridge Manhattan Side
57.78,287,Queens,CVE NB GCP - WILLETS PT BLVD
43.49,49,Brooklyn,GOW S VNB W 92ND STREET - BKLYN GANTRY UPPER LEVEL
8.07,537,Bronx,MDE S HARLEM RIVER PARK - GWB W AMSTERDAM AVENUE UPPER LEVEL
50.95,150,Staten Island,440 N FRANCIS STREET - WSE N TYRELLAN AVE
18.01,314,Manhattan,West St S Spring St - BBT Manhattan Portal outbound
61.51,187,Queens,CIP N TNB - Whitestone Expwy S Exit 14 (Linden Pl)
39.14,77,Queens,BE S TBB EXIT RAMP - MANHATTAN LIFT SPAN
5.59,723,Bronx,CBE W MORRIS AVE - GWB W AMSTERDAM AVE (U/LVL)
0.0,0,Staten Island,SIE W - MLK N WOOLEY AVENUE - WLAKER STREET
58.4,104,Staten Island,WSE N-SIE E SOUTH AVENUE - SOUTH AVENUE
41.63,56,Staten Island,SIE E VNB E FINGERBOARD ROAD - SI GANTRY UPPER LEVEL
59.03,100,Staten Island,SIE W FINGERBOARD ROAD - CLOVE ROAD
55.92,115,Queens,BWB S Queens Anchorage - WSE S Exit 14 (Linden Pl)
49.08,113,Bronx,BRP N WATSON AVENUE - FORDHAM ROAD
16.77,597,Manhattan,FDR S 25th St - Catherine Slip
33.55,165,Manhattan,LINCOLN TUNNEL W CENTER TUBE NY - NJ
0.0,0,Bronx,MDE N RFK Bridge - 142nd St
49.08,94,Brooklyn,VNB E SI GANTRY LOWER LEVEL - BROOLKYN GANTRY LOWER LEVEL
58.4,85,Staten Island,WSE N BLOOMUINGDALE ROAD - ARDEN AVENUE
38.52,204,Staten Island,WSE S VICTORY BOULEVARD - ARDEN AVENUE
53.43,86,Brooklyn,VNB E SI GANTRY LOWER LEVEL - BROOLKYN GANTRY LOWER LEVEL
38.52,130,Manhattan,LINCOLN TUNNEL W NORTH TUBE NY - NJ
0.0,0,Bronx,BRP S FORDHAM ROAD - WATSON AVENUE
12.42,262,Manhattan,12th Ave N 40th - 57th St
39.14,108,Bronx,CBE W MORRIS AVE - GWB W AMSTERDAM AVE (L/LVL)
13.04,573,Queens,TBB S MANHATTAN LIFT SPAN - QUEENS ANCHORAGE
44.11,113,Queens,LIE E 84TH ST - 108TH ST
42.25,50,Staten Island,VNB W-SIE W SI GANTRY LOWER LEVEL - FINGERBOARD ROAD
14.91,450,Manhattan,FDR N 25th - 63rd St
47.22,45,Brooklyn,GOW S VNB W 92ND STREET - BKLYN GANTRY UPPER LEVEL
14.91,356,Queens,QMT W Toll Plaza - Manhattan Side
43.49,49,Brooklyn,VNB E-GOWANUS N BROOKLYN GANTRY UPPER LEVEL - 92ND STREET
7.45,1020,Queens,TBB N QUEENS ANCHORAGE - MANHATTAN LIFT SPAN
27.34,422,Queens,CIP N TNB - Whitestone Expwy S Exit 14 (Linden Pl)
41.63,171,Brooklyn,BQE N LEONARD STREET - 46TH STREET
29.2,170,Queens,LIE E 84TH ST - 108TH ST
0.0,0,Staten Island,MLK N WALKER STREET - NJ ROUTE 169
33.55,164,Manhattan,LINCOLN TUNNEL W CENTER TUBE NY - NJ
0.0,0,Staten Island,ROUTE 169 S - MLK WALKER STREET
50.33,143,Manhattan,BQE N Atlantic Ave - BKN Bridge Manhattan Side
11.8,255,Queens,BE S TBB EXIT RAMP - MANHATTAN LIFT SPAN
52.81,88,Bronx,BE N STRATFORD AVENUE - CASTLE HILL AVE
55.3,48,Staten Island,SIE E SOUTH AVENUE - RICHMOND AVENUE
55.3,46,Bronx,CBE E TAYLOR AVENUE - CASTLE HILL AVENUE
65.24,68,Bronx,HRP N LAFAYETTE AVENUE - E TREMONT AVENUE
46.6,253,Queens,CIP N LIE ramp - TNB
55.3,83,Bronx,BWB S Toll Plaza - Queens Anchorage
34.79,128,Bronx,MDE S HARLEM RIVER PARK - GWB W AMSTERDAM AVENUE LOWER LEVEL
0.0,0,Bronx,BRP S FORDHAM ROAD - WATSON AVENUE
55.3,100,Queens,Whitestone Expwy S Exit 14 (Linden Pl) - VWE S MP8.65 (Exit 13 Northern Blvd)
40.38,109,Bronx,BE S CASTLE HILL AVENUE - STRATFORD AVENUE
3.72,563,Manhattan,12th Ave S 57th St - 45th St
52.81,88,Queens,BWB N Queens Anchorage - Toll Plaza
12.42,580,Queens,TBB N QUEENS ANCHORAGE - BE N
8.69,635,Manhattan,West St S Spring St - BBT Manhattan Portal outbound
30.44,166,Bronx,MDE N RFK Bridge - 142nd St
6.21,889,Manhattan,West St S Spring St - BBT Manhattan Portal outbound
45.36,240,Queens,CVE NB LIE - WILLETS PT BLVD
52.19,210,Queens,CVE NB LIE - WILLETS PT BLVD
38.52,265,Manhattan,FDR S 25th St - Catherine Slip
24.23,418,Manhattan,FDR S 25th St - Catherine Slip
6.21,660,Bronx,MDE S HARLEM RIVER PARK - GWB W AMSTERDAM AVENUE UPPER LEVEL
0.0,0,Queens,BE S TBB EXIT RAMP - QUEENS ANCHORAGE
47.84,97,Bronx,BE N STRATFORD AVENUE - CASTLE HILL AVE
0.0,0,Staten Island,SIE E-MLK N RICHMOND AVENUE - WALKER STREET
6.21,653,Bronx,MDE S HARLEM RIVER PARK - GWB W AMSTERDAM AVENUE UPPER LEVEL
54.68,143,Staten Island,WSE N ARDEN AVENUE - VICTORY BLVD
49.7,57,Staten Island,WSE S SOUTH AVENUE - VICTORY BOULEVARD
52.19,89,Brooklyn,VNB W BROOKLYN GANTRY UPPER LEVEL - SI GANTRY UPPER LEVEL
19.88,216,Bronx,MDE S HARLEM RIVER PARK - GWB W AMSTERDAM AVENUE UPPER LEVEL
58.4,135,Staten Island,WSE S VICTORY BOULEVARD - ARDEN AVENUE
0.0,0,Queens,BE S TBB EXIT RAMP - QUEENS ANCHORAGE
39.76,53,Brooklyn,GOW S VNB W 92ND STREET - BKLYN GANTRY UPPER LEVEL
60.89,114,Staten Island,SIE W - WSE S SOUTH AVENUE - SOUTH AVENUE
0.0,0,Staten Island,MLK N WALKER STREET - NJ ROUTE 169
1.86,2372,Manhattan,West St S Spring St - BBT Manhattan Portal outbound
7.45,419,Manhattan,11th ave s ganservoort - west st @ spring st
52.19,88,Brooklyn,VNB E SI GANTRY LOWER LEVEL - BROOLKYN GANTRY LOWER LEVEL
53.43,310,Queens,CVE NB GCP - WILLETS PT BLVD
0.0,0,Manhattan,BQE N Atlantic Ave - BKN Bridge Manhattan Side
52.81,118,Staten Island,WSE S BLLOMINGDALE ROAD - TYRELLAN AVENUE
22.36,317,Brooklyn,BQE S 46TH STREET - LEONARD STREET
5.59,882,Manhattan,11th ave n ganservoort - 12th ave @ 40th st
20.5,393,Queens,TBB N QUEENS ANCHORAGE - MANHATTAN LIFT SPAN
0.0,0,Manhattan,BQE N Atlantic Ave - BKN Bridge Manhattan Side
0.0,0,Brooklyn,GOW N 7TH AVENUE - 9TH STREET
55.3,90,Staten Island,WSE N BLOOMUINGDALE ROAD - ARDEN AVENUE
43.49,53,Staten Island,SIE E VNB E FINGERBOARD ROAD - SI GANTRY LOWER LEVEL
48.46,142,Manhattan,FDR N 25th - 63rd St
51.57,89,Bronx,BWB S Toll Plaza - Queens Anchorage
34.17,295,Manhattan,FDR S 25th St - Catherine Slip
54.05,47,Bronx,CBE E TAYLOR AVENUE - CASTLE HILL AVENUE
25.47,303,Queens,Laurelton Pkwy N @ SSP - CIP N Hempstead Tpk
15.53,171,Queens,TNB S Qns Anchorage - CIP S @ TNB
48.46,237,Queens,CIP N TNB - Whitestone Expwy S Exit 14 (Linden Pl)
43.49,49,Staten Island,VNB W-SIE W SI GANTRY LOWER LEVEL - FINGERBOARD ROAD
56.54,292,Queens,CVE NB GCP - WILLETS PT BLVD
43.49,171,Bronx,BE S Griswold - Castle Hill Avenue
46.6,54,Bronx,BWB N Toll Plaza - HRP N Lafayatte Ave
57.78,159,Queens,Belt Pkwy E 182nd St - Laurelton Pkwy N @ SSP
52.19,315,Queens,CVE NB GCP - WILLETS PT BLVD
11.8,752,Queens,VWE S MP6.39 (Exit 11 Jewel Ave) - MP4.63 (Exit 6 Jamaica Ave)
13.67,234,Manhattan,12th Ave N 40th - 57th St
0.0,0,Queens,TNB S Toll Plaza - Queens Anchorage
8.07,739,Manhattan,12th ave @ 45th - 11 ave ganservoort st
60.89,134,Bronx,I-87 NYST S Exit 1 - MDE S Van Cortlandt Park
22.99,305,Brooklyn,BQE N LEONARD STREET - 46TH STREET
59.65,105,Staten Island,WSE S BLLOMINGDALE ROAD - TYRELLAN AVENUE
49.7,108,Queens,VWE N MP6.39 (Exit 11 Jewel Ave) - MP8.65 (Exit 13 Northern Blvd)
45.36,196,Queens,VWE S MP6.39 (Exit 11 Jewel Ave) - MP4.63 (Exit 6 Jamaica Ave)
43.49,164,Queens,MDE S TBB EXIT RAMP - QUEENS ANCHORAGE
47.22,45,Brooklyn,VNB E-GOWANUS N BROOKLYN GANTRY LOWER LEVEL - 92ND STREET
13.04,603,Queens,Laurelton Pkwy N @ SSP - CIP N Hempstead Tpk
41.63,51,Staten island,VNB W-SIE W SI GANTRY UPPER LEVEL - FINGERBOARD ROAD
0.0,0,Queens,BE S TBB EXIT RAMP - QUEENS ANCHORAGE
24.23,329,Queens,TBB N QUEENS ANCHORAGE - MANHATTAN LIFT SPAN
27.96,157,Bronx,MDE S HARLEM RIVER PARK - GWB W AMSTERDAM AVENUE LOWER LEVEL
29.2,182,Queens,QMT W Toll Plaza - Manhattan Side
0.0,0,Staten Island,ROUTE 169 S - MLK WALKER STREET
41.01,201,Bronx,CBE W U/LEV AMSTERDAM AVE - I95 S EXP LNS
44.73,47,Brooklyn,VNB E-GOWANUS N BROOKLYN GANTRY UPPER LEVEL - 92ND STREET
54.68,137,Staten Island,WSE N TYRELLAN AVENUE - BLOOMINGDALE ROAD
41.63,188,Staten Island,WSE N ARDEN AVENUE - VICTORY BLVD
37.9,66,Bronx,BWB N Toll Plaza - HRP N Lafayatte Ave
49.7,75,Queens,Belt Pkwy W 182nd St - JFK Expressway
12.42,354,Bronx,MDE S HARLEM RIVER PARK - GWB W AMSTERDAM AVENUE LOWER LEVEL
21.74,254,Manhattan,LINCOLN TUNNEL W CENTER TUBE NY - NJ
0.0,0,Staten Island,ROUTE 169 S - MLK WALKER STREET
9.94,542,Manhattan,11th ave n ganservoort - 12th ave @ 40th st
9.94,428,Bronx,MDE S HARLEM RIVER PARK - GWB W AMSTERDAM AVENUE LOWER LEVEL
37.28,63,Manhattan,FDR N - TBB E 116TH STREET - MANHATTAN TRUSS
45.36,102,Brooklyn,VNB E SI GANTRY UPPER LEVEL - BROOKLYN GANTRY UPPER LEVEL
0.0,0,Queens,BE S TBB EXIT RAMP - QUEENS ANCHORAGE
8.07,293,Manhattan,TBB W - FDR S MANHATTAN TRUSS - E116TH STREET
40.38,52,Staten island,VNB W-SIE W SI GANTRY UPPER LEVEL - FINGERBOARD ROAD
44.73,258,Queens,CIP N TNB - Whitestone Expwy S Exit 14 (Linden Pl)
29.82,363,Queens,VWE S MP2.66 (Exit 2 Rockaway Blvd) - Belt Pkwy E 182nd St
42.87,167,Queens,BE S TBB EXIT RAMP - QUEENS ANCHORAGE
17.39,581,Manhattan,FDR N Catherine Slip - 25th St
49.7,111,Staten Island,SIE E CLOVE ROAD - FINGERBOARD ROAD
30.44,291,Queens,VWE N MP4.63 (Exit 6 - Jamaica Ave) - MP6.39 (Exit 11 Jewel Ave)
54.68,91,Queens,LIE W 108TH ST - 84TH ST
41.01,166,Manhattan,FDR N 25th - 63rd St
22.36,482,Queens,CIP S LIE - Hempstead Tpk
54.68,81,Bronx,BE S CASTLE HILL AVENUE - STRATFORD AVENUE
52.19,145,Queens,CIP S Hempstead Tpk - Laurelton Pkwy @ SSP
40.38,287,Queens,CIP N TNB - Whitestone Expwy S Exit 14 (Linden Pl)
54.68,200,Queens,CVE NB LIE - WILLETS PT BLVD
0.0,0,Manhattan,BQE N Atlantic Ave - MAN Bridge Manhattan Side
0.0,0,Manhattan,BBT E Manhattan Portal - Toll Plaza
43.49,53,Staten Island,SIE E VNB E FINGERBOARD ROAD - SI GANTRY UPPER LEVEL
31.68,137,Bronx,MDE S HARLEM RIVER PARK - GWB W AMSTERDAM AVENUE UPPER LEVEL
39.76,108,Bronx,MDE S HARLEM RIVER PARK - GWB W AMSTERDAM AVENUE UPPER LEVEL
57.78,136,Staten Island,WSE S VICTORY BOULEVARD - ARDEN AVENUE
0.0,0,Brooklyn,GOW N 9TH STREET - ATLANTIC AVENUE
52.81,71,Queens,Belt Pkwy W 182nd St - JFK Expressway
24.85,220,Queens,Whitestone Expwy S Exit 14 (Linden Pl) - VWE S MP8.65 (Exit 13 Northern Blvd)
54.68,125,Queens,TNB N Queens Anchorage - Toll Plaza
8.69,837,Queens,TBB N QUEENS ANCHORAGE - BE N
39.14,114,Bronx,BE S CASTLE HILL AVENUE - STRATFORD AVENUE
0.0,0,Manhattan,FDR S 63rd - 25th St
42.25,92,Queens,LIE WB LITTLE NECK PKWY - NB CIP
4.34,923,Bronx,CBE W MORRIS AVE - GWB W AMSTERDAM AVE (U/LVL)
18.01,129,Manhattan,FDR N - TBB E 116TH STREET - MANHATTAN TRUSS
57.78,86,Staten Island,WSE N BLOOMUINGDALE ROAD - ARDEN AVENUE
55.92,140,Staten Island,WSE N ARDEN AVENUE - VICTORY BLVD
45.98,155,Brooklyn,BQE S 46TH STREET - LEONARD STREET
32.31,74,Manhattan,FDR N - TBB E 116TH STREET - MANHATTAN TRUSS
31.68,347,Queens,CIP N Hempstead Tpk - LIE
8.69,841,Manhattan,GWB E LOWER LEVEL PLAZA - CBE E LOWER LEVEL AMSTERDAM AVE
27.96,232,Manhattan,BBT W Toll Plaza - Manhattan Portal
0.0,0,Manhattan,BQE N Atlantic Ave - MAN Bridge Manhattan Side
55.3,80,Bronx,HRP N LAFAYETTE AVENUE - E TREMONT AVENUE
24.23,203,Queens,LIE W 108TH ST - 84TH ST
39.76,139,Manhattan,LINCOLN TUNNEL E SOUTH TUBE - NJ - NY
50.95,73,Queens,Belt Pkwy W 182nd St - JFK Expressway
0.0,0,Staten Island,MLK S - SIE E WALKER STREET - WOOLEY AVENUE
55.92,98,Staten Island,SIE E CLOVE ROAD - FINGERBOARD ROAD
19.26,272,Queens,VWE S MP8.65 (Exit 13 Northern Blvd) - MP6.39 (Exit 11 Jewel Ave)
41.01,267,Queens,CIP N Hempstead Tpk - LIE
47.84,33,Staten Island,SIE E WOOLEY AVENUE - BRADLEY AVENUE
0.0,0,Manhattan,BBT E Manhattan Portal - Toll Plaza
45.36,355,Queens,CIP NB GCP - TNB
49.08,223,Queens,CVE NB LIE - WILLETS PT BLVD
49.08,152,Bronx,BE N Castle Hill Avenue - Griswold Ave
36.66,174,Queens,Whitestone Expwy N Exit 14 (Linden Pl) - BWB N Queens Anchorage
54.05,153,Bronx,CBE E CASTLE HILL AVE - BE N WATERBURY AVE
39.14,140,Bronx,BRP N WATSON AVENUE - FORDHAM ROAD
42.25,467,Manhattan,Westside Hwy N 57th St - GWB
52.81,88,Brooklyn,VNB E SI GANTRY LOWER LEVEL - BROOLKYN GANTRY LOWER LEVEL
55.92,88,Queens,LIE W 108TH ST - 84TH ST
0.0,0,Queens,LIE WB LITTLE NECK PKWY - NB CVE
50.95,91,Brooklyn,VNB E SI GANTRY LOWER LEVEL - BROOLKYN GANTRY LOWER LEVEL
27.34,303,Bronx,CBE W U/LEV AMSTERDAM AVE - I95 S EXP LNS
20.5,156,Manhattan,12th Ave N 40th - 57th St
49.7,107,Queens,VWE N MP8.64 (Exit 13 Northern Blvd) - Whitestone Expwy Exit 14 (Linden Pl)
52.19,137,Brooklyn,BQE N LEONARD STREET - 46TH STREET
0.0,0,Brooklyn,GOW N 92ND STREET - 7TH AVENUE
0.0,0,Staten Island,ROUTE 169 S - MLK WALKER STREET
50.33,98,Queens,LIE W 108TH ST - 84TH ST
0.0,0,Staten Island,SIE W - MLK N WOOLEY AVENUE - WLAKER STREET
29.2,220,Manhattan,BBT W Toll Plaza - Manhattan Portal
35.41,156,Manhattan,LINCOLN TUNNEL W CENTER TUBE NY - NJ
31.06,86,Queens,TNB S Qns Anchorage - CIP S @ TNB
0.0,0,Staten Island,MLK N WALKER STREET - NJ ROUTE 169
49.7,50,Bronx,BWB N Toll Plaza - HRP N Lafayatte Ave
0.0,0,Staten Island,MLK N WALKER STREET - NJ ROUTE 169
55.3,139,Staten Island,WSE S TYRELLAN AVENUE - 440 S FRANCIS STREET
59.03,118,Staten Island,SIE W - WSE S SOUTH AVENUE - SOUTH AVENUE
0.0,0,Queens,CIP S LIE - Hempstead Tpk
46.6,233,Queens,CVE NB LIE - WILLETS PT BLVD
0.0,0,Queens,Whitestone Expwy S Exit 14 (Linden Pl) - VWE S MP8.65 (Exit 13 Northern Blvd)
0.0,0,Staten Island,SIE W - MLK N WOOLEY AVENUE - WLAKER STREET
18.64,174,Manhattan,12th Ave N 40th - 57th St
15.53,455,Brooklyn,BQE S 46TH STREET - LEONARD STREET
57.16,192,Queens,CIP S LIE - Hempstead Tpk
52.81,84,Bronx,BE S CASTLE HILL AVENUE - STRATFORD AVENUE
29.82,421,Brooklyn,GOW S 9TH STREET - 7TH AVENUE
0.0,0,Staten Island,ROUTE 169 S - MLK WALKER STREET
46.6,46,Brooklyn,VNB E-GOWANUS N BROOKLYN GANTRY LOWER LEVEL - 92ND STREET
19.88,153,Queens,BE S TBB EXIT RAMP - MANHATTAN LIFT SPAN
0.0,0,Manhattan,LINCOLN TUNNEL E CENTER TUBE NJ - NY
42.87,174,Queens,TBB S MANHATTAN LIFT SPAN - QUEENS ANCHORAGE
55.3,290,Queens,CIP NB GCP - TNB
52.19,106,Staten Island,SIE E CLOVE ROAD - FINGERBOARD ROAD
15.53,190,Queens,BE S TBB EXIT RAMP - MANHATTAN LIFT SPAN
55.3,100,Queens,Whitestone Expwy S Exit 14 (Linden Pl) - VWE S MP8.65 (Exit 13 Northern Blvd)
53.43,143,Staten Island,WSE S TYRELLAN AVENUE - 440 S FRANCIS STREET
56.54,28,Staten Island,SIE E WOOLEY AVENUE - BRADLEY AVENUE
29.82,145,Bronx,MDE S HARLEM RIVER PARK - GWB W AMSTERDAM AVENUE UPPER LEVEL
50.95,105,Queens,VWE N MP6.39 (Exit 11 Jewel Ave) - MP8.65 (Exit 13 Northern Blvd)
45.36,48,Queens,CIP N ramp to TNB - TNB Queens Anchorage
52.19,148,Staten Island,WSE S TYRELLAN AVENUE - 440 S FRANCIS STREET
44.73,95,Bronx,CBE E AMSTERDAM AVE(U/LVL) - MORRIS AVE
51.57,49,Bronx,CBE E TAYLOR AVENUE - CASTLE HILL AVENUE
41.01,61,Bronx,BWB N Toll Plaza - HRP N Lafayatte Ave
55.3,298,Queens,CVE NB GCP - WILLETS PT BLVD
34.17,162,Bronx,BRP N WATSON AVENUE - FORDHAM ROAD
54.68,85,Bronx,BE N STRATFORD AVENUE - CASTLE HILL AVE
54.68,85,Brooklyn,VNB E SI GANTRY LOWER LEVEL - BROOLKYN GANTRY LOWER LEVEL
42.25,168,Brooklyn,BQE N LEONARD STREET - 46TH STREET
51.57,103,Queens,VWE N MP6.39 (Exit 11 Jewel Ave) - MP8.65 (Exit 13 Northern Blvd)
4.97,2285,Queens,Belt Pkwy W JFK Expressway - VWE N Jamaica Ave
15.53,269,Bronx,CBE AMSTERDAM AVE (L/LVL) - MORRIS AVE
11.18,235,Staten Island,SIE E SOUTH AVENUE - RICHMOND AVENUE
51.57,128,Staten Island,SIE E BRADLEY AVENUE - CLOVE ROAD
57.16,47,Staten Island,SIE E SOUTH AVENUE - RICHMOND AVENUE
1.24,4373,Manhattan,West St S Spring St - BBT Manhattan Portal outbound
37.28,245,Queens,Belt Pkwy E 182nd St - Laurelton Pkwy N @ SSP
16.15,447,Queens,MDE S TBB EXIT RAMP - QUEENS ANCHORAGE
40.38,114,Queens,BWB N Queens Anchorage - Toll Plaza
3.72,1747,Manhattan,FDR S 63rd - 25th St
58.4,157,Queens,Belt Pkwy E 182nd St - Laurelton Pkwy N @ SSP
0.0,0,Staten Island,MLK S - SIE E WALKER STREET - WOOLEY AVENUE
22.99,281,Manhattan,BBT E Manhattan Portal - Toll Plaza
0.0,0,Brooklyn,GOW N 9TH STREET - ATLANTIC AVENUE
46.6,114,Queens,VWE N MP8.64 (Exit 13 Northern Blvd) - Whitestone Expwy Exit 14 (Linden Pl)
55.3,119,Staten Island,SIE E BRADLEY AVENUE - CLOVE ROAD
47.84,115,Bronx,BRP S FORDHAM ROAD - WATSON AVENUE
54.68,52,Staten Island,WSE S SOUTH AVENUE - VICTORY BOULEVARD
55.92,122,Queens,TNB N Queens Anchorage - Toll Plaza
45.98,50,Staten Island,SIE E VNB E FINGERBOARD ROAD - SI GANTRY UPPER LEVEL
40.38,69,Queens,BE S TBB EXIT RAMP - MANHATTAN LIFT SPAN
60.27,77,Bronx,BE N STRATFORD AVENUE - CASTLE HILL AVE
19.26,276,Queens,VWE S MP8.65 (Exit 13 Northern Blvd) - MP6.39 (Exit 11 Jewel Ave)
25.47,207,Manhattan,QMT E Manhattan Side - Toll Plaza
49.7,112,Staten Island,SIE E CLOVE ROAD - FINGERBOARD ROAD
55.92,48,Queens,TNB S Qns Anchorage - CIP S @ TNB
0.0,0,Staten Island,MLK S - SIE E WALKER STREET - WOOLEY AVENUE
56.54,79,Bronx,HRP N LAFAYETTE AVENUE - E TREMONT AVENUE
0.0,0,Staten Island,ROUTE 169 S - MLK WALKER STREET
47.22,195,Queens,Laurelton Pkwy S @ SSP - Belt Pkwy W 182nd St
52.19,112,Staten Island,SIE W FINGERBOARD ROAD - CLOVE ROAD
47.22,95,Bronx,MDE S HARLEM RIVER PARK - GWB W AMSTERDAM AVENUE LOWER LEVEL
30.44,177,Manhattan,QMT E Manhattan Side - Toll Plaza
42.87,50,Staten Island,VNB W-SIE W SI GANTRY LOWER LEVEL - FINGERBOARD ROAD
0.0,0,Staten Island,MLK N WALKER STREET - NJ ROUTE 169
0.0,0,Staten Island,MLK N WALKER STREET - NJ ROUTE 169
0.0,0,Queens,CIP S Hempstead Tpk - Laurelton Pkwy @ SSP
22.99,334,Queens,Laurelton Pkwy N @ SSP - CIP N Hempstead Tpk
56.54,81,Bronx,BE N STRATFORD AVENUE - CASTLE HILL AVE
0.0,0,Staten Island,SIE E-MLK N RICHMOND AVENUE - WALKER STREET
62.13,52,Staten Island,WSE N VICTORY BLVD - SOUTH AVENUE
59.65,116,Staten Island,SIE W - WSE S SOUTH AVENUE - SOUTH AVENUE
6.83,320,Manhattan,12th Ave S 57th St - 45th St
35.41,184,Manhattan,BBT E Manhattan Portal - Toll Plaza
58.4,104,Staten Island,WSE N-SIE E SOUTH AVENUE - SOUTH AVENUE
37.28,526,Manhattan,Westside Hwy N 57th St - GWB
52.19,82,Brooklyn,GOW N 92ND STREET - 7TH AVENUE
56.54,194,Queens,CIP N Hempstead Tpk - LIE
54.05,112,Staten Island,WSE N-SIE E SOUTH AVENUE - SOUTH AVENUE
50.33,215,Queens,VWE S MP2.66 (Exit 2 Rockaway Blvd) - Belt Pkwy E 182nd St
60.89,64,Staten Island,SIE E RICHMOND AVENUE - WOOLEY AVENUE
49.08,44,Queens,CIP N ramp to TNB - TNB Queens Anchorage
47.22,91,Brooklyn,GOW S 7TH AVENUE - 92ND STREET
48.46,225,Queens,CIP N Hempstead Tpk - LIE
0.0,0,Staten Island,MLK S - SIE W WALKER STREET - RICHMOND AVENUE
31.68,233,Manhattan,GWB E LOWER LEVEL PLAZA - CBE E LOWER LEVEL AMSTERDAM AVE
19.88,357,Brooklyn,BQE N LEONARD STREET - 46TH STREET
47.22,233,Queens,CIP S LIE - Hempstead Tpk
55.92,108,Staten Island,WSE N-SIE E SOUTH AVENUE - SOUTH AVENUE
56.54,107,Staten Island,WSE N-SIE E SOUTH AVENUE - SOUTH AVENUE
39.76,498,Manhattan,Westside Hwy S GWB - 57th St
55.92,134,Staten Island,WSE N TYRELLAN AVENUE - BLOOMINGDALE ROAD
6.83,722,Queens,LIE E 84TH ST - 108TH ST
0.0,0,Queens,TNB S Toll Plaza - Queens Anchorage
0.0,0,Queens,TNB S Toll Plaza - Queens Anchorage
0.0,0,Staten Island,SIE W - MLK N WOOLEY AVENUE - WLAKER STREET
19.26,353,Manhattan,FDR N 25th - 63rd St
0.0,0,Brooklyn,BQE S - GOW S ALTANTIC AVENUE - 9TH STREET
11.8,436,Queens,QMT W Toll Plaza - Manhattan Side
18.64,174,Manhattan,12th Ave N 40th - 57th St
0.0,0,Brooklyn,GOW N 9TH STREET - ATLANTIC AVENUE
19.26,350,Manhattan,FDR N 25th - 63rd St
21.74,322,Brooklyn,BQE N LEONARD STREET - 46TH STREET
56.54,104,Staten Island,SIE W FINGERBOARD ROAD - CLOVE ROAD
44.73,48,Brooklyn,GOW S VNB W 92ND STREET - BKLYN GANTRY LOWER LEVEL
29.2,401,Queens,CIP N LIE ramp - TNB
62.75,83,Staten Island,WSE S ARDEN AVENUE - BLOOMINGDALE ROAD
49.08,51,Bronx,BWB N Toll Plaza - HRP N Lafayatte Ave
41.63,261,Queens,CIP N Hempstead Tpk - LIE
11.18,498,Manhattan,LINCOLN TUNNEL E CENTER TUBE NJ - NY
40.38,53,Staten island,VNB W-SIE W SI GANTRY UPPER LEVEL - FINGERBOARD ROAD
59.03,84,Queens,LIE W 108TH ST - 84TH ST
0.0,0,Staten Island,MLK S - SIE W WALKER STREET - RICHMOND AVENUE
51.57,55,Staten Island,WSE S SOUTH AVENUE - VICTORY BOULEVARD
21.12,187,Staten Island,SIE E RICHMOND AVENUE - WOOLEY AVENUE
27.34,300,Bronx,CBE W U/LEV AMSTERDAM AVE - I95 S EXP LNS
16.15,149,Manhattan,TBB W - FDR S MANHATTAN TRUSS - E116TH STREET
0.0,0,Staten Island,MLK S - SIE E WALKER STREET - WOOLEY AVENUE
34.79,122,Bronx,CBE W MORRIS AVE - GWB W AMSTERDAM AVE (L/LVL)
0.0,0,Staten Island,SIE E-MLK N RICHMOND AVENUE - WALKER STREET
54.05,99,Queens,VWE S MP8.65 (Exit 13 Northern Blvd) - MP6.39 (Exit 11 Jewel Ave)
55.3,198,Queens,CIP N Hempstead Tpk - LIE
34.79,154,Manhattan,QMT E Manhattan Side - Toll Plaza
14.91,306,Bronx,BWB S Toll Plaza - Queens Anchorage
54.05,99,Queens,VWE N MP6.39 (Exit 11 Jewel Ave) - MP8.65 (Exit 13 Northern Blvd)
34.17,78,Queens,TNB S Qns Anchorage - CIP S @ TNB
0.0,0,Manhattan,BQE N Atlantic Ave - BKN Bridge Manhattan Side
47.84,200,Queens,LIE WB LITTLE NECK PKWY - NB CVE
57.16,56,Staten Island,WSE N VICTORY BLVD - SOUTH AVENUE
53.43,86,Brooklyn,VNB E SI GANTRY LOWER LEVEL - BROOLKYN GANTRY LOWER LEVEL
51.57,89,Bronx,BWB S Toll Plaza - Queens Anchorage
17.39,318,Manhattan,LINCOLN TUNNEL E CENTER TUBE NJ - NY
11.8,358,Bronx,CBE W MORRIS AVE - GWB W AMSTERDAM AVE (U/LVL)
22.36,480,Queens,CIP N Hempstead Tpk - LIE
55.3,136,Staten Island,WSE N TYRELLAN AVENUE - BLOOMINGDALE ROAD
0.0,0,Brooklyn,GOW N 7TH AVENUE - 9TH STREET
56.54,107,Staten Island,WSE N-SIE E SOUTH AVENUE - SOUTH AVENUE
45.36,179,Queens,TBB N QUEENS ANCHORAGE - MANHATTAN LIFT SPAN
40.38,204,Bronx,CBE E CASTLE HILL AVE - BE N WATERBURY AVE
18.64,378,Queens,MDE S TBB EXIT RAMP - QUEENS ANCHORAGE
44.73,168,Queens,TBB S MANHATTAN LIFT SPAN - QUEENS ANCHORAGE
6.21,824,Manhattan,11th ave n ganservoort - 12th ave @ 40th st
31.06,179,Manhattan,LINCOLN TUNNEL E SOUTH TUBE - NJ - NY
0.0,0,Manhattan,LINCOLN TUNNEL E CENTER TUBE NJ - NY
25.47,214,Staten Island,SIE E CLOVE ROAD - FINGERBOARD ROAD
0.0,0,Staten Island,ROUTE 169 S - MLK WALKER STREET
18.01,236,Bronx,MDE S HARLEM RIVER PARK - GWB W AMSTERDAM AVENUE UPPER LEVEL
38.52,112,Bronx,MDE S HARLEM RIVER PARK - GWB W AMSTERDAM AVENUE UPPER LEVEL
36.03,551,Manhattan,Westside Hwy S GWB - 57th St
8.69,804,Manhattan,GWB E LOWER LEVEL PLAZA - CBE E LOWER LEVEL AMSTERDAM AVE
57.78,114,Staten Island,SIE E BRADLEY AVENUE - CLOVE ROAD
24.85,169,Bronx,CBE E AMSTERDAM AVE(U/LVL) - MORRIS AVE
41.63,132,Bronx,BRP N WATSON AVENUE - FORDHAM ROAD
0.0,0,Brooklyn,GOW S 9TH STREET - 7TH AVENUE
51.57,55,Staten Island,SIE W RICHMOND AVENUE - SOUTH AVENUE
0.0,0,Staten Island,SIE W - MLK N WOOLEY AVENUE - WLAKER STREET
53.43,147,Staten Island,WSE S VICTORY BOULEVARD - ARDEN AVENUE
52.19,88,Queens,BWB N Queens Anchorage - Toll Plaza
13.04,508,Manhattan,FDR N 25th - 63rd St
0.0,0,Brooklyn,GOW N 92ND STREET - 7TH AVENUE
42.25,105,Bronx,MDE S HARLEM RIVER PARK - GWB W AMSTERDAM AVENUE LOWER LEVEL
37.28,148,Manhattan,LINCOLN TUNNEL W CENTER TUBE NY - NJ
42.87,50,Brooklyn,GOW S VNB W 92ND STREET - BKLYN GANTRY UPPER LEVEL
46.6,34,Staten Island,SIE E WOOLEY AVENUE - BRADLEY AVENUE
53.43,53,Staten Island,WSE S SOUTH AVENUE - VICTORY BOULEVARD
55.3,166,Queens,Laurelton Pkwy S @ SSP - Belt Pkwy W 182nd St
17.39,128,Manhattan,12th Ave S 57th St - 45th St
30.44,175,Queens,QMT W Toll Plaza - Manhattan Side
17.39,249,Bronx,MDE S HARLEM RIVER PARK - GWB W AMSTERDAM AVENUE UPPER LEVEL
50.33,165,Bronx,CBE E CASTLE HILL AVE - BE N WATERBURY AVE
45.98,46,Brooklyn,GOW S VNB W 92ND STREET - BKLYN GANTRY LOWER LEVEL
59.03,155,Queens,Belt Pkwy E 182nd St - Laurelton Pkwy N @ SSP
54.68,151,Bronx,CBE E CASTLE HILL AVE - BE N WATERBURY AVE
48.46,88,Brooklyn,GOW S 7TH AVENUE - 92ND STREET
0.0,0,Staten Island,MLK S - SIE E WALKER STREET - WOOLEY AVENUE
0.0,0,Manhattan,BQE N Atlantic Ave - BKN Bridge Manhattan Side
49.08,51,Bronx,BWB N Toll Plaza - HRP N Lafayatte Ave
43.49,106,Queens,BWB N Queens Anchorage - Toll Plaza
0.0,0,Staten Island,ROUTE 169 S - MLK WALKER STREET
55.3,299,Queens,CVE NB GCP - WILLETS PT BLVD
49.08,86,Brooklyn,GOW S 7TH AVENUE - 92ND STREET
42.87,108,Bronx,BWB S Toll Plaza - Queens Anchorage
56.54,28,Staten Island,SIE E WOOLEY AVENUE - BRADLEY AVENUE
43.49,205,Queens,VWE S MP6.39 (Exit 11 Jewel Ave) - MP4.63 (Exit 6 Jamaica Ave)
43.49,90,Staten Island,SIE E RICHMOND AVENUE - WOOLEY AVENUE
61.51,99,Staten Island,WSE N-SIE E SOUTH AVENUE - SOUTH AVENUE
52.19,82,Bronx,CBE E AMSTERDAM AVE(U/LVL) - MORRIS AVE
52.19,316,Queens,CVE NB GCP - WILLETS PT BLVD
54.05,53,Staten Island,SIE W RICHMOND AVENUE - SOUTH AVENUE
32.93,168,Manhattan,LINCOLN TUNNEL W CENTER TUBE NY - NJ
37.9,180,Manhattan,FDR N 25th - 63rd St
55.3,107,Staten Island,SIE W FINGERBOARD ROAD - CLOVE ROAD
0.0,0,Staten Island,SIE E-MLK N RICHMOND AVENUE - WALKER STREET
41.63,51,Staten island,VNB W-SIE W SI GANTRY UPPER LEVEL - FINGERBOARD ROAD
0.0,0,Queens,BE S TBB EXIT RAMP - QUEENS ANCHORAGE
50.95,389,Manhattan,Westside Hwy S GWB - 57th St
42.25,60,Bronx,HRP S Lafayette Ave - BWB S Toll Plaza
48.46,114,Queens,Whitestone Expwy S Exit 14 (Linden Pl) - VWE S MP8.65 (Exit 13 Northern Blvd)
47.84,97,Bronx,BWB S Toll Plaza - Queens Anchorage
54.68,137,Bronx,BE N Castle Hill Avenue - Griswold Ave
54.05,85,Queens,BWB N Queens Anchorage - Toll Plaza
0.0,0,Staten Island,SIE W - MLK N WOOLEY AVENUE - WLAKER STREET
52.19,122,Queens,BWB S Queens Anchorage - WSE S Exit 14 (Linden Pl)
52.19,72,Queens,Belt Pkwy W 182nd St - JFK Expressway
48.46,88,Brooklyn,GOW S 7TH AVENUE - 92ND STREET
10.56,527,Manhattan,LINCOLN TUNNEL W CENTER TUBE NY - NJ
57.78,141,Bronx,I-87 NYST S Exit 1 - MDE S Van Cortlandt Park
47.22,203,Queens,LIE WB LITTLE NECK PKWY - NB CVE
0.0,0,Manhattan,BQE N Atlantic Ave - MAN Bridge Manhattan Side
5.59,955,Manhattan,11th ave n ganservoort - 12th ave @ 40th st
17.39,142,Bronx,HRP S Lafayette Ave - BWB S Toll Plaza
38.52,112,Bronx,CBE W MORRIS AVE - GWB W AMSTERDAM AVE (L/LVL)
47.22,243,Queens,CIP N TNB - Whitestone Expwy S Exit 14 (Linden Pl)
37.28,289,Queens,VWE S MP2.66 (Exit 2 Rockaway Blvd) - Belt Pkwy E 182nd St
0.0,0,Staten Island,SIE W - MLK N WOOLEY AVENUE - WLAKER STREET
55.92,137,Staten Island,WSE S TYRELLAN AVENUE - 440 S FRANCIS STREET
40.38,97,Queens,LIE WB LITTLE NECK PKWY - NB CIP
0.0,0,Brooklyn,GOW S 9TH STREET - 7TH AVENUE
41.01,479,Manhattan,Westside Hwy N 57th St - GWB
9.32,686,Manhattan,12th ave @ 45th - 11 ave ganservoort st
42.87,91,Queens,LIE WB LITTLE NECK PKWY - NB CIP
54.05,49,Staten Island,SIE E SOUTH AVENUE - RICHMOND AVENUE
22.99,190,Bronx,MDE S HARLEM RIVER PARK - GWB W AMSTERDAM AVENUE LOWER LEVEL
48.46,172,Bronx,CBE E CASTLE HILL AVE - BE N WATERBURY AVE
47.84,154,Manhattan,GWB E LOWER LEVEL PLAZA - CBE E LOWER LEVEL AMSTERDAM AVE
61.51,114,Staten Island,SIE W - WSE S SOUTH AVENUE - SOUTH AVENUE
32.31,198,Manhattan,BBT W Toll Plaza - Manhattan Portal
10.56,648,Brooklyn,BQE S 46TH STREET - LEONARD STREET
59.03,48,Staten Island,SIE W RICHMOND AVENUE - SOUTH AVENUE
54.68,136,Staten Island,WSE N TYRELLAN AVENUE - BLOOMINGDALE ROAD
0.0,0,Manhattan,BQE N Atlantic Ave - MAN Bridge Manhattan Side
0.0,0,Brooklyn,GOW S 9TH STREET - 7TH AVENUE
47.22,340,Queens,CIP NB GCP - TNB
54.68,151,Bronx,CBE E CASTLE HILL AVE - BE N WATERBURY AVE
42.87,58,Bronx,HRP S Lafayette Ave - BWB S Toll Plaza
0.0,0,Manhattan,BQE N Atlantic Ave - BKN Bridge Manhattan Side
32.31,81,Manhattan,FDR S Catherine Slip - BKN Bridge Manhattan Side
36.03,152,Bronx,BRP N WATSON AVENUE - FORDHAM ROAD
47.84,46,Queens,CIP N ramp to TNB - TNB Queens Anchorage
54.68,144,Staten Island,WSE N ARDEN AVENUE - VICTORY BLVD
41.63,51,Staten Island,VNB W-SIE W SI GANTRY LOWER LEVEL - FINGERBOARD ROAD
54.05,49,Staten Island,SIE E SOUTH AVENUE - RICHMOND AVENUE
45.98,100,Queens,BWB N Queens Anchorage - Toll Plaza
20.5,265,Bronx,BRP N WATSON AVENUE - FORDHAM ROAD
0.0,0,Manhattan,BBT E Manhattan Portal - Toll Plaza
0.0,0,Staten Island,MLK S - SIE E WALKER STREET - WOOLEY AVENUE
28.58,352,Manhattan,FDR S 25th St - Catherine Slip
37.28,295,Queens,CIP N Hempstead Tpk - LIE
46.6,47,Queens,CIP N ramp to TNB - TNB Queens Anchorage
54.68,85,Brooklyn,VNB W BROOKLYN GANTRY LOWER LEVEL - SI GANTRY LOWER LEVEL
56.54,283,Queens,CIP NB GCP - TNB
54.05,202,Queens,CVE NB LIE - WILLETS PT BLVD
48.46,158,Staten Island,WSE S TYRELLAN AVENUE - 440 S FRANCIS STREET
50.95,180,Queens,Laurelton Pkwy S @ SSP - Belt Pkwy W 182nd St
0.0,0,Staten Island,MLK S - SIE W WALKER STREET - RICHMOND AVENUE
50.95,45,Staten Island,SIE E VNB E FINGERBOARD ROAD - SI GANTRY LOWER LEVEL
32.31,156,Bronx,MDE N RFK Bridge - 142nd St
46.6,130,Staten Island,WSE N-SIE E SOUTH AVENUE - SOUTH AVENUE
62.75,83,Staten Island,WSE S ARDEN AVENUE - BLOOMINGDALE ROAD
0.0,0,Staten Island,SIE E-MLK N RICHMOND AVENUE - WALKER STREET
56.54,47,Queens,TNB S Qns Anchorage - CIP S @ TNB
50.95,100,Bronx,MDE N RFK Bridge - 142nd St
50.95,56,Staten Island,SIE W RICHMOND AVENUE - SOUTH AVENUE
64.62,61,Staten Island,SIE W WOOLEY AVENUE - RICHMOND AVENUE
37.9,168,Queens,Whitestone Expwy N Exit 14 (Linden Pl) - BWB N Queens Anchorage
50.95,144,Manhattan,GWB E LOWER LEVEL PLAZA - CBE E LOWER LEVEL AMSTERDAM AVE
45.98,161,Manhattan,GWB E LOWER LEVEL PLAZA - CBE E LOWER LEVEL AMSTERDAM AVE
28.58,192,Staten Island,SIE E CLOVE ROAD - FINGERBOARD ROAD
9.94,1981,Manhattan,Westside Hwy N 57th St - GWB
21.12,264,Bronx,BRP N WATSON AVENUE - FORDHAM ROAD
51.57,124,Queens,Whitestone Expwy N Exit 14 (Linden Pl) - BWB N Queens Anchorage
0.0,0,Manhattan,West St S Spring St - BBT Manhattan Portal outbound
45.36,261,Queens,CIP N LIE ramp - TNB
44.73,53,Manhattan,FDR N - TBB E 116TH STREET - MANHATTAN TRUSS
37.28,149,Manhattan,LINCOLN TUNNEL E SOUTH TUBE - NJ - NY
45.98,117,Queens,VWE S MP8.65 (Exit 13 Northern Blvd) - MP6.39 (Exit 11 Jewel Ave)
50.33,53,Queens,TNB S Qns Anchorage - CIP S @ TNB
19.26,222,Bronx,MDE S HARLEM RIVER PARK - GWB W AMSTERDAM AVENUE UPPER LEVEL
0.0,0,Staten Island,ROUTE 169 S - MLK WALKER STREET
3.72,1424,Manhattan,LINCOLN TUNNEL W CENTER TUBE NY - NJ
0.0,0,Staten Island,SIE E-MLK N RICHMOND AVENUE - WALKER STREET
45.36,146,Staten Island,SIE E BRADLEY AVENUE - CLOVE ROAD
56.54,98,Staten Island,SIE E CLOVE ROAD - FINGERBOARD ROAD
3.1,721,Bronx,CBE W CASTLE HILL AVENUE - TAYLOR AVENUE
0.0,0,Queens,Whitestone Expwy S Exit 14 (Linden Pl) - VWE S MP8.65 (Exit 13 Northern Blvd)
50.33,50,Bronx,BWB N Toll Plaza - HRP N Lafayatte Ave
57.78,86,Staten Island,WSE N BLOOMUINGDALE ROAD - ARDEN AVENUE
45.36,47,Brooklyn,GOW S VNB W 92ND STREET - BKLYN GANTRY UPPER LEVEL
56.54,131,Manhattan,GWB E LOWER LEVEL PLAZA - CBE E LOWER LEVEL AMSTERDAM AVE
7.45,294,Manhattan,12th Ave S 57th St - 45th St
49.08,51,Bronx,BWB N Toll Plaza - HRP N Lafayatte Ave
50.95,31,Staten Island,SIE E WOOLEY AVENUE - BRADLEY AVENUE
0.0,0,Staten Island,MLK S - SIE E WALKER STREET - WOOLEY AVENUE
42.25,55,Staten Island,SIE E VNB E FINGERBOARD ROAD - SI GANTRY LOWER LEVEL
14.29,302,Bronx,MDE S HARLEM RIVER PARK - GWB W AMSTERDAM AVENUE UPPER LEVEL
40.38,178,Queens,MDE S TBB EXIT RAMP - QUEENS ANCHORAGE
48.46,109,Queens,VWE N MP8.64 (Exit 13 Northern Blvd) - Whitestone Expwy Exit 14 (Linden Pl)
33.55,72,Manhattan,TBB W - FDR S MANHATTAN TRUSS - E116TH STREET
0.0,0,Staten Island,SIE W - MLK N WOOLEY AVENUE - WLAKER STREET
14.29,625,Queens,VWE S MP6.39 (Exit 11 Jewel Ave) - MP4.63 (Exit 6 Jamaica Ave)
0.0,0,Brooklyn,GOW N 92ND STREET - 7TH AVENUE
51.57,124,Queens,BWB S Queens Anchorage - WSE S Exit 14 (Linden Pl)
50.95,147,Bronx,BE S Griswold - Castle Hill Avenue
52.19,113,Staten Island,SIE W FINGERBOARD ROAD - CLOVE ROAD
57.16,137,Staten Island,WSE S VICTORY BOULEVARD - ARDEN AVENUE
0.0,0,Staten Island,ROUTE 169 S - MLK WALKER STREET
57.16,103,Staten Island,SIE W FINGERBOARD ROAD - CLOVE ROAD
14.91,493,Manhattan,GWB E LOWER LEVEL PLAZA - CBE E LOWER LEVEL AMSTERDAM AVE
57.16,115,Staten Island,SIE E BRADLEY AVENUE - CLOVE ROAD
54.05,146,Staten Island,WSE S VICTORY BOULEVARD - ARDEN AVENUE
20.5,344,Brooklyn,BQE S 46TH STREET - LEONARD STREET
53.43,171,Queens,Laurelton Pkwy S @ SSP - Belt Pkwy W 182nd St
5.59,766,Bronx,CBE AMSTERDAM AVE (L/LVL) - MORRIS AVE
0.0,0,Staten Island,MLK N WALKER STREET - NJ ROUTE 169
42.87,124,Queens,VWE N MP6.39 (Exit 11 Jewel Ave) - MP8.65 (Exit 13 Northern Blvd)
0.0,0,Staten Island,SIE W - MLK N WOOLEY AVENUE - WLAKER STREET
44.73,169,Queens,CIP S Hempstead Tpk - Laurelton Pkwy @ SSP
59.65,131,Staten Island,WSE S VICTORY BOULEVARD - ARDEN AVENUE
0.0,0,Queens,TNB S Toll Plaza - Queens Anchorage
32.31,169,Manhattan,LINCOLN TUNNEL W CENTER TUBE NY - NJ
0.0,0,Staten Island,MLK S - SIE E WALKER STREET - WOOLEY AVENUE
13.67,416,Manhattan,West St S Spring St - BBT Manhattan Portal outbound
47.84,164,Staten Island,WSE S VICTORY BOULEVARD - ARDEN AVENUE
51.57,89,Brooklyn,VNB E SI GANTRY LOWER LEVEL - BROOLKYN GANTRY LOWER LEVEL
57.16,161,Queens,Belt Pkwy E 182nd St - Laurelton Pkwy N @ SSP
54.68,125,Queens,TNB N Queens Anchorage - Toll Plaza
39.76,53,Staten island,VNB W-SIE W SI GANTRY UPPER LEVEL - FINGERBOARD ROAD
48.46,185,Queens,VWE N MP4.63 (Exit 6 - Jamaica Ave) - MP6.39 (Exit 11 Jewel Ave)
53.43,87,Bronx,BE N STRATFORD AVENUE - CASTLE HILL AVE
0.0,0,Queens,BE S TBB EXIT RAMP - QUEENS ANCHORAGE
0.0,0,Brooklyn,BQE S - GOW S ALTANTIC AVENUE - 9TH STREET
45.36,196,Queens,VWE S MP6.39 (Exit 11 Jewel Ave) - MP4.63 (Exit 6 Jamaica Ave)
54.68,26,Staten Island,SIE W BRADLEY AVENUE - WOOLEY AVENUE
3.1,913,Manhattan,11th ave s ganservoort - west st @ spring st
49.08,58,Staten Island,WSE S SOUTH AVENUE - VICTORY BOULEVARD
60.27,135,Bronx,I-87 NYST S Exit 1 - MDE S Van Cortlandt Park
52.19,119,Staten Island,WSE S BLLOMINGDALE ROAD - TYRELLAN AVENUE
21.74,324,Brooklyn,BQE N LEONARD STREET - 46TH STREET
62.13,83,Staten Island,WSE S ARDEN AVENUE - BLOOMINGDALE ROAD
62.75,62,Staten Island,SIE W WOOLEY AVENUE - RICHMOND AVENUE
42.87,119,Bronx,MDE N RFK Bridge - 142nd St
48.46,45,Queens,CIP N ramp to TNB - TNB Queens Anchorage
0.0,0,Manhattan,BQE N Atlantic Ave - MAN Bridge Manhattan Side
0.0,0,Queens,BE S TBB EXIT RAMP - QUEENS ANCHORAGE
52.81,205,Queens,CVE NB LIE - WILLETS PT BLVD
55.3,135,Bronx,BE N Castle Hill Avenue - Griswold Ave
56.54,291,Queens,CVE NB GCP - WILLETS PT BLVD
42.25,50,Staten Island,VNB W-SIE W SI GANTRY LOWER LEVEL - FINGERBOARD ROAD
7.45,1584,Queens,Belt Pkwy W JFK Expressway - VWE N Jamaica Ave
0.0,0,Brooklyn,GOW N 9TH STREET - ATLANTIC AVENUE
20.5,344,Queens,MDE S TBB EXIT RAMP - QUEENS ANCHORAGE
50.95,151,Staten Island,WSE S TYRELLAN AVENUE - 440 S FRANCIS STREET
59.65,75,Bronx,HRP N LAFAYETTE AVENUE - E TREMONT AVENUE
0.0,0,Manhattan,BQE N Atlantic Ave - BKN Bridge Manhattan Side
0.0,0,Staten Island,SIE E-MLK N RICHMOND AVENUE - WALKER STREET
21.12,123,Manhattan,FDR S Catherine Slip - BKN Bridge Manhattan Side
45.98,46,Staten Island,VNB W-SIE W SI GANTRY LOWER LEVEL - FINGERBOARD ROAD
54.68,101,Staten Island,SIE E CLOVE ROAD - FINGERBOARD ROAD
0.0,0,Staten Island,WSE S TYRELLAN AVENUE - 440 S FRANCIS STREET
42.25,55,Staten Island,SIE E VNB E FINGERBOARD ROAD - SI GANTRY LOWER LEVEL
50.33,75,Queens,Belt Pkwy W 182nd St - JFK Expressway
49.08,43,Brooklyn,GOW S VNB W 92ND STREET - BKLYN GANTRY LOWER LEVEL
54.68,46,Bronx,CBE E TAYLOR AVENUE - CASTLE HILL AVENUE
0.0,0,Staten Island,MLK S - SIE E WALKER STREET - WOOLEY AVENUE
60.27,130,Staten Island,WSE N ARDEN AVENUE - VICTORY BLVD
4.97,594,Manhattan,11th ave s ganservoort - west st @ spring st
55.3,199,Queens,CIP S LIE - Hempstead Tpk
3.1,1583,Manhattan,West St S Spring St - BBT Manhattan Portal outbound
46.6,345,Queens,CIP NB GCP - TNB
64.0,50,Staten Island,WSE N VICTORY BLVD - SOUTH AVENUE
25.47,195,Manhattan,LINCOLN TUNNEL W NORTH TUBE NY - NJ
3.72,1337,Bronx,BRP N WATSON AVENUE - FORDHAM ROAD
18.01,297,Queens,QMT W Toll Plaza - Manhattan Side
7.45,920,Queens,TNB N Queens Anchorage - Toll Plaza
44.11,161,Brooklyn,BQE N LEONARD STREET - 46TH STREET
57.78,43,Bronx,CBE E TAYLOR AVENUE - CASTLE HILL AVENUE
41.63,34,Staten Island,SIE W BRADLEY AVENUE - WOOLEY AVENUE
0.0,0,Brooklyn,GOW N 9TH STREET - ATLANTIC AVENUE
42.25,162,Manhattan,FDR S 63rd - 25th St
31.68,147,Bronx,BE N STRATFORD AVENUE - CASTLE HILL AVE
47.84,97,Brooklyn,VNB E SI GANTRY UPPER LEVEL - BROOKLYN GANTRY UPPER LEVEL
50.95,97,Queens,LIE W 108TH ST - 84TH ST
0.0,0,Staten Island,MLK S - SIE E WALKER STREET - WOOLEY AVENUE
39.76,110,Bronx,MDE S HARLEM RIVER PARK - GWB W AMSTERDAM AVENUE UPPER LEVEL
52.19,143,Bronx,BE N Castle Hill Avenue - Griswold Ave
22.99,438,Manhattan,FDR N Catherine Slip - 25th St
52.19,82,Bronx,CBE E AMSTERDAM AVE(U/LVL) - MORRIS AVE
52.19,146,Queens,CIP S Hempstead Tpk - Laurelton Pkwy @ SSP
0.0,0,Bronx,BRP S FORDHAM ROAD - WATSON AVENUE
50.95,27,Staten Island,SIE W BRADLEY AVENUE - WOOLEY AVENUE
45.98,82,Queens,Belt Pkwy W 182nd St - JFK Expressway
57.78,129,Bronx,BE S Griswold - Castle Hill Avenue
50.33,152,Staten Island,440 N FRANCIS STREET - WSE N TYRELLAN AVE
44.73,164,Manhattan,GWB E LOWER LEVEL PLAZA - CBE E LOWER LEVEL AMSTERDAM AVE
50.33,128,Queens,Whitestone Expwy N Exit 14 (Linden Pl) - BWB N Queens Anchorage
0.0,0,Brooklyn,GOW S 9TH STREET - 7TH AVENUE
0.0,0,Staten Island,MLK S - SIE E WALKER STREET - WOOLEY AVENUE
49.7,236,Queens,CIP N LIE ramp - TNB
38.52,63,Manhattan,TBB W - FDR S MANHATTAN TRUSS - E116TH STREET
49.7,86,Bronx,CBE E AMSTERDAM AVE(U/LVL) - MORRIS AVE
45.98,140,Queens,BWB S Queens Anchorage - WSE S Exit 14 (Linden Pl)
0.0,0,Brooklyn,BQE S - GOW S ALTANTIC AVENUE - 9TH STREET
19.26,371,Queens,MDE S TBB EXIT RAMP - QUEENS ANCHORAGE
54.05,140,Queens,CIP S Hempstead Tpk - Laurelton Pkwy @ SSP
36.03,137,Manhattan,LINCOLN TUNNEL W NORTH TUBE NY - NJ
0.0,0,Brooklyn,BQE S - GOW S ALTANTIC AVENUE - 9TH STREET
43.49,171,Queens,TBB S MANHATTAN LIFT SPAN - QUEENS ANCHORAGE
0.0,0,Brooklyn,BQE S - GOW S ALTANTIC AVENUE - 9TH STREET
28.58,355,Manhattan,FDR S 25th St - Catherine Slip
52.81,168,Queens,VWE N MP4.63 (Exit 6 - Jamaica Ave) - MP6.39 (Exit 11 Jewel Ave)
48.46,147,Brooklyn,BQE S 46TH STREET - LEONARD STREET
36.03,198,Brooklyn,BQE S 46TH STREET - LEONARD STREET
42.25,101,Bronx,CBE W MORRIS AVE - GWB W AMSTERDAM AVE (U/LVL)
53.43,86,Brooklyn,VNB E SI GANTRY LOWER LEVEL - BROOLKYN GANTRY LOWER LEVEL
26.71,279,Queens,TBB S MANHATTAN LIFT SPAN - QUEENS ANCHORAGE
0.0,0,Bronx,BRP S FORDHAM ROAD - WATSON AVENUE
42.87,50,Staten island,VNB W-SIE W SI GANTRY UPPER LEVEL - FINGERBOARD ROAD
0.0,0,Brooklyn,GOW S 9TH STREET - 7TH AVENUE
48.46,110,Queens,VWE N MP6.39 (Exit 11 Jewel Ave) - MP8.65 (Exit 13 Northern Blvd)
15.53,440,Manhattan,FDR N 25th - 63rd St
46.6,95,Bronx,MDE S HARLEM RIVER PARK - GWB W AMSTERDAM AVENUE LOWER LEVEL
32.93,169,Manhattan,LINCOLN TUNNEL E SOUTH TUBE - NJ - NY
57.16,81,Bronx,BE N STRATFORD AVENUE - CASTLE HILL AVE
53.43,87,Queens,BWB N Queens Anchorage - Toll Plaza
42.25,195,Bronx,CBE W U/LEV AMSTERDAM AVE - I95 S EXP LNS
47.22,49,Staten Island,SIE E VNB E FINGERBOARD ROAD - SI GANTRY UPPER LEVEL
45.36,239,Queens,CVE NB LIE - WILLETS PT BLVD
55.3,29,Staten Island,SIE E WOOLEY AVENUE - BRADLEY AVENUE
52.19,88,Bronx,BWB S Toll Plaza - Queens Anchorage
0.0,0,Brooklyn,BQE S - GOW S ALTANTIC AVENUE - 9TH STREET
27.34,85,Manhattan,FDR N - TBB E 116TH STREET - MANHATTAN TRUSS
26.09,620,Queens,CIP NB GCP - TNB
15.53,293,Bronx,BWB S Toll Plaza - Queens Anchorage
0.0,0,Manhattan,11th ave s ganservoort - west st @ spring st
48.46,88,Bronx,CBE W MORRIS AVE - GWB W AMSTERDAM AVE (L/LVL)
51.57,49,Bronx,CBE W CASTLE HILL AVENUE - TAYLOR AVENUE
57.78,44,Bronx,CBE E TAYLOR AVENUE - CASTLE HILL AVENUE
46.6,109,Bronx,MDE N RFK Bridge - 142nd St
52.81,50,Queens,TNB S Qns Anchorage - CIP S @ TNB
52.81,118,Staten Island,WSE S BLLOMINGDALE ROAD - TYRELLAN AVENUE
51.57,213,Queens,CIP N Hempstead Tpk - LIE
67.72,76,Staten Island,WSE S ARDEN AVENUE - BLOOMINGDALE ROAD
0.0,0,Manhattan,BQE N Atlantic Ave - BKN Bridge Manhattan Side
45.36,203,Queens,Belt Pkwy E 182nd St - Laurelton Pkwy N @ SSP
26.09,245,Manhattan,BBT W Toll Plaza - Manhattan Portal
3.1,2576,Bronx,CBE W L/LE V AMSTERDAM AVE - I 95 S LOC LNS
31.06,80,Bronx,HRP S Lafayette Ave - BWB S Toll Plaza
37.9,146,Manhattan,LINCOLN TUNNEL W CENTER TUBE NY - NJ
56.54,94,Queens,VWE N MP8.64 (Exit 13 Northern Blvd) - Whitestone Expwy Exit 14 (Linden Pl)
22.99,306,Brooklyn,BQE N LEONARD STREET - 46TH STREET
4.34,496,Manhattan,12th Ave S 57th St - 45th St
26.09,420,Queens,CIP N Hempstead Tpk - LIE
13.04,246,Manhattan,12th Ave N 40th - 57th St
47.22,45,Brooklyn,VNB E-GOWANUS N BROOKLYN GANTRY LOWER LEVEL - 92ND STREET
24.85,106,Queens,TNB S Qns Anchorage - CIP S @ TNB
54.68,144,Staten Island,WSE N ARDEN AVENUE - VICTORY BLVD
18.64,539,Manhattan,FDR N Catherine Slip - 25th St
49.08,104,Bronx,MDE N RFK Bridge - 142nd St
32.93,272,Queens,VWE N MP4.63 (Exit 6 - Jamaica Ave) - MP6.39 (Exit 11 Jewel Ave)
40.38,67,Queens,TNB S Qns Anchorage - CIP S @ TNB
52.19,89,Brooklyn,VNB W BROOKLYN GANTRY UPPER LEVEL - SI GANTRY UPPER LEVEL
44.73,124,Bronx,BRP N WATSON AVENUE - FORDHAM ROAD
27.34,397,Queens,VWE S MP2.66 (Exit 2 Rockaway Blvd) - Belt Pkwy E 182nd St
42.25,177,Queens,TBB S MANHATTAN LIFT SPAN - QUEENS ANCHORAGE
0.0,0,Manhattan,BQE N Atlantic Ave - MAN Bridge Manhattan Side
42.87,194,Bronx,CBE E CASTLE HILL AVE - BE N WATERBURY AVE
33.55,77,Manhattan,BKN Bridge Manhattan Side - FDR N Catherine Slip
0.0,0,Queens,BE S TBB EXIT RAMP - QUEENS ANCHORAGE
0.0,0,Brooklyn,GOW S 7TH AVENUE - 92ND STREET
11.18,479,Manhattan,LINCOLN TUNNEL W CENTER TUBE NY - NJ
47.22,45,Brooklyn,VNB E-GOWANUS N BROOKLYN GANTRY UPPER LEVEL - 92ND STREET
52.19,206,Queens,VWE S MP2.66 (Exit 2 Rockaway Blvd) - Belt Pkwy E 182nd St
58.4,126,Manhattan,GWB E LOWER LEVEL PLAZA - CBE E LOWER LEVEL AMSTERDAM AVE
0.0,0,Queens,TNB S Toll Plaza - Queens Anchorage
49.7,150,Bronx,BE N Castle Hill Avenue - Griswold Ave
57.16,106,Staten Island,WSE N-SIE E SOUTH AVENUE - SOUTH AVENUE
49.08,140,Queens,TNB N Queens Anchorage - Toll Plaza
47.84,53,Bronx,CBE E TAYLOR AVENUE - CASTLE HILL AVENUE
21.12,336,Queens,MDE S TBB EXIT RAMP - QUEENS ANCHORAGE
0.0,0,Brooklyn,GOW N 9TH STREET - ATLANTIC AVENUE
47.84,52,Bronx,CBE E TAYLOR AVENUE - CASTLE HILL AVENUE
3.72,595,Manhattan,12th Ave S 57th St - 45th St
27.96,338,Queens,LIE WB LITTLE NECK PKWY - NB CVE
41.01,183,Queens,TBB S MANHATTAN LIFT SPAN - QUEENS ANCHORAGE
50.33,153,Staten Island,WSE S TYRELLAN AVENUE - 440 S FRANCIS STREET
44.11,121,Queens,VWE S MP8.65 (Exit 13 Northern Blvd) - MP6.39 (Exit 11 Jewel Ave)
0.0,0,Brooklyn,GOW N 7TH AVENUE - 9TH STREET
53.43,128,Queens,TNB S Toll Plaza - Queens Anchorage
39.14,200,Staten Island,WSE S VICTORY BOULEVARD - ARDEN AVENUE
59.65,66,Staten Island,SIE E RICHMOND AVENUE - WOOLEY AVENUE
51.57,229,Queens,CIP N LIE ramp - TNB
36.66,127,Bronx,BE N STRATFORD AVENUE - CASTLE HILL AVE
57.16,78,Bronx,HRP N LAFAYETTE AVENUE - E TREMONT AVENUE
52.19,143,Bronx,BE N Castle Hill Avenue - Griswold Ave
57.16,97,Staten Island,SIE E CLOVE ROAD - FINGERBOARD ROAD
56.54,139,Staten Island,WSE N ARDEN AVENUE - VICTORY BLVD
45.36,179,Queens,TBB N QUEENS ANCHORAGE - MANHATTAN LIFT SPAN
49.7,158,Staten Island,WSE S VICTORY BOULEVARD - ARDEN AVENUE
47.22,135,Queens,Whitestone Expwy N Exit 14 (Linden Pl) - BWB N Queens Anchorage
54.68,46,Bronx,CBE W CASTLE HILL AVENUE - TAYLOR AVENUE
0.0,0,Brooklyn,GOW N 92ND STREET - 7TH AVENUE
50.33,57,Staten Island,WSE S SOUTH AVENUE - VICTORY BOULEVARD
54.68,302,Queens,CVE NB GCP - WILLETS PT BLVD
0.0,0,Queens,BE S TBB EXIT RAMP - QUEENS ANCHORAGE
56.54,104,Staten Island,SIE W FINGERBOARD ROAD - CLOVE ROAD
50.95,87,Bronx,BE S CASTLE HILL AVENUE - STRATFORD AVENUE
51.57,127,Staten Island,SIE E BRADLEY AVENUE - CLOVE ROAD
42.87,254,Queens,CVE NB LIE - WILLETS PT BLVD
50.33,110,Queens,Whitestone Expwy S Exit 14 (Linden Pl) - VWE S MP8.65 (Exit 13 Northern Blvd)
44.73,100,Bronx,MDE S HARLEM RIVER PARK - GWB W AMSTERDAM AVENUE LOWER LEVEL
51.57,145,Staten Island,WSE N TYRELLAN AVENUE - BLOOMINGDALE ROAD
60.27,273,Queens,CVE NB GCP - WILLETS PT BLVD
45.98,207,Queens,LIE WB LITTLE NECK PKWY - NB CVE
44.11,174,Staten Island,440 N FRANCIS STREET - WSE N TYRELLAN AVE
55.92,90,Staten Island,WSE N BLOOMUINGDALE ROAD - ARDEN AVENUE
50.33,85,Brooklyn,GOW S 7TH AVENUE - 92ND STREET
0.0,0,Brooklyn,BQE S - GOW S ALTANTIC AVENUE - 9TH STREET
42.25,101,Bronx,CBE AMSTERDAM AVE (L/LVL) - MORRIS AVE
58.4,85,Queens,LIE W 108TH ST - 84TH ST
45.36,55,Bronx,BWB N Toll Plaza - HRP N Lafayatte Ave
54.05,82,Bronx,HRP N LAFAYETTE AVENUE - E TREMONT AVENUE
44.73,119,Queens,VWE N MP6.39 (Exit 11 Jewel Ave) - MP8.65 (Exit 13 Northern Blvd)
45.36,179,Queens,TBB N QUEENS ANCHORAGE - MANHATTAN LIFT SPAN
41.63,129,Queens,VWE S MP8.65 (Exit 13 Northern Blvd) - MP6.39 (Exit 11 Jewel Ave)
9.94,236,Manhattan,TBB W - FDR S MANHATTAN TRUSS - E116TH STREET
42.87,53,Staten Island,SIE E VNB E FINGERBOARD ROAD - SI GANTRY UPPER LEVEL
37.9,145,Manhattan,LINCOLN TUNNEL E CENTER TUBE NJ - NY
55.92,57,Staten Island,WSE N VICTORY BLVD - SOUTH AVENUE
0.0,0,Manhattan,LINCOLN TUNNEL W NORTH TUBE NY - NJ
0.0,0,Manhattan,BQE N Atlantic Ave - BKN Bridge Manhattan Side
39.14,210,Bronx,CBE W U/LEV AMSTERDAM AVE - I95 S EXP LNS
0.0,0,Staten Island,ROUTE 169 S - MLK WALKER STREET
16.15,309,Staten Island,WSE N BLOOMUINGDALE ROAD - ARDEN AVENUE
0.0,0,Manhattan,BBT E Manhattan Portal - Toll Plaza
57.16,47,Queens,TNB S Qns Anchorage - CIP S @ TNB
44.73,47,Brooklyn,GOW S VNB W 92ND STREET - BKLYN GANTRY UPPER LEVEL
50.95,122,Staten Island,WSE S BLLOMINGDALE ROAD - TYRELLAN AVENUE
54.05,142,Staten Island,440 N FRANCIS STREET - WSE N TYRELLAN AVE
36.66,115,Bronx,CBE W MORRIS AVE - GWB W AMSTERDAM AVE (L/LVL)
20.5,264,Manhattan,LINCOLN TUNNEL E SOUTH TUBE - NJ - NY
50.95,130,Staten Island,SIE E BRADLEY AVENUE - CLOVE ROAD
0.0,0,Manhattan,BQE N Atlantic Ave - BKN Bridge Manhattan Side
34.79,160,Manhattan,LINCOLN TUNNEL E SOUTH TUBE - NJ - NY
45.36,196,Queens,VWE S MP6.39 (Exit 11 Jewel Ave) - MP4.63 (Exit 6 Jamaica Ave)
24.23,107,Manhattan,BKN Bridge Manhattan Side - FDR N Catherine Slip
54.68,71,Staten Island,SIE E RICHMOND AVENUE - WOOLEY AVENUE
55.3,48,Staten Island,SIE E SOUTH AVENUE - RICHMOND AVENUE
60.27,86,Staten Island,WSE S ARDEN AVENUE - BLOOMINGDALE ROAD
0.0,0,Staten Island,ROUTE 169 S - MLK WALKER STREET
46.6,100,Bronx,BWB S Toll Plaza - Queens Anchorage
5.59,704,Brooklyn,BQE S - GOW S ALTANTIC AVENUE - 9TH STREET
62.75,51,Staten Island,WSE N VICTORY BLVD - SOUTH AVENUE
0.0,0,Staten Island,ROUTE 169 S - MLK WALKER STREET
19.26,479,Queens,Belt Pkwy E 182nd St - Laurelton Pkwy N @ SSP
0.0,0,Staten Island,ROUTE 169 S - MLK WALKER STREET
10.56,1152,Queens,Belt Pkwy W JFK Expressway - VWE N Jamaica Ave
35.41,220,Staten Island,WSE S VICTORY BOULEVARD - ARDEN AVENUE
51.57,55,Staten Island,WSE S SOUTH AVENUE - VICTORY BOULEVARD
6.83,476,Manhattan,12th Ave N 40th - 57th St
1.24,4096,Queens,QMT W Toll Plaza - Manhattan Side
19.88,287,Manhattan,West St S Spring St - BBT Manhattan Portal outbound
54.05,170,Queens,Laurelton Pkwy S @ SSP - Belt Pkwy W 182nd St
52.19,106,Queens,Whitestone Expwy S Exit 14 (Linden Pl) - VWE S MP8.65 (Exit 13 Northern Blvd)
8.69,599,Manhattan,11th ave n ganservoort - 12th ave @ 40th st
54.68,137,Bronx,BE S Griswold - Castle Hill Avenue
49.7,89,Bronx,BE S CASTLE HILL AVENUE - STRATFORD AVENUE
22.36,223,Manhattan,LINCOLN TUNNEL W NORTH TUBE NY - NJ
22.99,445,Manhattan,FDR S 25th St - Catherine Slip
49.7,57,Staten Island,WSE S SOUTH AVENUE - VICTORY BOULEVARD
0.0,0,Manhattan,QMT E Manhattan Side - Toll Plaza
54.05,99,Queens,VWE N MP6.39 (Exit 11 Jewel Ave) - MP8.65 (Exit 13 Northern Blvd)
42.87,184,Staten Island,WSE N ARDEN AVENUE - VICTORY BLVD
47.84,96,Bronx,BWB S Toll Plaza - Queens Anchorage
37.28,116,Bronx,MDE S HARLEM RIVER PARK - GWB W AMSTERDAM AVENUE UPPER LEVEL
19.26,287,Bronx,BRP N WATSON AVENUE - FORDHAM ROAD
19.88,535,Queens,VWE S MP2.66 (Exit 2 Rockaway Blvd) - Belt Pkwy E 182nd St
34.17,189,Manhattan,BBT W Toll Plaza - Manhattan Portal
49.08,108,Queens,VWE N MP6.39 (Exit 11 Jewel Ave) - MP8.65 (Exit 13 Northern Blvd)
0.0,0,Staten Island,MLK S - SIE W WALKER STREET - RICHMOND AVENUE
49.08,94,Queens,BWB N Queens Anchorage - Toll Plaza
52.19,82,Brooklyn,GOW S 7TH AVENUE - 92ND STREET
27.34,181,Queens,LIE W 108TH ST - 84TH ST
50.95,90,Brooklyn,VNB E SI GANTRY LOWER LEVEL - BROOLKYN GANTRY LOWER LEVEL
52.19,131,Queens,VWE S MP4.63 (Exit 6 Jamaica Ave) - MP2.66 (Exit 2 Roackaway Blvd)
19.88,270,Manhattan,11th ave n ganservoort - 12th ave @ 40th st
13.67,306,Bronx,CBE AMSTERDAM AVE (L/LVL) - MORRIS AVE
54.68,303,Queens,CVE NB GCP - WILLETS PT BLVD
8.07,1450,Queens,Belt Pkwy W JFK Expressway - VWE N Jamaica Ave
47.84,44,Brooklyn,VNB E-GOWANUS N BROOKLYN GANTRY LOWER LEVEL - 92ND STREET
39.14,129,Bronx,MDE N RFK Bridge - 142nd St
44.11,48,Brooklyn,GOW S VNB W 92ND STREET - BKLYN GANTRY UPPER LEVEL
47.22,45,Brooklyn,VNB E-GOWANUS N BROOKLYN GANTRY UPPER LEVEL - 92ND STREET
52.19,119,Staten Island,WSE S BLLOMINGDALE ROAD - TYRELLAN AVENUE
17.39,338,Staten Island,SIE W FINGERBOARD ROAD - CLOVE ROAD
46.6,114,Queens,VWE N MP8.64 (Exit 13 Northern Blvd) - Whitestone Expwy Exit 14 (Linden Pl)
43.49,58,Bronx,HRP S Lafayette Ave - BWB S Toll Plaza
0.0,0,Bronx,CBE W L/LE V AMSTERDAM AVE - I 95 S LOC LNS
23.61,236,Manhattan,LINCOLN TUNNEL E SOUTH TUBE - NJ - NY
31.06,76,Manhattan,FDR N - TBB E 116TH STREET - MANHATTAN TRUSS
62.75,51,Staten Island,WSE N VICTORY BLVD - SOUTH AVENUE
24.23,324,Queens,Laurelton Pkwy N @ SSP - CIP N Hempstead Tpk
51.57,55,Staten Island,SIE W RICHMOND AVENUE - SOUTH AVENUE
0.0,0,Brooklyn,BQE S - GOW S ALTANTIC AVENUE - 9TH STREET
27.96,177,Queens,LIE E 84TH ST - 108TH ST
2.48,2377,Manhattan,BBT E Manhattan Portal - Toll Plaza
19.88,114,Manhattan,12th Ave S 57th St - 45th St
47.22,188,Queens,VWE N MP4.63 (Exit 6 - Jamaica Ave) - MP6.39 (Exit 11 Jewel Ave)
52.19,89,Bronx,BWB S Toll Plaza - Queens Anchorage
41.01,155,Queens,BWB S Queens Anchorage - WSE S Exit 14 (Linden Pl)
0.0,0,Brooklyn,GOW N 9TH STREET - ATLANTIC AVENUE
20.5,258,Manhattan,QMT E Manhattan Side - Toll Plaza
53.43,146,Staten Island,WSE S VICTORY BOULEVARD - ARDEN AVENUE
9.94,251,Bronx,HRP S Lafayette Ave - BWB S Toll Plaza
45.98,46,Brooklyn,GOW S VNB W 92ND STREET - BKLYN GANTRY LOWER LEVEL
11.18,369,Bronx,CBE W MORRIS AVE - GWB W AMSTERDAM AVE (L/LVL)
54.05,109,Staten Island,SIE W FINGERBOARD ROAD - CLOVE ROAD
60.27,116,Staten Island,SIE W - WSE S SOUTH AVENUE - SOUTH AVENUE
44.11,150,Staten Island,SIE E BRADLEY AVENUE - CLOVE ROAD
57.16,288,Queens,CVE NB GCP - WILLETS PT BLVD
13.67,736,Manhattan,FDR S 25th St - Catherine Slip
52.19,176,Queens,Belt Pkwy E 182nd St - Laurelton Pkwy N @ SSP
0.0,0,Staten Island,SIE W - MLK N WOOLEY AVENUE - WLAKER STREET
39.76,171,Queens,TNB N Queens Anchorage - Toll Plaza
48.46,52,Bronx,BWB N Toll Plaza - HRP N Lafayatte Ave
0.0,0,Manhattan,BQE N Atlantic Ave - BKN Bridge Manhattan Side
49.7,94,Brooklyn,VNB E SI GANTRY LOWER LEVEL - BROOLKYN GANTRY LOWER LEVEL
53.43,144,Staten Island,440 N FRANCIS STREET - WSE N TYRELLAN AVE
52.19,72,Queens,Belt Pkwy W 182nd St - JFK Expressway
44.11,169,Bronx,BE S Griswold - Castle Hill Avenue
0.0,0,Staten Island,MLK S - SIE E WALKER STREET - WOOLEY AVENUE
52.81,143,Queens,CIP S Hempstead Tpk - Laurelton Pkwy @ SSP
51.57,148,Staten Island,440 N FRANCIS STREET - WSE N TYRELLAN AVE
55.3,136,Staten Island,WSE N TYRELLAN AVENUE - BLOOMINGDALE ROAD
32.93,163,Manhattan,QMT E Manhattan Side - Toll Plaza
44.73,47,Brooklyn,VNB E-GOWANUS N BROOKLYN GANTRY UPPER LEVEL - 92ND STREET
19.26,284,Manhattan,LINCOLN TUNNEL W CENTER TUBE NY - NJ
10.56,948,Manhattan,FDR S 25th St - Catherine Slip
12.42,258,Manhattan,12th Ave N 40th - 57th St
54.68,136,Bronx,BE N Castle Hill Avenue - Griswold Ave
57.78,286,Queens,CVE NB GCP - WILLETS PT BLVD
48.46,44,Brooklyn,VNB E-GOWANUS N BROOKLYN GANTRY LOWER LEVEL - 92ND STREET
0.0,0,Queens,LIE WB LITTLE NECK PKWY - NB CIP
9.94,258,Manhattan,FDR S Catherine Slip - BKN Bridge Manhattan Side
8.69,824,Queens,TBB N QUEENS ANCHORAGE - BE N
54.68,107,Staten Island,SIE W FINGERBOARD ROAD - CLOVE ROAD
64.0,81,Staten Island,WSE S ARDEN AVENUE - BLOOMINGDALE ROAD
19.88,150,Queens,BE S TBB EXIT RAMP - MANHATTAN LIFT SPAN
57.78,136,Staten Island,WSE N ARDEN AVENUE - VICTORY BLVD
36.66,38,Staten Island,SIE W BRADLEY AVENUE - WOOLEY AVENUE
4.34,1415,Queens,TNB N Queens Anchorage - Toll Plaza
45.36,102,Brooklyn,VNB E SI GANTRY UPPER LEVEL - BROOKLYN GANTRY UPPER LEVEL
39.76,186,Bronx,BE S Griswold - Castle Hill Avenue
51.57,104,Queens,VWE S MP8.65 (Exit 13 Northern Blvd) - MP6.39 (Exit 11 Jewel Ave)
12.42,344,Bronx,CBE E AMSTERDAM AVE(U/LVL) - MORRIS AVE
43.49,49,Brooklyn,GOW S VNB W 92ND STREET - BKLYN GANTRY LOWER LEVEL
42.25,52,Queens,CIP N ramp to TNB - TNB Queens Anchorage
45.98,132,Staten Island,WSE N-SIE E SOUTH AVENUE - SOUTH AVENUE
16.15,399,Queens,Whitestone Expwy N Exit 14 (Linden Pl) - BWB N Queens Anchorage
47.22,53,Bronx,CBE E TAYLOR AVENUE - CASTLE HILL AVENUE
26.71,403,Queens,VWE S MP2.66 (Exit 2 Rockaway Blvd) - Belt Pkwy E 182nd St
0.0,0,Brooklyn,GOW N 7TH AVENUE - 9TH STREET
63.37,82,Staten Island,WSE S ARDEN AVENUE - BLOOMINGDALE ROAD
26.71,98,Manhattan,FDR S Catherine Slip - BKN Bridge Manhattan Side
54.05,176,Queens,LIE WB LITTLE NECK PKWY - NB CVE
36.66,121,Bronx,MDE S HARLEM RIVER PARK - GWB W AMSTERDAM AVENUE LOWER LEVEL
36.66,165,Staten Island,WSE N-SIE E SOUTH AVENUE - SOUTH AVENUE
45.98,66,Queens,BE S TBB EXIT RAMP - MANHATTAN LIFT SPAN
19.88,231,Bronx,BWB S Toll Plaza - Queens Anchorage
42.87,49,Brooklyn,VNB E-GOWANUS N BROOKLYN GANTRY LOWER LEVEL - 92ND STREET
63.37,51,Staten Island,WSE N VICTORY BLVD - SOUTH AVENUE
14.91,681,Manhattan,FDR S 25th St - Catherine Slip
0.0,0,Manhattan,BQE N Atlantic Ave - BKN Bridge Manhattan Side
50.95,87,Bronx,HRP N LAFAYETTE AVENUE - E TREMONT AVENUE
28.58,83,Manhattan,FDR N - TBB E 116TH STREET - MANHATTAN TRUSS
43.49,53,Staten Island,SIE E VNB E FINGERBOARD ROAD - SI GANTRY UPPER LEVEL
55.92,123,Queens,TNB N Queens Anchorage - Toll Plaza
0.0,0,Manhattan,LINCOLN TUNNEL E CENTER TUBE NJ - NY
22.36,352,Queens,Laurelton Pkwy N @ SSP - CIP N Hempstead Tpk
0.0,0,Brooklyn,BQE S - GOW S ALTANTIC AVENUE - 9TH STREET
29.2,238,Staten Island,SIE W - WSE S SOUTH AVENUE - SOUTH AVENUE
47.84,93,Bronx,BE S CASTLE HILL AVENUE - STRATFORD AVENUE
45.98,50,Staten Island,SIE E VNB E FINGERBOARD ROAD - SI GANTRY UPPER LEVEL
13.67,324,Bronx,MDE S HARLEM RIVER PARK - GWB W AMSTERDAM AVENUE LOWER LEVEL
16.77,343,Staten Island,SIE W FINGERBOARD ROAD - CLOVE ROAD
57.16,44,Bronx,CBE W CASTLE HILL AVENUE - TAYLOR AVENUE
44.11,60,Queens,TNB S Qns Anchorage - CIP S @ TNB
59.03,156,Queens,Laurelton Pkwy S @ SSP - Belt Pkwy W 182nd St
48.46,190,Queens,Laurelton Pkwy S @ SSP - Belt Pkwy W 182nd St
44.73,52,Staten Island,SIE E VNB E FINGERBOARD ROAD - SI GANTRY LOWER LEVEL
45.36,94,Bronx,CBE E AMSTERDAM AVE(U/LVL) - MORRIS AVE
0.0,0,Brooklyn,GOW N 7TH AVENUE - 9TH STREET
50.33,50,Bronx,CBE E TAYLOR AVENUE - CASTLE HILL AVENUE
47.22,53,Bronx,BWB N Toll Plaza - HRP N Lafayatte Ave
14.91,213,Manhattan,12th Ave N 40th - 57th St
36.66,65,Manhattan,TBB W - FDR S MANHATTAN TRUSS - E116TH STREET
36.66,64,Manhattan,FDR N - TBB E 116TH STREET - MANHATTAN TRUSS
16.15,341,Manhattan,LINCOLN TUNNEL W CENTER TUBE NY - NJ
0.0,0,Queens,TNB S Toll Plaza - Queens Anchorage
0.0,0,Staten Island,SIE E-MLK N RICHMOND AVENUE - WALKER STREET
24.85,170,Bronx,CBE E AMSTERDAM AVE(U/LVL) - MORRIS AVE
14.29,348,Queens,LIE E 84TH ST - 108TH ST
1.86,3087,Manhattan,West St S Spring St - BBT Manhattan Portal outbound
55.92,89,Staten Island,WSE N BLOOMUINGDALE ROAD - ARDEN AVENUE
38.52,282,Queens,CVE NB LIE - WILLETS PT BLVD
12.42,195,Manhattan,TBB W - FDR S MANHATTAN TRUSS - E116TH STREET
50.33,124,Staten Island,WSE S BLLOMINGDALE ROAD - TYRELLAN AVENUE
18.01,236,Bronx,MDE S HARLEM RIVER PARK - GWB W AMSTERDAM AVENUE UPPER LEVEL
56.54,132,Bronx,BE S Griswold - Castle Hill Avenue
47.84,135,Queens,BWB S Queens Anchorage - WSE S Exit 14 (Linden Pl)
0.0,0,Manhattan,BQE N Atlantic Ave - BKN Bridge Manhattan Side
59.03,118,Staten Island,SIE W - WSE S SOUTH AVENUE - SOUTH AVENUE
63.37,62,Staten Island,SIE W WOOLEY AVENUE - RICHMOND AVENUE
55.92,79,Bronx,HRP N LAFAYETTE AVENUE - E TREMONT AVENUE
55.3,147,Bronx,I-87 NYST S Exit 1 - MDE S Van Cortlandt Park
47.22,91,Bronx,CBE W MORRIS AVE - GWB W AMSTERDAM AVE (L/LVL)
38.52,55,Staten island,VNB W-SIE W SI GANTRY UPPER LEVEL - FINGERBOARD ROAD
0.0,0,Manhattan,LINCOLN TUNNEL E CENTER TUBE NJ - NY
57.16,106,Staten Island,WSE N-SIE E SOUTH AVENUE - SOUTH AVENUE
46.6,45,Brooklyn,VNB E-GOWANUS N BROOKLYN GANTRY LOWER LEVEL - 92ND STREET
42.87,175,Bronx,BE N Castle Hill Avenue - Griswold Ave
22.99,115,Staten Island,SIE E SOUTH AVENUE - RICHMOND AVENUE
0.0,0,Brooklyn,GOW S 9TH STREET - 7TH AVENUE
3.1,707,Bronx,CBE W CASTLE HILL AVENUE - TAYLOR AVENUE
11.8,485,Staten Island,SIE W FINGERBOARD ROAD - CLOVE ROAD
24.23,450,Queens,CIP N Hempstead Tpk - LIE
57.78,44,Bronx,CBE W CASTLE HILL AVENUE - TAYLOR AVENUE
41.01,56,Staten Island,SIE E VNB E FINGERBOARD ROAD - SI GANTRY LOWER LEVEL
19.88,211,Bronx,CBE E AMSTERDAM AVE(U/LVL) - MORRIS AVE
0.0,0,Queens,TNB S Toll Plaza - Queens Anchorage
58.4,85,Staten Island,WSE N BLOOMUINGDALE ROAD - ARDEN AVENUE
27.34,265,Queens,MDE S TBB EXIT RAMP - QUEENS ANCHORAGE
0.0,0,Brooklyn,GOW S 9TH STREET - 7TH AVENUE
42.25,120,Bronx,MDE N RFK Bridge - 142nd St
0.0,0,Brooklyn,GOW N 92ND STREET - 7TH AVENUE
48.46,137,Staten Island,SIE E BRADLEY AVENUE - CLOVE ROAD
12.42,443,Manhattan,LINCOLN TUNNEL E CENTER TUBE NJ - NY
53.43,123,Staten Island,SIE E BRADLEY AVENUE - CLOVE ROAD
0.0,0,Brooklyn,GOW N 7TH AVENUE - 9TH STREET
46.6,46,Brooklyn,VNB E-GOWANUS N BROOKLYN GANTRY LOWER LEVEL - 92ND STREET
0.0,0,Bronx,BRP S FORDHAM ROAD - WATSON AVENUE
57.16,87,Staten Island,WSE N BLOOMUINGDALE ROAD - ARDEN AVENUE
34.17,128,Bronx,MDE S HARLEM RIVER PARK - GWB W AMSTERDAM AVENUE UPPER LEVEL
0.0,0,Brooklyn,GOW N 9TH STREET - ATLANTIC AVENUE
24.85,106,Queens,TNB S Qns Anchorage - CIP S @ TNB
18.01,401,Queens,TBB N QUEENS ANCHORAGE - BE N
3.1,809,Bronx,CBE W CASTLE HILL AVENUE - TAYLOR AVENUE
18.01,158,Staten Island,WSE S SOUTH AVENUE - VICTORY BOULEVARD
44.73,31,Staten Island,SIE W BRADLEY AVENUE - WOOLEY AVENUE
54.68,111,Staten Island,WSE N-SIE E SOUTH AVENUE - SOUTH AVENUE
55.3,48,Staten Island,SIE E SOUTH AVENUE - RICHMOND AVENUE
64.0,61,Staten Island,SIE W WOOLEY AVENUE - RICHMOND AVENUE
55.3,83,Bronx,BE N STRATFORD AVENUE - CASTLE HILL AVE
22.99,217,Queens,LIE W 108TH ST - 84TH ST
36.03,152,Manhattan,LINCOLN TUNNEL W CENTER TUBE NY - NJ
26.09,246,Queens,BWB S Queens Anchorage - WSE S Exit 14 (Linden Pl)
29.2,219,Manhattan,BBT E Manhattan Portal - Toll Plaza
51.57,76,Staten Island,SIE E RICHMOND AVENUE - WOOLEY AVENUE
55.3,48,Queens,TNB S Qns Anchorage - CIP S @ TNB
44.11,184,Queens,TBB N QUEENS ANCHORAGE - MANHATTAN LIFT SPAN
0.0,0,Queens,Whitestone Expwy S Exit 14 (Linden Pl) - VWE S MP8.65 (Exit 13 Northern Blvd)
55.3,96,Queens,VWE N MP6.39 (Exit 11 Jewel Ave) - MP8.65 (Exit 13 Northern Blvd)
15.53,705,Queens,CIP N Hempstead Tpk - LIE
47.22,203,Queens,LIE WB LITTLE NECK PKWY - NB CVE
54.05,26,Staten Island,SIE W BRADLEY AVENUE - WOOLEY AVENUE
16.77,378,Manhattan,12th ave @ 45th - 11 ave ganservoort st
0.0,0,Staten Island,SIE E-MLK N RICHMOND AVENUE - WALKER STREET
14.29,562,Bronx,CBE W U/LEV AMSTERDAM AVE - I95 S EXP LNS
62.75,82,Staten Island,WSE S ARDEN AVENUE - BLOOMINGDALE ROAD
44.11,52,Staten Island,SIE E VNB E FINGERBOARD ROAD - SI GANTRY UPPER LEVEL
41.01,218,Queens,VWE S MP6.39 (Exit 11 Jewel Ave) - MP4.63 (Exit 6 Jamaica Ave)
53.43,146,Staten Island,WSE N ARDEN AVENUE - VICTORY BLVD
0.0,0,Staten Island,MLK S - SIE E WALKER STREET - WOOLEY AVENUE
9.32,449,Bronx,CBE W MORRIS AVE - GWB W AMSTERDAM AVE (L/LVL)
20.5,261,Manhattan,11th ave n ganservoort - 12th ave @ 40th st
31.06,235,Manhattan,GWB E LOWER LEVEL PLAZA - CBE E LOWER LEVEL AMSTERDAM AVE
0.0,0,Queens,VWE S MP6.39 (Exit 11 Jewel Ave) - MP4.63 (Exit 6 Jamaica Ave)
45.98,46,Brooklyn,GOW S VNB W 92ND STREET - BKLYN GANTRY LOWER LEVEL
36.66,116,Brooklyn,GOW N 92ND STREET - 7TH AVENUE
60.27,74,Bronx,HRP N LAFAYETTE AVENUE - E TREMONT AVENUE
54.05,146,Staten Island,WSE N ARDEN AVENUE - VICTORY BLVD
13.67,779,Queens,CIP N Hempstead Tpk - LIE
55.92,83,Brooklyn,VNB W BROOKLYN GANTRY UPPER LEVEL - SI GANTRY UPPER LEVEL
21.12,474,Manhattan,FDR N Catherine Slip - 25th St
0.0,0,Brooklyn,GOW N 9TH STREET - ATLANTIC AVENUE
6.21,658,Bronx,MDE S HARLEM RIVER PARK - GWB W AMSTERDAM AVENUE UPPER LEVEL
48.46,239,Queens,CIP N TNB - Whitestone Expwy S Exit 14 (Linden Pl)
37.28,191,Queens,MDE S TBB EXIT RAMP - QUEENS ANCHORAGE
62.75,125,Staten Island,WSE S VICTORY BOULEVARD - ARDEN AVENUE
14.91,363,Manhattan,LINCOLN TUNNEL W CENTER TUBE NY - NJ
27.34,271,Staten Island,WSE N TYRELLAN AVENUE - BLOOMINGDALE ROAD
55.3,297,Queens,CVE NB GCP - WILLETS PT BLVD
53.43,100,Queens,VWE N MP8.64 (Exit 13 Northern Blvd) - Whitestone Expwy Exit 14 (Linden Pl)
0.0,0,Staten Island,ROUTE 169 S - MLK WALKER STREET
50.95,105,Queens,VWE N MP6.39 (Exit 11 Jewel Ave) - MP8.65 (Exit 13 Northern Blvd)
0.0,0,Queens,BE S TBB EXIT RAMP - QUEENS ANCHORAGE
32.31,316,Manhattan,FDR S 25th St - Catherine Slip
57.16,287,Queens,CVE NB GCP - WILLETS PT BLVD
43.49,55,Manhattan,TBB W - FDR S MANHATTAN TRUSS - E116TH STREET
54.05,127,Queens,TNB S Toll Plaza - Queens Anchorage
11.8,558,Manhattan,FDR N 25th - 63rd St
45.98,54,Bronx,BWB N Toll Plaza - HRP N Lafayatte Ave
9.94,429,Bronx,CBE W MORRIS AVE - GWB W AMSTERDAM AVE (U/LVL)
0.0,0,Manhattan,LINCOLN TUNNEL W NORTH TUBE NY - NJ
55.92,165,Queens,Laurelton Pkwy S @ SSP - Belt Pkwy W 182nd St
35.41,156,Manhattan,LINCOLN TUNNEL E SOUTH TUBE - NJ - NY
0.0,0,Staten Island,SIE E-MLK N RICHMOND AVENUE - WALKER STREET
50.95,55,Staten Island,WSE S SOUTH AVENUE - VICTORY BOULEVARD
7.45,831,Manhattan,BBT W Toll Plaza - Manhattan Portal
47.22,90,Bronx,CBE W MORRIS AVE - GWB W AMSTERDAM AVE (U/LVL)
44.73,442,Manhattan,Westside Hwy S GWB - 57th St
27.96,228,Queens,BWB S Queens Anchorage - WSE S Exit 14 (Linden Pl)
50.95,123,Staten Island,WSE S BLLOMINGDALE ROAD - TYRELLAN AVENUE
49.7,93,Brooklyn,VNB E SI GANTRY UPPER LEVEL - BROOKLYN GANTRY UPPER LEVEL
1.86,3403,Bronx,CBE W L/LE V AMSTERDAM AVE - I 95 S LOC LNS
32.93,271,Queens,VWE N MP4.63 (Exit 6 - Jamaica Ave) - MP6.39 (Exit 11 Jewel Ave)
16.15,443,Queens,MDE S TBB EXIT RAMP - QUEENS ANCHORAGE
22.36,321,Brooklyn,BQE S 46TH STREET - LEONARD STREET
44.11,185,Queens,TBB N QUEENS ANCHORAGE - MANHATTAN LIFT SPAN
46.6,218,Manhattan,FDR S 25th St - Catherine Slip
34.79,73,Bronx,CBE E TAYLOR AVENUE - CASTLE HILL AVENUE
55.3,135,Staten Island,WSE N TYRELLAN AVENUE - BLOOMINGDALE ROAD
52.81,143,Queens,CIP S Hempstead Tpk - Laurelton Pkwy @ SSP
55.92,45,Bronx,CBE W CASTLE HILL AVENUE - TAYLOR AVENUE
50.95,160,Bronx,I-87 NYST S Exit 1 - MDE S Van Cortlandt Park
6.21,1267,Bronx,CBE W L/LE V AMSTERDAM AVE - I 95 S LOC LNS
43.49,159,Staten Island,SIE W - WSE S SOUTH AVENUE - SOUTH AVENUE
57.16,116,Staten Island,SIE E BRADLEY AVENUE - CLOVE ROAD
59.65,54,Staten Island,WSE N VICTORY BLVD - SOUTH AVENUE
8.07,1455,Queens,Belt Pkwy W JFK Expressway - VWE N Jamaica Ave
0.0,0,Staten Island,MLK S - SIE W WALKER STREET - RICHMOND AVENUE
24.23,369,Queens,VWE N MP4.63 (Exit 6 - Jamaica Ave) - MP6.39 (Exit 11 Jewel Ave)
59.03,138,Bronx,I-87 NYST S Exit 1 - MDE S Van Cortlandt Park
49.7,108,Queens,VWE S MP8.65 (Exit 13 Northern Blvd) - MP6.39 (Exit 11 Jewel Ave)
8.69,631,Bronx,BRP N WATSON AVENUE - FORDHAM ROAD
4.97,860,Bronx,CBE W MORRIS AVE - GWB W AMSTERDAM AVE (U/LVL)
55.3,46,Bronx,CBE W CASTLE HILL AVENUE - TAYLOR AVENUE
0.0,0,Brooklyn,BQE S - GOW S ALTANTIC AVENUE - 9TH STREET
18.01,452,Bronx,CBE W U/LEV AMSTERDAM AVE - I95 S EXP LNS
50.95,175,Queens,VWE N MP4.63 (Exit 6 - Jamaica Ave) - MP6.39 (Exit 11 Jewel Ave)
11.8,359,Bronx,CBE W MORRIS AVE - GWB W AMSTERDAM AVE (L/LVL)
17.39,459,Bronx,I-87 NYST S Exit 1 - MDE S Van Cortlandt Park
35.41,139,Queens,LIE W 108TH ST - 84TH ST
38.52,120,Queens,BWB N Queens Anchorage - Toll Plaza
0.0,0,Manhattan,BQE N Atlantic Ave - MAN Bridge Manhattan Side
23.61,158,Queens,Belt Pkwy W 182nd St - JFK Expressway
23.61,289,Queens,VWE S MP4.63 (Exit 6 Jamaica Ave) - MP2.66 (Exit 2 Roackaway Blvd)
0.0,0,Bronx,MDE S HARLEM RIVER PARK - GWB W AMSTERDAM AVENUE UPPER LEVEL
48.46,149,Queens,TBB N QUEENS ANCHORAGE - BE N
54.05,86,Brooklyn,VNB W BROOKLYN GANTRY UPPER LEVEL - SI GANTRY UPPER LEVEL
0.0,0,Staten Island,MLK N WALKER STREET - NJ ROUTE 169
1.24,2523,Manhattan,11th ave s ganservoort - west st @ spring st
59.65,194,Queens,CIP N TNB - Whitestone Expwy S Exit 14 (Linden Pl)
27.34,196,Queens,QMT W Toll Plaza - Manhattan Side
52.81,100,Queens,VWE N MP8.64 (Exit 13 Northern Blvd) - Whitestone Expwy Exit 14 (Linden Pl)
59.65,116,Staten Island,SIE W - WSE S SOUTH AVENUE - SOUTH AVENUE
52.81,84,Bronx,BE S CASTLE HILL AVENUE - STRATFORD AVENUE
45.36,102,Queens,BWB N Queens Anchorage - Toll Plaza
0.0,0,Brooklyn,GOW N 92ND STREET - 7TH AVENUE
27.96,191,Queens,QMT W Toll Plaza - Manhattan Side
8.07,685,Manhattan,West St S Spring St - BBT Manhattan Portal outbound
3.72,1250,Manhattan,LINCOLN TUNNEL W NORTH TUBE NY - NJ
20.5,243,Queens,LIE W 108TH ST - 84TH ST
12.42,424,Manhattan,11th ave n ganservoort - 12th ave @ 40th st
52.81,88,Brooklyn,VNB E SI GANTRY LOWER LEVEL - BROOLKYN GANTRY LOWER LEVEL
47.84,97,Bronx,BWB S Toll Plaza - Queens Anchorage
62.75,82,Staten Island,WSE S ARDEN AVENUE - BLOOMINGDALE ROAD
0.0,0,Brooklyn,GOW N 9TH STREET - ATLANTIC AVENUE
59.03,54,Staten Island,WSE N VICTORY BLVD - SOUTH AVENUE
12.42,569,Queens,TBB N QUEENS ANCHORAGE - BE N
21.74,762,Queens,CVE NB GCP - WILLETS PT BLVD
59.03,85,Staten Island,WSE N BLOOMUINGDALE ROAD - ARDEN AVENUE
2.48,3082,Bronx,CBE W L/LE V AMSTERDAM AVE - I 95 S LOC LNS
0.0,0,Brooklyn,GOW N 9TH STREET - ATLANTIC AVENUE
55.3,126,Staten Island,SIE W - WSE S SOUTH AVENUE - SOUTH AVENUE
0.0,0,Staten Island,SIE E-MLK N RICHMOND AVENUE - WALKER STREET
47.84,82,Queens,LIE WB LITTLE NECK PKWY - NB CIP
51.57,133,Manhattan,FDR S 63rd - 25th St
52.81,142,Staten Island,WSE N TYRELLAN AVENUE - BLOOMINGDALE ROAD
52.81,181,Queens,LIE WB LITTLE NECK PKWY - NB CVE
0.0,0,Brooklyn,GOW N 7TH AVENUE - 9TH STREET
32.31,66,Brooklyn,VNB E-GOWANUS N BROOKLYN GANTRY UPPER LEVEL - 92ND STREET
51.57,125,Queens,BWB S Queens Anchorage - WSE S Exit 14 (Linden Pl)
9.32,471,Bronx,BE S CASTLE HILL AVENUE - STRATFORD AVENUE
0.0,0,Brooklyn,BQE S - GOW S ALTANTIC AVENUE - 9TH STREET
6.21,898,Manhattan,West St S Spring St - BBT Manhattan Portal outbound
40.38,65,Manhattan,FDR S Catherine Slip - BKN Bridge Manhattan Side
0.0,0,Brooklyn,GOW S 9TH STREET - 7TH AVENUE
16.77,423,Brooklyn,BQE S 46TH STREET - LEONARD STREET
36.03,179,Queens,Whitestone Expwy N Exit 14 (Linden Pl) - BWB N Queens Anchorage
27.34,118,Manhattan,12th Ave N 40th - 57th St
29.2,88,Manhattan,BKN Bridge Manhattan Side - FDR N Catherine Slip
46.6,253,Queens,CIP N LIE ramp - TNB
53.43,143,Staten Island,440 N FRANCIS STREET - WSE N TYRELLAN AVE
55.3,120,Staten Island,SIE E BRADLEY AVENUE - CLOVE ROAD
57.16,78,Bronx,HRP N LAFAYETTE AVENUE - E TREMONT AVENUE
0.0,0,Queens,TNB S Toll Plaza - Queens Anchorage
0.0,0,Bronx,BRP S FORDHAM ROAD - WATSON AVENUE
49.7,57,Staten Island,SIE W RICHMOND AVENUE - SOUTH AVENUE
44.73,168,Queens,TBB S MANHATTAN LIFT SPAN - QUEENS ANCHORAGE
50.95,91,Brooklyn,VNB E SI GANTRY UPPER LEVEL - BROOKLYN GANTRY UPPER LEVEL
55.92,50,Staten Island,WSE S SOUTH AVENUE - VICTORY BOULEVARD
55.3,166,Queens,Laurelton Pkwy S @ SSP - Belt Pkwy W 182nd St
3.72,1373,Manhattan,LINCOLN TUNNEL W CENTER TUBE NY - NJ
19.26,527,Manhattan,FDR S 25th St - Catherine Slip
29.82,87,Manhattan,FDR S Catherine Slip - BKN Bridge Manhattan Side
34.17,260,Queens,VWE S MP6.39 (Exit 11 Jewel Ave) - MP4.63 (Exit 6 Jamaica Ave)
11.18,434,Staten Island,WSE N BLOOMUINGDALE ROAD - ARDEN AVENUE
34.79,126,Bronx,BE S CASTLE HILL AVENUE - STRATFORD AVENUE
54.68,113,Staten Island,WSE S BLLOMINGDALE ROAD - TYRELLAN AVENUE
39.14,235,Queens,Belt Pkwy E 182nd St - Laurelton Pkwy N @ SSP
0.0,-49,Bronx,BWB N Toll Plaza - HRP N Lafayatte Ave
20.5,217,Bronx,MDE S HARLEM RIVER PARK - GWB W AMSTERDAM AVENUE LOWER LEVEL
9.94,293,Queens,BE S TBB EXIT RAMP - MANHATTAN LIFT SPAN
49.08,239,Queens,CIP N LIE ramp - TNB
45.98,149,Manhattan,FDR N 25th - 63rd St
52.81,88,Brooklyn,VNB W BROOKLYN GANTRY LOWER LEVEL - SI GANTRY LOWER LEVEL
41.63,51,Staten island,VNB W-SIE W SI GANTRY UPPER LEVEL - FINGERBOARD ROAD
0.0,0,Manhattan,West St S Spring St - BBT Manhattan Portal outbound
50.33,53,Staten Island,SIE E SOUTH AVENUE - RICHMOND AVENUE
41.63,262,Queens,CVE NB LIE - WILLETS PT BLVD
43.49,235,Manhattan,FDR S 25th St - Catherine Slip
8.07,791,Manhattan,12th ave @ 45th - 11 ave ganservoort st
26.09,90,Manhattan,FDR N - TBB E 116TH STREET - MANHATTAN TRUSS
2.48,754,Manhattan,12th Ave S 57th St - 45th St
57.78,77,Bronx,HRP N LAFAYETTE AVENUE - E TREMONT AVENUE
49.7,237,Queens,CIP N LIE ramp - TNB
42.87,51,Queens,CIP N ramp to TNB - TNB Queens Anchorage
50.33,142,Brooklyn,BQE N LEONARD STREET - 46TH STREET
21.74,244,Manhattan,QMT E Manhattan Side - Toll Plaza
56.54,82,Brooklyn,VNB W BROOKLYN GANTRY LOWER LEVEL - SI GANTRY LOWER LEVEL
19.26,258,Manhattan,LINCOLN TUNNEL W NORTH TUBE NY - NJ
51.57,48,Bronx,BWB N Toll Plaza - HRP N Lafayatte Ave
0.0,0,Brooklyn,BQE S - GOW S ALTANTIC AVENUE - 9TH STREET
55.92,134,Staten Island,WSE N TYRELLAN AVENUE - BLOOMINGDALE ROAD
22.36,176,Queens,LIE WB LITTLE NECK PKWY - NB CIP
53.43,53,Staten Island,SIE W RICHMOND AVENUE - SOUTH AVENUE
16.77,417,Queens,MDE S TBB EXIT RAMP - QUEENS ANCHORAGE
38.52,177,Manhattan,FDR S 63rd - 25th St
49.08,405,Manhattan,Westside Hwy N 57th St - GWB
49.08,169,Bronx,CBE E CASTLE HILL AVE - BE N WATERBURY AVE
12.42,404,Manhattan,LINCOLN TUNNEL W NORTH TUBE NY - NJ
11.8,743,Queens,VWE S MP6.39 (Exit 11 Jewel Ave) - MP4.63 (Exit 6 Jamaica Ave)
0.0,0,Staten Island,SIE E-MLK N RICHMOND AVENUE - WALKER STREET
48.46,142,Queens,TNB N Queens Anchorage - Toll Plaza
50.95,108,Queens,Whitestone Expwy S Exit 14 (Linden Pl) - VWE S MP8.65 (Exit 13 Northern Blvd)
42.87,255,Queens,CVE NB LIE - WILLETS PT BLVD
47.84,144,Manhattan,FDR S 63rd - 25th St
20.5,159,Manhattan,11th ave s ganservoort - west st @ spring st
8.69,251,Manhattan,12th Ave S 57th St - 45th St
49.08,80,Queens,LIE WB LITTLE NECK PKWY - NB CIP
42.87,50,Brooklyn,GOW S VNB W 92ND STREET - BKLYN GANTRY LOWER LEVEL
0.0,0,Brooklyn,GOW N 9TH STREET - ATLANTIC AVENUE
9.94,410,Bronx,CBE E AMSTERDAM AVE(U/LVL) - MORRIS AVE
56.54,89,Staten Island,WSE N BLOOMUINGDALE ROAD - ARDEN AVENUE
50.33,105,Queens,VWE N MP8.64 (Exit 13 Northern Blvd) - Whitestone Expwy Exit 14 (Linden Pl)
57.78,102,Staten Island,SIE W FINGERBOARD ROAD - CLOVE ROAD
52.81,54,Staten Island,WSE S SOUTH AVENUE - VICTORY BOULEVARD
57.16,68,Staten Island,SIE W WOOLEY AVENUE - RICHMOND AVENUE
52.19,54,Staten Island,WSE S SOUTH AVENUE - VICTORY BOULEVARD
45.98,100,Brooklyn,VNB E SI GANTRY UPPER LEVEL - BROOKLYN GANTRY UPPER LEVEL
52.19,105,Queens,Whitestone Expwy S Exit 14 (Linden Pl) - VWE S MP8.65 (Exit 13 Northern Blvd)
56.54,45,Bronx,CBE W CASTLE HILL AVENUE - TAYLOR AVENUE
45.98,194,Queens,VWE S MP6.39 (Exit 11 Jewel Ave) - MP4.63 (Exit 6 Jamaica Ave)
47.84,44,Brooklyn,VNB E-GOWANUS N BROOKLYN GANTRY LOWER LEVEL - 92ND STREET
41.63,122,Bronx,MDE N RFK Bridge - 142nd St
52.19,89,Brooklyn,VNB E SI GANTRY LOWER LEVEL - BROOLKYN GANTRY LOWER LEVEL
60.27,73,Bronx,HRP N LAFAYETTE AVENUE - E TREMONT AVENUE
0.0,0,Bronx,BRP S FORDHAM ROAD - WATSON AVENUE
41.63,56,Staten Island,SIE E VNB E FINGERBOARD ROAD - SI GANTRY LOWER LEVEL
57.16,283,Queens,CIP NB GCP - TNB
53.43,83,Bronx,HRP N LAFAYETTE AVENUE - E TREMONT AVENUE
41.63,51,Staten Island,VNB W-SIE W SI GANTRY LOWER LEVEL - FINGERBOARD ROAD
63.37,129,Bronx,I-87 NYST S Exit 1 - MDE S Van Cortlandt Park
44.11,36,Staten Island,SIE E WOOLEY AVENUE - BRADLEY AVENUE
59.65,127,Queens,CIP S Hempstead Tpk - Laurelton Pkwy @ SSP
44.11,183,Queens,TBB N QUEENS ANCHORAGE - MANHATTAN LIFT SPAN
59.03,138,Bronx,I-87 NYST S Exit 1 - MDE S Van Cortlandt Park
37.9,312,Queens,CIP N LIE ramp - TNB
50.95,90,Brooklyn,VNB E SI GANTRY UPPER LEVEL - BROOKLYN GANTRY UPPER LEVEL
18.01,554,Manhattan,FDR N Catherine Slip - 25th St
55.3,83,Queens,BWB N Queens Anchorage - Toll Plaza
0.0,0,Brooklyn,GOW S 9TH STREET - 7TH AVENUE
47.84,186,Queens,VWE N MP4.63 (Exit 6 - Jamaica Ave) - MP6.39 (Exit 11 Jewel Ave)
11.8,202,Manhattan,TBB W - FDR S MANHATTAN TRUSS - E116TH STREET
0.0,0,Brooklyn,GOW S 9TH STREET - 7TH AVENUE
18.64,534,Manhattan,FDR N Catherine Slip - 25th St
59.03,99,Staten Island,SIE W FINGERBOARD ROAD - CLOVE ROAD
13.67,412,Manhattan,West St S Spring St - BBT Manhattan Portal outbound
50.95,126,Queens,Whitestone Expwy N Exit 14 (Linden Pl) - BWB N Queens Anchorage
0.0,0,Staten Island,MLK S - SIE E WALKER STREET - WOOLEY AVENUE
59.03,133,Staten Island,WSE N ARDEN AVENUE - VICTORY BLVD
52.81,112,Staten Island,SIE W FINGERBOARD ROAD - CLOVE ROAD
39.14,274,Queens,VWE S MP2.66 (Exit 2 Rockaway Blvd) - Belt Pkwy E 182nd St
52.19,131,Queens,TNB S Toll Plaza - Queens Anchorage
65.24,60,Staten Island,SIE W WOOLEY AVENUE - RICHMOND AVENUE
0.0,0,Bronx,BRP S FORDHAM ROAD - WATSON AVENUE
45.36,117,Queens,VWE N MP6.39 (Exit 11 Jewel Ave) - MP8.65 (Exit 13 Northern Blvd)
52.81,118,Staten Island,WSE S BLLOMINGDALE ROAD - TYRELLAN AVENUE
42.87,254,Queens,CVE NB LIE - WILLETS PT BLVD
18.01,292,Manhattan,QMT E Manhattan Side - Toll Plaza
37.9,289,Queens,CIP N Hempstead Tpk - LIE
57.78,46,Staten Island,SIE E SOUTH AVENUE - RICHMOND AVENUE
44.11,52,Staten Island,SIE E VNB E FINGERBOARD ROAD - SI GANTRY UPPER LEVEL
54.05,119,Queens,BWB S Queens Anchorage - WSE S Exit 14 (Linden Pl)
12.42,434,Manhattan,LINCOLN TUNNEL E SOUTH TUBE - NJ - NY
53.43,103,Staten Island,SIE E CLOVE ROAD - FINGERBOARD ROAD
47.22,194,Queens,Belt Pkwy E 182nd St - Laurelton Pkwy N @ SSP
13.67,862,Queens,Belt Pkwy W JFK Expressway - VWE N Jamaica Ave
47.84,89,Brooklyn,GOW S 7TH AVENUE - 92ND STREET
39.76,53,Staten island,VNB W-SIE W SI GANTRY UPPER LEVEL - FINGERBOARD ROAD
21.12,121,Manhattan,BKN Bridge Manhattan Side - FDR N Catherine Slip
45.98,50,Staten Island,SIE E VNB E FINGERBOARD ROAD - SI GANTRY UPPER LEVEL
19.88,265,Manhattan,QMT E Manhattan Side - Toll Plaza
52.19,102,Queens,VWE N MP8.64 (Exit 13 Northern Blvd) - Whitestone Expwy Exit 14 (Linden Pl)
45.36,169,Staten Island,440 N FRANCIS STREET - WSE N TYRELLAN AVE
47.22,117,Queens,Whitestone Expwy S Exit 14 (Linden Pl) - VWE S MP8.65 (Exit 13 Northern Blvd)
43.49,126,Manhattan,LINCOLN TUNNEL W CENTER TUBE NY - NJ
27.96,140,Queens,LIE WB LITTLE NECK PKWY - NB CIP
46.6,130,Staten Island,WSE N-SIE E SOUTH AVENUE - SOUTH AVENUE
46.6,152,Brooklyn,BQE N LEONARD STREET - 46TH STREET
36.03,216,Queens,Laurelton Pkwy N @ SSP - CIP N Hempstead Tpk
52.81,87,Brooklyn,VNB E SI GANTRY LOWER LEVEL - BROOLKYN GANTRY LOWER LEVEL
53.43,120,Queens,BWB S Queens Anchorage - WSE S Exit 14 (Linden Pl)
29.2,184,Queens,QMT W Toll Plaza - Manhattan Side
47.84,137,Staten Island,SIE E BRADLEY AVENUE - CLOVE ROAD
10.56,303,Manhattan,12th Ave N 40th - 57th St
57.78,86,Queens,LIE E 84TH ST - 108TH ST
60.27,268,Queens,CIP NB GCP - TNB
0.0,0,Staten Island,MLK S - SIE W WALKER STREET - RICHMOND AVENUE
26.71,184,Queens,LIE W 108TH ST - 84TH ST
0.0,0,Staten Island,MLK N WALKER STREET - NJ ROUTE 169
50.95,83,Bronx,CBE W MORRIS AVE - GWB W AMSTERDAM AVE (U/LVL)
49.08,87,Brooklyn,GOW S 7TH AVENUE - 92ND STREET
57.78,49,Staten Island,SIE W RICHMOND AVENUE - SOUTH AVENUE
38.52,55,Staten Island,VNB W-SIE W SI GANTRY LOWER LEVEL - FINGERBOARD ROAD
18.64,1035,Manhattan,Westside Hwy S GWB - 57th St
46.6,141,Staten Island,SIE E BRADLEY AVENUE - CLOVE ROAD
52.81,101,Queens,VWE N MP6.39 (Exit 11 Jewel Ave) - MP8.65 (Exit 13 Northern Blvd)
50.33,190,Queens,LIE WB LITTLE NECK PKWY - NB CVE
18.64,285,Manhattan,11th ave n ganservoort - 12th ave @ 40th st
16.77,378,Manhattan,BBT E Manhattan Portal - Toll Plaza
45.98,47,Queens,CIP N ramp to TNB - TNB Queens Anchorage
14.91,355,Queens,QMT W Toll Plaza - Manhattan Side
0.0,0,Queens,Belt Pkwy E 182nd St - Laurelton Pkwy N @ SSP
11.18,554,Queens,Whitestone Expwy N Exit 14 (Linden Pl) - BWB N Queens Anchorage
60.27,83,Staten Island,WSE N BLOOMUINGDALE ROAD - ARDEN AVENUE
44.73,87,Queens,LIE WB LITTLE NECK PKWY - NB CIP
1.86,1186,Bronx,CBE W CASTLE HILL AVENUE - TAYLOR AVENUE
22.99,360,Bronx,CBE W U/LEV AMSTERDAM AVE - I95 S EXP LNS
19.88,507,Manhattan,FDR S 25th St - Catherine Slip
42.25,50,Staten Island,VNB W-SIE W SI GANTRY LOWER LEVEL - FINGERBOARD ROAD
26.71,342,Queens,Belt Pkwy E 182nd St - Laurelton Pkwy N @ SSP
38.52,142,Manhattan,LINCOLN TUNNEL E CENTER TUBE NJ - NY
0.0,0,Staten Island,MLK S - SIE W WALKER STREET - RICHMOND AVENUE
40.38,53,Staten Island,VNB W-SIE W SI GANTRY LOWER LEVEL - FINGERBOARD ROAD
20.5,396,Bronx,CBE W U/LEV AMSTERDAM AVE - I95 S EXP LNS
0.0,0,Bronx,BRP S FORDHAM ROAD - WATSON AVENUE
50.95,147,Bronx,BE S Griswold - Castle Hill Avenue
59.03,112,Staten Island,SIE E BRADLEY AVENUE - CLOVE ROAD
0.0,0,Staten Island,MLK S - SIE E WALKER STREET - WOOLEY AVENUE
0.0,0,Brooklyn,GOW S 9TH STREET - 7TH AVENUE
64.0,81,Staten Island,WSE S ARDEN AVENUE - BLOOMINGDALE ROAD
50.33,156,Staten Island,WSE S VICTORY BOULEVARD - ARDEN AVENUE
61.51,41,Bronx,CBE W CASTLE HILL AVENUE - TAYLOR AVENUE
32.93,277,Queens,Belt Pkwy E 182nd St - Laurelton Pkwy N @ SSP
31.68,140,Bronx,BE S CASTLE HILL AVENUE - STRATFORD AVENUE
16.15,544,Queens,VWE S MP6.39 (Exit 11 Jewel Ave) - MP4.63 (Exit 6 Jamaica Ave)
31.68,162,Bronx,MDE N RFK Bridge - 142nd St
13.04,405,Queens,QMT W Toll Plaza - Manhattan Side
0.0,0,Brooklyn,BQE S - GOW S ALTANTIC AVENUE - 9TH STREET
54.68,143,Staten Island,WSE S VICTORY BOULEVARD - ARDEN AVENUE
0.0,0,Manhattan,BQE N Atlantic Ave - BKN Bridge Manhattan Side
50.33,92,Brooklyn,VNB W BROOKLYN GANTRY UPPER LEVEL - SI GANTRY UPPER LEVEL
0.0,0,Manhattan,BBT W Toll Plaza - Manhattan Portal
0.0,0,Staten Island,MLK N WALKER STREET - NJ ROUTE 169
5.59,1397,Bronx,CBE W L/LE V AMSTERDAM AVE - I 95 S LOC LNS
4.34,566,Bronx,CBE W CASTLE HILL AVENUE - TAYLOR AVENUE
43.49,55,Manhattan,TBB W - FDR S MANHATTAN TRUSS - E116TH STREET
35.41,221,Queens,Laurelton Pkwy N @ SSP - CIP N Hempstead Tpk
0.0,0,Queens,CVE NB GCP - WILLETS PT BLVD
0.0,0,Staten Island,MLK N WALKER STREET - NJ ROUTE 169
56.54,104,Staten Island,SIE W FINGERBOARD ROAD - CLOVE ROAD
40.38,268,Queens,CVE NB LIE - WILLETS PT BLVD
45.98,101,Brooklyn,VNB E SI GANTRY UPPER LEVEL - BROOKLYN GANTRY UPPER LEVEL
26.71,377,Manhattan,FDR N Catherine Slip - 25th St
50.95,87,Bronx,HRP N LAFAYETTE AVENUE - E TREMONT AVENUE
0.0,0,Queens,TNB S Toll Plaza - Queens Anchorage
49.08,95,Bronx,BE N STRATFORD AVENUE - CASTLE HILL AVE
58.4,100,Staten Island,SIE W FINGERBOARD ROAD - CLOVE ROAD
42.87,237,Manhattan,FDR S 25th St - Catherine Slip
27.34,156,Bronx,CBE W MORRIS AVE - GWB W AMSTERDAM AVE (U/LVL)
51.57,55,Staten Island,SIE W RICHMOND AVENUE - SOUTH AVENUE
49.08,51,Bronx,CBE E TAYLOR AVENUE - CASTLE HILL AVENUE
0.0,0,Manhattan,LINCOLN TUNNEL E CENTER TUBE NJ - NY
0.0,0,Staten Island,MLK S - SIE E WALKER STREET - WOOLEY AVENUE
17.39,154,Queens,TNB S Qns Anchorage - CIP S @ TNB
0.0,0,Bronx,BRP S FORDHAM ROAD - WATSON AVENUE
0.0,0,Staten Island,SIE E-MLK N RICHMOND AVENUE - WALKER STREET
21.74,118,Manhattan,BKN Bridge Manhattan Side - FDR N Catherine Slip
22.99,113,Manhattan,FDR S Catherine Slip - BKN Bridge Manhattan Side
44.73,48,Brooklyn,GOW S VNB W 92ND STREET - BKLYN GANTRY LOWER LEVEL
49.7,233,Queens,CIP N TNB - Whitestone Expwy S Exit 14 (Linden Pl)
0.0,0,Staten Island,SIE E-MLK N RICHMOND AVENUE - WALKER STREET
50.95,49,Bronx,BWB N Toll Plaza - HRP N Lafayatte Ave
0.0,0,Brooklyn,GOW N 9TH STREET - ATLANTIC AVENUE
60.27,266,Queens,CIP NB GCP - TNB
37.28,430,Queens,CIP NB GCP - TNB
50.33,128,Queens,Whitestone Expwy N Exit 14 (Linden Pl) - BWB N Queens Anchorage
0.0,0,Brooklyn,GOW N 9TH STREET - ATLANTIC AVENUE
50.95,84,Brooklyn,GOW S 7TH AVENUE - 92ND STREET
42.25,130,Bronx,BRP N WATSON AVENUE - FORDHAM ROAD
23.61,184,Bronx,MDE S HARLEM RIVER PARK - GWB W AMSTERDAM AVENUE UPPER LEVEL
57.78,80,Bronx,BE N STRATFORD AVENUE - CASTLE HILL AVE
25.47,267,Queens,VWE S MP4.63 (Exit 6 Jamaica Ave) - MP2.66 (Exit 2 Roackaway Blvd)
51.57,149,Staten Island,WSE S TYRELLAN AVENUE - 440 S FRANCIS STREET
50.33,92,Brooklyn,VNB W BROOKLYN GANTRY UPPER LEVEL - SI GANTRY UPPER LEVEL
11.8,867,Manhattan,FDR S 25th St - Catherine Slip
55.92,288,Queens,CIP NB GCP - TNB
51.57,145,Staten Island,WSE N TYRELLAN AVENUE - BLOOMINGDALE ROAD
47.84,44,Brooklyn,VNB E-GOWANUS N BROOKLYN GANTRY LOWER LEVEL - 92ND STREET
51.57,82,Brooklyn,GOW S 7TH AVENUE - 92ND STREET
27.34,440,Queens,Belt Pkwy W JFK Expressway - VWE N Jamaica Ave
0.0,0,Queens,CIP N TNB - Whitestone Expwy S Exit 14 (Linden Pl)
56.54,88,Staten Island,WSE N BLOOMUINGDALE ROAD - ARDEN AVENUE
0.0,0,Queens,BE S TBB EXIT RAMP - QUEENS ANCHORAGE
0.0,0,Staten Island,SIE E-MLK N RICHMOND AVENUE - WALKER STREET
44.73,264,Queens,CIP N LIE ramp - TNB
47.22,98,Queens,BWB N Queens Anchorage - Toll Plaza
50.33,130,Staten Island,SIE E BRADLEY AVENUE - CLOVE ROAD
45.98,85,Queens,LIE WB LITTLE NECK PKWY - NB CIP
25.47,271,Queens,VWE S MP4.63 (Exit 6 Jamaica Ave) - MP2.66 (Exit 2 Roackaway Blvd)
50.95,146,Staten Island,WSE N TYRELLAN AVENUE - BLOOMINGDALE ROAD
18.64,469,Queens,VWE S MP6.39 (Exit 11 Jewel Ave) - MP4.63 (Exit 6 Jamaica Ave)
53.43,139,Manhattan,GWB E LOWER LEVEL PLAZA - CBE E LOWER LEVEL AMSTERDAM AVE
0.0,0,Staten Island,SIE W - MLK N WOOLEY AVENUE - WLAKER STREET
0.0,0,Manhattan,BQE N Atlantic Ave - MAN Bridge Manhattan Side
49.7,86,Brooklyn,GOW N 92ND STREET - 7TH AVENUE
60.27,135,Bronx,I-87 NYST S Exit 1 - MDE S Van Cortlandt Park
64.0,81,Staten Island,WSE S ARDEN AVENUE - BLOOMINGDALE ROAD
28.58,224,Manhattan,BBT E Manhattan Portal - Toll Plaza
42.25,54,Staten Island,SIE E VNB E FINGERBOARD ROAD - SI GANTRY LOWER LEVEL
19.88,264,Manhattan,QMT E Manhattan Side - Toll Plaza
49.7,75,Queens,Belt Pkwy W 182nd St - JFK Expressway
48.46,141,Queens,TNB N Queens Anchorage - Toll Plaza
54.05,201,Queens,CVE NB LIE - WILLETS PT BLVD
33.55,165,Manhattan,LINCOLN TUNNEL W CENTER TUBE NY - NJ
0.0,0,Staten Island,SIE E-MLK N RICHMOND AVENUE - WALKER STREET
45.36,142,Queens,BWB S Queens Anchorage - WSE S Exit 14 (Linden Pl)
44.11,120,Queens,VWE S MP8.65 (Exit 13 Northern Blvd) - MP6.39 (Exit 11 Jewel Ave)
8.07,1292,Queens,CIP N Hempstead Tpk - LIE
51.57,90,Brooklyn,VNB W BROOKLYN GANTRY LOWER LEVEL - SI GANTRY LOWER LEVEL
48.46,113,Bronx,BRP N WATSON AVENUE - FORDHAM ROAD
41.01,182,Queens,TBB S MANHATTAN LIFT SPAN - QUEENS ANCHORAGE
1.86,935,Manhattan,12th Ave S 57th St - 45th St
0.0,0,Staten Island,ROUTE 169 S - MLK WALKER STREET
9.94,691,Manhattan,FDR N 25th - 63rd St
45.98,180,Bronx,CBE E CASTLE HILL AVE - BE N WATERBURY AVE
47.22,251,Queens,CIP N LIE ramp - TNB
52.19,102,Queens,VWE N MP6.39 (Exit 11 Jewel Ave) - MP8.65 (Exit 13 Northern Blvd)
54.05,138,Staten Island,WSE N TYRELLAN AVENUE - BLOOMINGDALE ROAD
32.93,151,Manhattan,LINCOLN TUNNEL W NORTH TUBE NY - NJ
0.0,0,Queens,TNB N Queens Anchorage - Toll Plaza
34.17,344,Queens,CIP N LIE ramp - TNB
0.0,0,Brooklyn,GOW N 92ND STREET - 7TH AVENUE
42.25,192,Queens,TBB N QUEENS ANCHORAGE - MANHATTAN LIFT SPAN
45.98,431,Manhattan,Westside Hwy S GWB - 57th St
52.81,88,Bronx,BE N STRATFORD AVENUE - CASTLE HILL AVE
44.73,96,Bronx,CBE W MORRIS AVE - GWB W AMSTERDAM AVE (U/LVL)
60.27,83,Queens,LIE E 84TH ST - 108TH ST
14.29,439,Manhattan,12th ave @ 45th - 11 ave ganservoort st
39.76,54,Staten island,VNB W-SIE W SI GANTRY UPPER LEVEL - FINGERBOARD ROAD
49.7,151,Bronx,BE N Castle Hill Avenue - Griswold Ave
52.81,27,Staten Island,SIE W BRADLEY AVENUE - WOOLEY AVENUE
50.33,152,Staten Island,440 N FRANCIS STREET - WSE N TYRELLAN AVE
0.0,0,Manhattan,Westside Hwy S GWB - 57th St
46.6,146,Manhattan,FDR S 63rd - 25th St
36.03,127,Bronx,BWB S Toll Plaza - Queens Anchorage
57.78,86,Staten Island,WSE N BLOOMUINGDALE ROAD - ARDEN AVENUE
34.17,201,Queens,VWE S MP4.63 (Exit 6 Jamaica Ave) - MP2.66 (Exit 2 Roackaway Blvd)
47.22,56,Queens,TNB S Qns Anchorage - CIP S @ TNB
39.14,175,Manhattan,FDR S 63rd - 25th St
26.09,758,Manhattan,Westside Hwy S GWB - 57th St
0.0,0,Bronx,BRP S FORDHAM ROAD - WATSON AVENUE
35.41,233,Bronx,CBE E CASTLE HILL AVE - BE N WATERBURY AVE
0.0,0,Staten Island,ROUTE 169 S - MLK WALKER STREET
45.36,255,Queens,CIP N TNB - Whitestone Expwy S Exit 14 (Linden Pl)
58.4,43,Bronx,CBE W CASTLE HILL AVENUE - TAYLOR AVENUE
37.28,199,Bronx,BE N Castle Hill Avenue - Griswold Ave
52.81,87,Brooklyn,VNB W BROOKLYN GANTRY LOWER LEVEL - SI GANTRY LOWER LEVEL
26.71,255,Queens,VWE S MP4.63 (Exit 6 Jamaica Ave) - MP2.66 (Exit 2 Roackaway Blvd)
44.73,357,Queens,CIP NB GCP - TNB
55.92,164,Queens,Belt Pkwy E 182nd St - Laurelton Pkwy N @ SSP
51.57,48,Bronx,BWB N Toll Plaza - HRP N Lafayatte Ave
21.74,107,Manhattan,FDR N - TBB E 116TH STREET - MANHATTAN TRUSS
52.19,27,Staten Island,SIE W BRADLEY AVENUE - WOOLEY AVENUE
13.67,401,Bronx,BRP N WATSON AVENUE - FORDHAM ROAD
57.78,119,Queens,TNB N Queens Anchorage - Toll Plaza
56.54,169,Queens,LIE WB LITTLE NECK PKWY - NB CVE
41.01,122,Manhattan,LINCOLN TUNNEL W NORTH TUBE NY - NJ
57.16,81,Bronx,BE N STRATFORD AVENUE - CASTLE HILL AVE
49.08,157,Staten Island,440 N FRANCIS STREET - WSE N TYRELLAN AVE
8.07,1439,Queens,Belt Pkwy W JFK Expressway - VWE N Jamaica Ave
0.0,0,Staten Island,ROUTE 169 S - MLK WALKER STREET
0.0,0,Brooklyn,GOW S 7TH AVENUE - 92ND STREET
26.71,162,Bronx,MDE S HARLEM RIVER PARK - GWB W AMSTERDAM AVENUE UPPER LEVEL
34.79,72,Bronx,CBE E TAYLOR AVENUE - CASTLE HILL AVENUE
46.6,165,Staten Island,WSE S TYRELLAN AVENUE - 440 S FRANCIS STREET
31.06,219,Manhattan,FDR N 25th - 63rd St
49.7,47,Staten Island,SIE E VNB E FINGERBOARD ROAD - SI GANTRY LOWER LEVEL
42.87,71,Queens,BE S TBB EXIT RAMP - MANHATTAN LIFT SPAN
46.6,47,Queens,CIP N ramp to TNB - TNB Queens Anchorage
42.25,89,Queens,Belt Pkwy W 182nd St - JFK Expressway
9.94,616,Manhattan,12th ave @ 45th - 11 ave ganservoort st
50.33,135,Manhattan,FDR S 63rd - 25th St
46.6,147,Queens,TNB N Queens Anchorage - Toll Plaza
43.49,454,Manhattan,Westside Hwy N 57th St - GWB
44.73,164,Manhattan,GWB E LOWER LEVEL PLAZA - CBE E LOWER LEVEL AMSTERDAM AVE
14.29,718,Manhattan,FDR S 25th St - Catherine Slip
6.83,449,Manhattan,12th Ave N 40th - 57th St
57.78,46,Queens,TNB S Qns Anchorage - CIP S @ TNB
44.73,152,Manhattan,FDR S 63rd - 25th St
48.46,88,Bronx,CBE E AMSTERDAM AVE(U/LVL) - MORRIS AVE
49.7,86,Brooklyn,GOW N 92ND STREET - 7TH AVENUE
0.0,0,Staten Island,SIE W - MLK N WOOLEY AVENUE - WLAKER STREET
36.03,245,Queens,VWE N MP4.63 (Exit 6 - Jamaica Ave) - MP6.39 (Exit 11 Jewel Ave)
56.54,79,Bronx,BE S CASTLE HILL AVENUE - STRATFORD AVENUE
42.25,170,Queens,MDE S TBB EXIT RAMP - QUEENS ANCHORAGE
28.58,240,Queens,VWE S MP4.63 (Exit 6 Jamaica Ave) - MP2.66 (Exit 2 Roackaway Blvd)
16.15,328,Manhattan,11th ave n ganservoort - 12th ave @ 40th st
34.79,211,Manhattan,GWB E LOWER LEVEL PLAZA - CBE E LOWER LEVEL AMSTERDAM AVE
23.61,101,Manhattan,FDR N - TBB E 116TH STREET - MANHATTAN TRUSS
54.68,81,Bronx,HRP N LAFAYETTE AVENUE - E TREMONT AVENUE
0.0,0,Manhattan,BQE N Atlantic Ave - BKN Bridge Manhattan Side
6.83,596,Bronx,MDE S HARLEM RIVER PARK - GWB W AMSTERDAM AVENUE UPPER LEVEL
0.0,0,Staten Island,SIE E-MLK N RICHMOND AVENUE - WALKER STREET
54.05,26,Staten Island,SIE W BRADLEY AVENUE - WOOLEY AVENUE
41.01,58,Manhattan,FDR N - TBB E 116TH STREET - MANHATTAN TRUSS
67.72,76,Staten Island,WSE S ARDEN AVENUE - BLOOMINGDALE ROAD
59.65,42,Bronx,CBE W CASTLE HILL AVENUE - TAYLOR AVENUE
52.19,88,Queens,BWB N Queens Anchorage - Toll Plaza
0.0,0,Staten Island,ROUTE 169 S - MLK WALKER STREET
54.05,86,Brooklyn,VNB W BROOKLYN GANTRY LOWER LEVEL - SI GANTRY LOWER LEVEL
16.15,413,Manhattan,FDR N 25th - 63rd St
51.57,104,Queens,VWE N MP8.64 (Exit 13 Northern Blvd) - Whitestone Expwy Exit 14 (Linden Pl)
55.92,141,Staten Island,WSE S VICTORY BOULEVARD - ARDEN AVENUE
37.9,42,Staten Island,SIE E WOOLEY AVENUE - BRADLEY AVENUE
50.33,106,Queens,VWE N MP8.64 (Exit 13 Northern Blvd) - Whitestone Expwy Exit 14 (Linden Pl)
39.76,190,Queens,CIP S Hempstead Tpk - Laurelton Pkwy @ SSP
19.26,255,Queens,LIE W 108TH ST - 84TH ST
0.0,0,Bronx,BRP S FORDHAM ROAD - WATSON AVENUE
45.98,430,Manhattan,Westside Hwy S GWB - 57th St
45.36,50,Staten Island,SIE E VNB E FINGERBOARD ROAD - SI GANTRY UPPER LEVEL
41.01,265,Queens,VWE S MP2.66 (Exit 2 Rockaway Blvd) - Belt Pkwy E 182nd St
32.93,73,Manhattan,TBB W - FDR S MANHATTAN TRUSS - E116TH STREET
27.96,191,Manhattan,QMT E Manhattan Side - Toll Plaza
55.3,136,Queens,CIP S Hempstead Tpk - Laurelton Pkwy @ SSP
47.22,45,Brooklyn,VNB E-GOWANUS N BROOKLYN GANTRY UPPER LEVEL - 92ND STREET
52.81,74,Staten Island,SIE E RICHMOND AVENUE - WOOLEY AVENUE
57.16,191,Queens,CIP S LIE - Hempstead Tpk
3.1,1594,Queens,LIE W 108TH ST - 84TH ST
50.95,105,Queens,VWE N MP6.39 (Exit 11 Jewel Ave) - MP8.65 (Exit 13 Northern Blvd)
45.36,47,Brooklyn,GOW S VNB W 92ND STREET - BKLYN GANTRY LOWER LEVEL
42.87,213,Queens,Laurelton Pkwy S @ SSP - Belt Pkwy W 182nd St
49.08,157,Staten Island,440 N FRANCIS STREET - WSE N TYRELLAN AVE
39.14,55,Staten island,VNB W-SIE W SI GANTRY UPPER LEVEL - FINGERBOARD ROAD
13.67,795,Queens,CIP N Hempstead Tpk - LIE
36.66,245,Queens,VWE N MP4.63 (Exit 6 - Jamaica Ave) - MP6.39 (Exit 11 Jewel Ave)
4.97,457,Manhattan,12th Ave S 57th St - 45th St
0.0,0,Staten Island,MLK S - SIE W WALKER STREET - RICHMOND AVENUE
52.19,143,Staten Island,WSE N TYRELLAN AVENUE - BLOOMINGDALE ROAD
58.4,158,Queens,Belt Pkwy E 182nd St - Laurelton Pkwy N @ SSP
5.59,695,Bronx,CBE W MORRIS AVE - GWB W AMSTERDAM AVE (L/LVL)
52.81,114,Staten Island,WSE N-SIE E SOUTH AVENUE - SOUTH AVENUE
9.32,933,Queens,VWE S MP6.39 (Exit 11 Jewel Ave) - MP4.63 (Exit 6 Jamaica Ave)
55.92,105,Staten Island,SIE W FINGERBOARD ROAD - CLOVE ROAD
55.92,164,Queens,Belt Pkwy E 182nd St - Laurelton Pkwy N @ SSP
53.43,80,Brooklyn,GOW N 92ND STREET - 7TH AVENUE
24.85,254,Manhattan,12th ave @ 45th - 11 ave ganservoort st
29.2,234,Queens,TNB S Toll Plaza - Queens Anchorage
52.19,88,Brooklyn,VNB E SI GANTRY LOWER LEVEL - BROOLKYN GANTRY LOWER LEVEL
27.34,252,Queens,VWE S MP4.63 (Exit 6 Jamaica Ave) - MP2.66 (Exit 2 Roackaway Blvd)
44.11,48,Brooklyn,GOW S VNB W 92ND STREET - BKLYN GANTRY LOWER LEVEL
50.95,84,Bronx,CBE AMSTERDAM AVE (L/LVL) - MORRIS AVE
41.01,176,Queens,MDE S TBB EXIT RAMP - QUEENS ANCHORAGE
25.47,419,Queens,VWE S MP2.66 (Exit 2 Rockaway Blvd) - Belt Pkwy E 182nd St
49.08,44,Queens,CIP N ramp to TNB - TNB Queens Anchorage
0.0,0,Staten Island,ROUTE 169 S - MLK WALKER STREET
41.01,202,Bronx,CBE W U/LEV AMSTERDAM AVE - I95 S EXP LNS
26.71,208,Manhattan,LINCOLN TUNNEL W CENTER TUBE NY - NJ
54.68,114,Staten Island,WSE S BLLOMINGDALE ROAD - TYRELLAN AVENUE
52.81,87,Bronx,BE N STRATFORD AVENUE - CASTLE HILL AVE
16.15,415,Manhattan,FDR N 25th - 63rd St
0.0,0,Manhattan,Westside Hwy S GWB - 57th St
45.36,86,Staten Island,SIE E RICHMOND AVENUE - WOOLEY AVENUE
48.46,113,Staten Island,SIE E CLOVE ROAD - FINGERBOARD ROAD
17.39,190,Manhattan,11th ave s ganservoort - west st @ spring st
44.73,48,Brooklyn,GOW S VNB W 92ND STREET - BKLYN GANTRY UPPER LEVEL
36.66,160,Staten Island,SIE W FINGERBOARD ROAD - CLOVE ROAD
50.95,151,Staten Island,440 N FRANCIS STREET - WSE N TYRELLAN AVE
61.51,188,Queens,CIP N TNB - Whitestone Expwy S Exit 14 (Linden Pl)
0.0,0,Staten Island,MLK S - SIE E WALKER STREET - WOOLEY AVENUE
50.33,153,Staten Island,440 N FRANCIS STREET - WSE N TYRELLAN AVE
37.9,114,Bronx,MDE S HARLEM RIVER PARK - GWB W AMSTERDAM AVENUE UPPER LEVEL
44.11,48,Brooklyn,GOW S VNB W 92ND STREET - BKLYN GANTRY LOWER LEVEL
34.79,128,Bronx,MDE S HARLEM RIVER PARK - GWB W AMSTERDAM AVENUE LOWER LEVEL
42.87,222,Queens,LIE WB LITTLE NECK PKWY - NB CVE
45.98,86,Queens,LIE WB LITTLE NECK PKWY - NB CIP
57.78,80,Brooklyn,VNB W BROOKLYN GANTRY LOWER LEVEL - SI GANTRY LOWER LEVEL
51.57,140,Queens,MDE S TBB EXIT RAMP - QUEENS ANCHORAGE
5.59,706,Bronx,CBE W MORRIS AVE - GWB W AMSTERDAM AVE (U/LVL)
34.17,189,Manhattan,BBT E Manhattan Portal - Toll Plaza
44.11,48,Brooklyn,VNB E-GOWANUS N BROOKLYN GANTRY LOWER LEVEL - 92ND STREET
54.68,46,Bronx,CBE W CASTLE HILL AVENUE - TAYLOR AVENUE
54.68,78,Bronx,CBE E AMSTERDAM AVE(U/LVL) - MORRIS AVE
54.68,151,Bronx,CBE E CASTLE HILL AVE - BE N WATERBURY AVE
48.46,141,Manhattan,FDR S 63rd - 25th St
43.49,205,Queens,VWE N MP4.63 (Exit 6 - Jamaica Ave) - MP6.39 (Exit 11 Jewel Ave)
0.0,0,Manhattan,BQE N Atlantic Ave - MAN Bridge Manhattan Side
55.3,147,Bronx,I-87 NYST S Exit 1 - MDE S Van Cortlandt Park
9.32,242,Staten Island,SIE E VNB E FINGERBOARD ROAD - SI GANTRY UPPER LEVEL
14.29,463,Manhattan,FDR N 25th - 63rd St
50.95,119,Staten Island,WSE N-SIE E SOUTH AVENUE - SOUTH AVENUE
0.0,0,Bronx,CBE W L/LE V AMSTERDAM AVE - I 95 S LOC LNS
55.3,100,Staten Island,SIE E CLOVE ROAD - FINGERBOARD ROAD
8.07,530,Bronx,CBE W MORRIS AVE - GWB W AMSTERDAM AVE (U/LVL)
26.71,255,Manhattan,FDR S 63rd - 25th St
18.64,299,Manhattan,LINCOLN TUNNEL E CENTER TUBE NJ - NY
0.0,0,Brooklyn,GOW S 9TH STREET - 7TH AVENUE
58.4,85,Staten Island,WSE N BLOOMUINGDALE ROAD - ARDEN AVENUE
16.77,607,Manhattan,FDR N Catherine Slip - 25th St
64.0,61,Staten Island,SIE W WOOLEY AVENUE - RICHMOND AVENUE
53.43,87,Bronx,BE N STRATFORD AVENUE - CASTLE HILL AVE
54.68,108,Staten Island,SIE W FINGERBOARD ROAD - CLOVE ROAD
52.19,210,Queens,CIP S LIE - Hempstead Tpk
9.94,526,Manhattan,11th ave n ganservoort - 12th ave @ 40th st
50.95,49,Bronx,BWB N Toll Plaza - HRP N Lafayatte Ave
65.24,79,Staten Island,WSE S ARDEN AVENUE - BLOOMINGDALE ROAD
0.0,0,Bronx,BRP S FORDHAM ROAD - WATSON AVENUE
15.53,438,Manhattan,FDR S 63rd - 25th St
50.33,57,Staten Island,WSE S SOUTH AVENUE - VICTORY BOULEVARD
44.73,182,Queens,TBB N QUEENS ANCHORAGE - MANHATTAN LIFT SPAN
45.36,121,Queens,Whitestone Expwy S Exit 14 (Linden Pl) - VWE S MP8.65 (Exit 13 Northern Blvd)
35.41,555,Manhattan,Westside Hwy S GWB - 57th St
55.3,71,Staten Island,SIE E RICHMOND AVENUE - WOOLEY AVENUE
7.45,293,Manhattan,12th Ave S 57th St - 45th St
50.33,149,Bronx,BE S Griswold - Castle Hill Avenue
29.82,341,Manhattan,FDR S 25th St - Catherine Slip
47.84,89,Brooklyn,GOW S 7TH AVENUE - 92ND STREET
0.0,0,Bronx,CBE W L/LE V AMSTERDAM AVE - I 95 S LOC LNS
41.01,56,Staten Island,SIE E VNB E FINGERBOARD ROAD - SI GANTRY LOWER LEVEL
59.65,154,Queens,Laurelton Pkwy S @ SSP - Belt Pkwy W 182nd St
52.81,88,Brooklyn,VNB W BROOKLYN GANTRY LOWER LEVEL - SI GANTRY LOWER LEVEL
26.09,414,Queens,CIP N Hempstead Tpk - LIE
0.0,0,Staten Island,SIE E-MLK N RICHMOND AVENUE - WALKER STREET
42.25,110,Brooklyn,VNB E SI GANTRY UPPER LEVEL - BROOKLYN GANTRY UPPER LEVEL
0.0,0,Bronx,BRP S FORDHAM ROAD - WATSON AVENUE
49.08,112,Staten Island,SIE E CLOVE ROAD - FINGERBOARD ROAD
36.03,84,Queens,BE S TBB EXIT RAMP - MANHATTAN LIFT SPAN
21.74,199,Bronx,MDE S HARLEM RIVER PARK - GWB W AMSTERDAM AVENUE UPPER LEVEL
10.56,583,Queens,Whitestone Expwy N Exit 14 (Linden Pl) - BWB N Queens Anchorage
55.3,83,Bronx,BE N STRATFORD AVENUE - CASTLE HILL AVE
50.95,390,Manhattan,Westside Hwy N 57th St - GWB
0.0,0,Brooklyn,GOW N 7TH AVENUE - 9TH STREET
59.65,54,Staten Island,WSE N VICTORY BLVD - SOUTH AVENUE
45.36,150,Queens,TNB S Toll Plaza - Queens Anchorage
57.16,120,Queens,TNB N Queens Anchorage - Toll Plaza
45.36,58,Manhattan,FDR S Catherine Slip - BKN Bridge Manhattan Side
35.41,556,Manhattan,Westside Hwy N 57th St - GWB
40.38,53,Brooklyn,VNB E-GOWANUS N BROOKLYN GANTRY LOWER LEVEL - 92ND STREET
54.68,84,Brooklyn,VNB E SI GANTRY LOWER LEVEL - BROOLKYN GANTRY LOWER LEVEL
5.59,717,Bronx,MDE S HARLEM RIVER PARK - GWB W AMSTERDAM AVENUE UPPER LEVEL
51.57,125,Queens,BWB S Queens Anchorage - WSE S Exit 14 (Linden Pl)
21.74,525,Queens,CIP N TNB - Whitestone Expwy S Exit 14 (Linden Pl)
0.0,0,Manhattan,BBT W Toll Plaza - Manhattan Portal
41.01,479,Manhattan,Westside Hwy N 57th St - GWB
24.23,339,Bronx,CBE W U/LEV AMSTERDAM AVE - I95 S EXP LNS
20.5,261,Manhattan,11th ave n ganservoort - 12th ave @ 40th st
33.55,48,Staten Island,SIE E WOOLEY AVENUE - BRADLEY AVENUE
34.79,197,Queens,VWE S MP4.63 (Exit 6 Jamaica Ave) - MP2.66 (Exit 2 Roackaway Blvd)
49.7,93,Brooklyn,VNB E SI GANTRY LOWER LEVEL - BROOLKYN GANTRY LOWER LEVEL
49.08,140,Queens,TNB N Queens Anchorage - Toll Plaza
49.7,93,Queens,BWB N Queens Anchorage - Toll Plaza
0.0,0,Staten Island,MLK S - SIE E WALKER STREET - WOOLEY AVENUE
24.23,291,Brooklyn,BQE N LEONARD STREET - 46TH STREET
0.0,0,Staten Island,MLK N WALKER STREET - NJ ROUTE 169
18.01,125,Manhattan,12th Ave S 57th St - 45th St
54.68,78,Brooklyn,GOW S 7TH AVENUE - 92ND STREET
22.99,111,Bronx,CBE E TAYLOR AVENUE - CASTLE HILL AVENUE
43.49,106,Bronx,BWB S Toll Plaza - Queens Anchorage
39.14,59,Staten Island,SIE E VNB E FINGERBOARD ROAD - SI GANTRY LOWER LEVEL
29.82,308,Queens,Laurelton Pkwy S @ SSP - Belt Pkwy W 182nd St
57.16,87,Staten Island,WSE N BLOOMUINGDALE ROAD - ARDEN AVENUE
0.0,0,Staten Island,MLK N WALKER STREET - NJ ROUTE 169
60.89,47,Staten Island,SIE W RICHMOND AVENUE - SOUTH AVENUE
52.19,116,Staten Island,WSE N-SIE E SOUTH AVENUE - SOUTH AVENUE
0.0,0,Staten Island,SIE E-MLK N RICHMOND AVENUE - WALKER STREET
35.41,66,Manhattan,FDR N - TBB E 116TH STREET - MANHATTAN TRUSS
64.62,80,Staten Island,WSE S ARDEN AVENUE - BLOOMINGDALE ROAD
39.76,58,Staten Island,SIE E VNB E FINGERBOARD ROAD - SI GANTRY LOWER LEVEL
50.95,151,Staten Island,440 N FRANCIS STREET - WSE N TYRELLAN AVE
1.86,2973,Manhattan,BBT E Manhattan Portal - Toll Plaza
55.3,83,Bronx,BE N STRATFORD AVENUE - CASTLE HILL AVE
22.99,239,Manhattan,LINCOLN TUNNEL E CENTER TUBE NJ - NY
47.22,136,Queens,Whitestone Expwy N Exit 14 (Linden Pl) - BWB N Queens Anchorage
13.67,230,Manhattan,12th Ave N 40th - 57th St
31.68,83,Manhattan,FDR S Catherine Slip - BKN Bridge Manhattan Side
0.0,0,Manhattan,Westside Hwy S GWB - 57th St
50.95,126,Queens,BWB S Queens Anchorage - WSE S Exit 14 (Linden Pl)
24.85,286,Brooklyn,BQE N LEONARD STREET - 46TH STREET
9.94,530,Manhattan,LINCOLN TUNNEL W CENTER TUBE NY - NJ
45.36,434,Manhattan,Westside Hwy N 57th St - GWB
45.36,94,Bronx,CBE W MORRIS AVE - GWB W AMSTERDAM AVE (L/LVL)
13.67,196,Queens,TNB S Qns Anchorage - CIP S @ TNB
26.09,273,Brooklyn,BQE N LEONARD STREET - 46TH STREET
28.58,83,Manhattan,FDR N - TBB E 116TH STREET - MANHATTAN TRUSS
48.46,52,Bronx,CBE E TAYLOR AVENUE - CASTLE HILL AVENUE
35.41,308,Queens,CIP N Hempstead Tpk - LIE
37.28,147,Manhattan,LINCOLN TUNNEL E CENTER TUBE NJ - NY
41.63,180,Queens,TBB S MANHATTAN LIFT SPAN - QUEENS ANCHORAGE
13.04,244,Manhattan,12th Ave N 40th - 57th St
0.0,0,Manhattan,Westside Hwy S GWB - 57th St
32.31,134,Bronx,MDE S HARLEM RIVER PARK - GWB W AMSTERDAM AVENUE UPPER LEVEL
42.25,168,Brooklyn,BQE S 46TH STREET - LEONARD STREET
21.74,120,Manhattan,BKN Bridge Manhattan Side - FDR N Catherine Slip
57.78,136,Staten Island,WSE N ARDEN AVENUE - VICTORY BLVD
45.98,81,Queens,Belt Pkwy W 182nd St - JFK Expressway
54.05,139,Staten Island,WSE N TYRELLAN AVENUE - BLOOMINGDALE ROAD
39.14,41,Staten Island,SIE E WOOLEY AVENUE - BRADLEY AVENUE
43.49,86,Queens,Belt Pkwy W 182nd St - JFK Expressway
57.16,138,Staten Island,WSE N ARDEN AVENUE - VICTORY BLVD
58.4,139,Bronx,I-87 NYST S Exit 1 - MDE S Van Cortlandt Park
52.19,51,Staten Island,SIE E SOUTH AVENUE - RICHMOND AVENUE
0.0,0,Bronx,BRP S FORDHAM ROAD - WATSON AVENUE
17.39,174,Queens,BE S TBB EXIT RAMP - MANHATTAN LIFT SPAN
2.48,2301,Manhattan,BBT W Toll Plaza - Manhattan Portal
54.05,47,Bronx,CBE E TAYLOR AVENUE - CASTLE HILL AVENUE
54.68,140,Staten Island,WSE S TYRELLAN AVENUE - 440 S FRANCIS STREET
22.36,199,Bronx,MDE S HARLEM RIVER PARK - GWB W AMSTERDAM AVENUE LOWER LEVEL
59.65,54,Staten Island,WSE N VICTORY BLVD - SOUTH AVENUE
6.21,640,Bronx,CBE W MORRIS AVE - GWB W AMSTERDAM AVE (L/LVL)
0.0,0,Manhattan,BBT E Manhattan Portal - Toll Plaza
56.54,79,Bronx,BE S CASTLE HILL AVENUE - STRATFORD AVENUE
57.16,93,Queens,VWE N MP8.64 (Exit 13 Northern Blvd) - Whitestone Expwy Exit 14 (Linden Pl)
13.67,881,Queens,Belt Pkwy W JFK Expressway - VWE N Jamaica Ave
14.91,475,Brooklyn,BQE S 46TH STREET - LEONARD STREET
15.53,314,Manhattan,LINCOLN TUNNEL W NORTH TUBE NY - NJ
54.68,136,Bronx,BE S Griswold - Castle Hill Avenue
0.0,0,Manhattan,BQE N Atlantic Ave - MAN Bridge Manhattan Side
58.4,103,Staten Island,WSE N-SIE E SOUTH AVENUE - SOUTH AVENUE
1.24,2205,Manhattan,11th ave s ganservoort - west st @ spring st
40.38,185,Bronx,BE N Castle Hill Avenue - Griswold Ave
46.6,174,Queens,TBB N QUEENS ANCHORAGE - MANHATTAN LIFT SPAN
41.01,265,Queens,VWE S MP2.66 (Exit 2 Rockaway Blvd) - Belt Pkwy E 182nd St
47.84,96,Brooklyn,VNB E SI GANTRY UPPER LEVEL - BROOKLYN GANTRY UPPER LEVEL
9.94,409,Bronx,CBE W MORRIS AVE - GWB W AMSTERDAM AVE (L/LVL)
8.07,684,Manhattan,LINCOLN TUNNEL E SOUTH TUBE - NJ - NY
16.15,448,Queens,TBB N QUEENS ANCHORAGE - BE N
50.95,147,Staten Island,WSE N TYRELLAN AVENUE - BLOOMINGDALE ROAD
0.0,0,Manhattan,BBT E Manhattan Portal - Toll Plaza
0.0,0,Manhattan,BQE N Atlantic Ave - BKN Bridge Manhattan Side
0.0,0,Brooklyn,BQE S - GOW S ALTANTIC AVENUE - 9TH STREET
5.59,1214,Manhattan,FDR N 25th - 63rd St
41.01,197,Bronx,I-87 NYST S Exit 1 - MDE S Van Cortlandt Park
49.08,113,Queens,Whitestone Expwy S Exit 14 (Linden Pl) - VWE S MP8.65 (Exit 13 Northern Blvd)
29.2,89,Manhattan,FDR S Catherine Slip - BKN Bridge Manhattan Side
34.79,158,Queens,Whitestone Expwy S Exit 14 (Linden Pl) - VWE S MP8.65 (Exit 13 Northern Blvd)
42.87,118,Bronx,MDE N RFK Bridge - 142nd St
53.43,84,Bronx,HRP N LAFAYETTE AVENUE - E TREMONT AVENUE
44.73,200,Queens,VWE S MP6.39 (Exit 11 Jewel Ave) - MP4.63 (Exit 6 Jamaica Ave)
62.75,51,Staten Island,WSE N VICTORY BLVD - SOUTH AVENUE
51.57,49,Bronx,CBE W CASTLE HILL AVENUE - TAYLOR AVENUE
16.15,266,Bronx,MDE S HARLEM RIVER PARK - GWB W AMSTERDAM AVENUE UPPER LEVEL
42.25,92,Staten Island,SIE W WOOLEY AVENUE - RICHMOND AVENUE
42.87,108,Queens,BWB N Queens Anchorage - Toll Plaza
50.95,154,Queens,Laurelton Pkwy N @ SSP - CIP N Hempstead Tpk
47.84,44,Brooklyn,GOW S VNB W 92ND STREET - BKLYN GANTRY LOWER LEVEL
25.47,266,Queens,VWE S MP4.63 (Exit 6 Jamaica Ave) - MP2.66 (Exit 2 Roackaway Blvd)
13.04,326,Brooklyn,GOW N 92ND STREET - 7TH AVENUE
46.6,247,Queens,CIP N TNB - Whitestone Expwy S Exit 14 (Linden Pl)
41.01,234,Queens,LIE WB LITTLE NECK PKWY - NB CVE
58.4,86,Staten Island,WSE N BLOOMUINGDALE ROAD - ARDEN AVENUE
0.0,0,Queens,QMT W Toll Plaza - Manhattan Side
36.03,39,Staten Island,SIE W BRADLEY AVENUE - WOOLEY AVENUE
24.23,229,Bronx,BRP N WATSON AVENUE - FORDHAM ROAD
32.93,153,Bronx,MDE N RFK Bridge - 142nd St
0.0,0,Manhattan,BQE N Atlantic Ave - MAN Bridge Manhattan Side
0.0,0,Manhattan,BQE N Atlantic Ave - MAN Bridge Manhattan Side
0.0,0,Brooklyn,GOW N 9TH STREET - ATLANTIC AVENUE
50.95,134,Manhattan,FDR S 63rd - 25th St
20.5,265,Bronx,BRP N WATSON AVENUE - FORDHAM ROAD
53.43,139,Bronx,BE S Griswold - Castle Hill Avenue
50.95,105,Queens,VWE S MP8.65 (Exit 13 Northern Blvd) - MP6.39 (Exit 11 Jewel Ave)
45.98,30,Staten Island,SIE W BRADLEY AVENUE - WOOLEY AVENUE
19.88,348,Staten Island,SIE W - WSE S SOUTH AVENUE - SOUTH AVENUE
46.6,99,Queens,BWB N Queens Anchorage - Toll Plaza
67.1,77,Staten Island,WSE S ARDEN AVENUE - BLOOMINGDALE ROAD
16.15,301,Queens,LIE W 108TH ST - 84TH ST
28.58,289,Bronx,CBE W U/LEV AMSTERDAM AVE - I95 S EXP LNS
31.06,250,Queens,Laurelton Pkwy N @ SSP - CIP N Hempstead Tpk
11.8,733,Queens,VWE S MP6.39 (Exit 11 Jewel Ave) - MP4.63 (Exit 6 Jamaica Ave)
4.97,447,Manhattan,12th Ave S 57th St - 45th St
53.43,100,Queens,VWE S MP8.65 (Exit 13 Northern Blvd) - MP6.39 (Exit 11 Jewel Ave)
49.08,104,Bronx,MDE N RFK Bridge - 142nd St
27.96,159,Bronx,BE S CASTLE HILL AVENUE - STRATFORD AVENUE
11.18,635,Queens,TBB N QUEENS ANCHORAGE - BE N
21.12,120,Bronx,CBE W CASTLE HILL AVENUE - TAYLOR AVENUE
47.84,44,Brooklyn,VNB E-GOWANUS N BROOKLYN GANTRY LOWER LEVEL - 92ND STREET
0.0,0,Manhattan,BQE N Atlantic Ave - BKN Bridge Manhattan Side
41.63,56,Staten Island,SIE E VNB E FINGERBOARD ROAD - SI GANTRY LOWER LEVEL
0.0,0,Staten Island,MLK S - SIE W WALKER STREET - RICHMOND AVENUE
41.63,112,Brooklyn,VNB E SI GANTRY UPPER LEVEL - BROOKLYN GANTRY UPPER LEVEL
52.81,88,Brooklyn,VNB W BROOKLYN GANTRY UPPER LEVEL - SI GANTRY UPPER LEVEL
6.21,679,Bronx,CBE W MORRIS AVE - GWB W AMSTERDAM AVE (L/LVL)
51.57,212,Queens,CIP N Hempstead Tpk - LIE
41.63,198,Bronx,CBE W U/LEV AMSTERDAM AVE - I95 S EXP LNS
41.01,52,Staten island,VNB W-SIE W SI GANTRY UPPER LEVEL - FINGERBOARD ROAD
0.0,0,Staten Island,MLK S - SIE E WALKER STREET - WOOLEY AVENUE
59.03,66,Staten Island,SIE W WOOLEY AVENUE - RICHMOND AVENUE
41.01,56,Staten Island,SIE E VNB E FINGERBOARD ROAD - SI GANTRY LOWER LEVEL
54.05,299,Queens,CIP NB GCP - TNB
42.87,194,Bronx,CBE W U/LEV AMSTERDAM AVE - I95 S EXP LNS
47.84,53,Bronx,CBE E TAYLOR AVENUE - CASTLE HILL AVENUE
46.6,50,Staten Island,SIE E VNB E FINGERBOARD ROAD - SI GANTRY UPPER LEVEL
50.95,100,Bronx,MDE N RFK Bridge - 142nd St
11.18,875,Manhattan,FDR S 25th St - Catherine Slip
0.0,0,Brooklyn,GOW S VNB W 92ND STREET - BKLYN GANTRY LOWER LEVEL
52.19,54,Staten Island,SIE W RICHMOND AVENUE - SOUTH AVENUE
21.12,337,Queens,TBB N QUEENS ANCHORAGE - BE N
39.76,195,Queens,Laurelton Pkwy N @ SSP - CIP N Hempstead Tpk
54.68,101,Staten Island,SIE E CLOVE ROAD - FINGERBOARD ROAD
30.44,355,Queens,VWE S MP2.66 (Exit 2 Rockaway Blvd) - Belt Pkwy E 182nd St
0.0,0,Manhattan,BQE N Atlantic Ave - MAN Bridge Manhattan Side
9.94,417,Bronx,CBE E AMSTERDAM AVE(U/LVL) - MORRIS AVE
16.77,318,Manhattan,QMT E Manhattan Side - Toll Plaza
49.08,156,Staten Island,440 N FRANCIS STREET - WSE N TYRELLAN AVE
22.36,248,Manhattan,LINCOLN TUNNEL E SOUTH TUBE - NJ - NY
22.99,442,Manhattan,FDR S 25th St - Catherine Slip
49.7,155,Staten Island,440 N FRANCIS STREET - WSE N TYRELLAN AVE
35.41,45,Staten Island,SIE E WOOLEY AVENUE - BRADLEY AVENUE
47.84,112,Queens,VWE N MP6.39 (Exit 11 Jewel Ave) - MP8.65 (Exit 13 Northern Blvd)
42.87,177,Queens,CIP S Hempstead Tpk - Laurelton Pkwy @ SSP
49.08,95,Brooklyn,VNB E SI GANTRY UPPER LEVEL - BROOKLYN GANTRY UPPER LEVEL
47.84,55,Staten Island,SIE E SOUTH AVENUE - RICHMOND AVENUE
0.0,0,Staten Island,SIE W - MLK N WOOLEY AVENUE - WLAKER STREET
57.78,105,Staten Island,WSE N-SIE E SOUTH AVENUE - SOUTH AVENUE
40.38,178,Queens,MDE S TBB EXIT RAMP - QUEENS ANCHORAGE
50.33,85,Brooklyn,GOW N 92ND STREET - 7TH AVENUE
32.31,122,Queens,LIE WB LITTLE NECK PKWY - NB CIP
41.01,264,Queens,CVE NB LIE - WILLETS PT BLVD
6.83,444,Manhattan,12th Ave N 40th - 57th St
44.73,168,Queens,TBB S MANHATTAN LIFT SPAN - QUEENS ANCHORAGE
11.18,376,Bronx,CBE W MORRIS AVE - GWB W AMSTERDAM AVE (L/LVL)
50.95,43,Queens,CIP N ramp to TNB - TNB Queens Anchorage
51.57,224,Queens,CIP N TNB - Whitestone Expwy S Exit 14 (Linden Pl)
49.08,113,Staten Island,SIE E CLOVE ROAD - FINGERBOARD ROAD
0.0,0,Manhattan,BQE N Atlantic Ave - MAN Bridge Manhattan Side
0.0,0,Staten Island,ROUTE 169 S - MLK WALKER STREET
0.0,0,Staten Island,ROUTE 169 S - MLK WALKER STREET
24.85,180,Bronx,MDE S HARLEM RIVER PARK - GWB W AMSTERDAM AVENUE LOWER LEVEL
45.36,179,Queens,TBB N QUEENS ANCHORAGE - MANHATTAN LIFT SPAN
0.0,0,Brooklyn,GOW N 9TH STREET - ATLANTIC AVENUE
23.61,434,Manhattan,FDR N Catherine Slip - 25th St
0.0,0,Brooklyn,BQE S - GOW S ALTANTIC AVENUE - 9TH STREET
14.29,401,Manhattan,West St S Spring St - BBT Manhattan Portal outbound
29.82,323,Queens,LIE WB LITTLE NECK PKWY - NB CVE
47.84,115,Bronx,BRP N WATSON AVENUE - FORDHAM ROAD
49.08,94,Brooklyn,VNB E SI GANTRY UPPER LEVEL - BROOKLYN GANTRY UPPER LEVEL
0.0,0,Brooklyn,GOW N 9TH STREET - ATLANTIC AVENUE
33.55,72,Manhattan,TBB W - FDR S MANHATTAN TRUSS - E116TH STREET
39.76,98,Queens,LIE WB LITTLE NECK PKWY - NB CIP
52.81,54,Staten Island,SIE W RICHMOND AVENUE - SOUTH AVENUE
47.22,108,Bronx,MDE N RFK Bridge - 142nd St
41.63,94,Staten Island,SIE W WOOLEY AVENUE - RICHMOND AVENUE
1.24,4318,Manhattan,BBT W Toll Plaza - Manhattan Portal
50.33,132,Staten Island,SIE E BRADLEY AVENUE - CLOVE ROAD
43.49,158,Manhattan,FDR S 63rd - 25th St
40.38,204,Bronx,CBE E CASTLE HILL AVE - BE N WATERBURY AVE
41.63,51,Staten Island,VNB W-SIE W SI GANTRY LOWER LEVEL - FINGERBOARD ROAD
46.6,168,Staten Island,WSE N ARDEN AVENUE - VICTORY BLVD
58.4,43,Bronx,CBE E TAYLOR AVENUE - CASTLE HILL AVENUE
30.44,242,Manhattan,GWB E LOWER LEVEL PLAZA - CBE E LOWER LEVEL AMSTERDAM AVE
0.0,0,Manhattan,LINCOLN TUNNEL E CENTER TUBE NJ - NY
42.87,58,Bronx,HRP S Lafayette Ave - BWB S Toll Plaza
19.88,275,Queens,Whitestone Expwy S Exit 14 (Linden Pl) - VWE S MP8.65 (Exit 13 Northern Blvd)
0.0,0,Bronx,BRP S FORDHAM ROAD - WATSON AVENUE
43.49,57,Bronx,HRP S Lafayette Ave - BWB S Toll Plaza
48.46,45,Queens,CIP N ramp to TNB - TNB Queens Anchorage
29.2,400,Queens,CIP N LIE ramp - TNB
46.6,50,Staten Island,SIE E VNB E FINGERBOARD ROAD - SI GANTRY UPPER LEVEL
54.05,73,Staten Island,SIE E RICHMOND AVENUE - WOOLEY AVENUE
14.91,459,Manhattan,FDR N 25th - 63rd St
23.61,483,Queens,CIP N TNB - Whitestone Expwy S Exit 14 (Linden Pl)
0.0,0,Manhattan,Westside Hwy S GWB - 57th St
6.21,689,Bronx,CBE W MORRIS AVE - GWB W AMSTERDAM AVE (U/LVL)
0.0,0,Manhattan,BQE N Atlantic Ave - BKN Bridge Manhattan Side
8.69,1223,Queens,CIP N Hempstead Tpk - LIE
39.76,129,Bronx,MDE N RFK Bridge - 142nd St
50.33,44,Queens,CIP N ramp to TNB - TNB Queens Anchorage
49.7,138,Queens,TNB S Toll Plaza - Queens Anchorage
56.54,132,Bronx,BE S Griswold - Castle Hill Avenue
39.14,109,Bronx,CBE E AMSTERDAM AVE(U/LVL) - MORRIS AVE
54.05,118,Queens,BWB S Queens Anchorage - WSE S Exit 14 (Linden Pl)
0.0,0,Brooklyn,GOW S 7TH AVENUE - 92ND STREET
52.19,88,Brooklyn,VNB W BROOKLYN GANTRY LOWER LEVEL - SI GANTRY LOWER LEVEL
0.0,0,Brooklyn,BQE S - GOW S ALTANTIC AVENUE - 9TH STREET
26.71,334,Queens,VWE N MP4.63 (Exit 6 - Jamaica Ave) - MP6.39 (Exit 11 Jewel Ave)
54.68,85,Bronx,BE N STRATFORD AVENUE - CASTLE HILL AVE
36.66,150,Queens,Whitestone Expwy S Exit 14 (Linden Pl) - VWE S MP8.65 (Exit 13 Northern Blvd)
22.99,195,Bronx,MDE S HARLEM RIVER PARK - GWB W AMSTERDAM AVENUE LOWER LEVEL
8.07,697,Manhattan,West St S Spring St - BBT Manhattan Portal outbound
50.33,57,Staten Island,WSE S SOUTH AVENUE - VICTORY BOULEVARD
0.0,0,Staten Island,SIE W - MLK N WOOLEY AVENUE - WLAKER STREET
44.11,183,Queens,TBB N QUEENS ANCHORAGE - MANHATTAN LIFT SPAN
61.51,269,Queens,CVE NB GCP - WILLETS PT BLVD
12.42,190,Manhattan,TBB W - FDR S MANHATTAN TRUSS - E116TH STREET
50.95,108,Staten Island,SIE E CLOVE ROAD - FINGERBOARD ROAD
44.11,124,Bronx,BRP N WATSON AVENUE - FORDHAM ROAD
48.46,142,Queens,TNB S Toll Plaza - Queens Anchorage
52.19,102,Queens,VWE N MP8.64 (Exit 13 Northern Blvd) - Whitestone Expwy Exit 14 (Linden Pl)
42.87,100,Bronx,CBE W MORRIS AVE - GWB W AMSTERDAM AVE (L/LVL)
52.19,88,Bronx,BE N STRATFORD AVENUE - CASTLE HILL AVE
48.46,33,Staten Island,SIE E WOOLEY AVENUE - BRADLEY AVENUE
60.89,112,Queens,TNB N Queens Anchorage - Toll Plaza
53.43,100,Queens,VWE S MP8.65 (Exit 13 Northern Blvd) - MP6.39 (Exit 11 Jewel Ave)
36.66,66,Manhattan,TBB W - FDR S MANHATTAN TRUSS - E116TH STREET
0.0,0,Staten Island,MLK S - SIE W WALKER STREET - RICHMOND AVENUE
21.12,332,Brooklyn,BQE N LEONARD STREET - 46TH STREET
46.6,92,Brooklyn,GOW N 92ND STREET - 7TH AVENUE
57.16,68,Staten Island,SIE E RICHMOND AVENUE - WOOLEY AVENUE
18.64,288,Manhattan,11th ave n ganservoort - 12th ave @ 40th st
53.43,101,Queens,VWE S MP8.65 (Exit 13 Northern Blvd) - MP6.39 (Exit 11 Jewel Ave)
46.6,47,Queens,CIP N ramp to TNB - TNB Queens Anchorage
0.0,0,Manhattan,BQE N Atlantic Ave - MAN Bridge Manhattan Side
52.19,102,Queens,VWE N MP8.64 (Exit 13 Northern Blvd) - Whitestone Expwy Exit 14 (Linden Pl)
52.19,131,Queens,TNB S Toll Plaza - Queens Anchorage
51.57,48,Bronx,BWB N Toll Plaza - HRP N Lafayatte Ave
60.27,192,Queens,CIP N TNB - Whitestone Expwy S Exit 14 (Linden Pl)
24.23,446,Queens,CIP N Hempstead Tpk - LIE
27.96,109,Queens,BE S TBB EXIT RAMP - MANHATTAN LIFT SPAN
49.08,112,Bronx,BRP N WATSON AVENUE - FORDHAM ROAD
54.68,200,Queens,CVE NB LIE - WILLETS PT BLVD
40.38,284,Queens,CIP N TNB - Whitestone Expwy S Exit 14 (Linden Pl)
21.74,118,Manhattan,BKN Bridge Manhattan Side - FDR N Catherine Slip
52.81,50,Staten Island,SIE E SOUTH AVENUE - RICHMOND AVENUE
55.92,48,Queens,TNB S Qns Anchorage - CIP S @ TNB
18.01,564,Manhattan,FDR S 25th St - Catherine Slip
16.15,266,Bronx,MDE S HARLEM RIVER PARK - GWB W AMSTERDAM AVENUE UPPER LEVEL
41.63,164,Manhattan,FDR S 63rd - 25th St
52.81,121,Queens,BWB S Queens Anchorage - WSE S Exit 14 (Linden Pl)
16.77,372,Manhattan,12th ave @ 45th - 11 ave ganservoort st
54.68,78,Bronx,CBE W MORRIS AVE - GWB W AMSTERDAM AVE (L/LVL)
45.98,115,Queens,VWE S MP8.65 (Exit 13 Northern Blvd) - MP6.39 (Exit 11 Jewel Ave)
45.98,194,Queens,VWE N MP4.63 (Exit 6 - Jamaica Ave) - MP6.39 (Exit 11 Jewel Ave)
8.07,511,Bronx,CBE E AMSTERDAM AVE(U/LVL) - MORRIS AVE
62.75,51,Staten Island,WSE N VICTORY BLVD - SOUTH AVENUE
51.57,107,Staten Island,SIE E CLOVE ROAD - FINGERBOARD ROAD
16.15,172,Staten Island,WSE S SOUTH AVENUE - VICTORY BOULEVARD
53.43,96,Bronx,MDE N RFK Bridge - 142nd St
42.87,104,Bronx,MDE S HARLEM RIVER PARK - GWB W AMSTERDAM AVENUE LOWER LEVEL
55.92,79,Bronx,BE S CASTLE HILL AVENUE - STRATFORD AVENUE
17.39,185,Manhattan,11th ave s ganservoort - west st @ spring st
46.6,426,Manhattan,Westside Hwy N 57th St - GWB
0.0,0,Brooklyn,GOW N 92ND STREET - 7TH AVENUE
56.54,79,Bronx,HRP N LAFAYETTE AVENUE - E TREMONT AVENUE
49.08,152,Bronx,BE S Griswold - Castle Hill Avenue
57.16,160,Queens,Belt Pkwy E 182nd St - Laurelton Pkwy N @ SSP
54.05,202,Queens,CIP S LIE - Hempstead Tpk
31.68,146,Brooklyn,VNB E SI GANTRY UPPER LEVEL - BROOKLYN GANTRY UPPER LEVEL
49.08,87,Bronx,CBE W MORRIS AVE - GWB W AMSTERDAM AVE (U/LVL)
48.46,52,Bronx,BWB N Toll Plaza - HRP N Lafayatte Ave
0.0,0,Staten Island,MLK N WALKER STREET - NJ ROUTE 169
55.3,106,Staten Island,SIE W FINGERBOARD ROAD - CLOVE ROAD
34.17,341,Queens,CIP N LIE ramp - TNB
45.98,46,Brooklyn,VNB E-GOWANUS N BROOKLYN GANTRY UPPER LEVEL - 92ND STREET
42.25,56,Manhattan,FDR N - TBB E 116TH STREET - MANHATTAN TRUSS
0.0,0,Staten Island,SIE E-MLK N RICHMOND AVENUE - WALKER STREET
55.3,135,Staten Island,WSE N TYRELLAN AVENUE - BLOOMINGDALE ROAD
57.78,286,Queens,CVE NB GCP - WILLETS PT BLVD
55.92,134,Staten Island,WSE N TYRELLAN AVENUE - BLOOMINGDALE ROAD
51.57,108,Staten Island,SIE E CLOVE ROAD - FINGERBOARD ROAD
47.84,412,Manhattan,Westside Hwy N 57th St - GWB
55.92,83,Bronx,BE N STRATFORD AVENUE - CASTLE HILL AVE
10.56,516,Manhattan,LINCOLN TUNNEL W CENTER TUBE NY - NJ
45.36,118,Queens,VWE N MP6.39 (Exit 11 Jewel Ave) - MP8.65 (Exit 13 Northern Blvd)
53.43,144,Staten Island,WSE S TYRELLAN AVENUE - 440 S FRANCIS STREET
19.26,473,Queens,Laurelton Pkwy S @ SSP - Belt Pkwy W 182nd St
48.46,242,Queens,CIP N LIE ramp - TNB
19.26,354,Manhattan,FDR N 25th - 63rd St
0.0,0,Brooklyn,GOW N 9TH STREET - ATLANTIC AVENUE
41.63,473,Manhattan,Westside Hwy N 57th St - GWB
0.0,0,Manhattan,LINCOLN TUNNEL E CENTER TUBE NJ - NY
0.0,0,Manhattan,BBT E Manhattan Portal - Toll Plaza
0.0,0,Brooklyn,GOW S 9TH STREET - 7TH AVENUE
14.91,212,Manhattan,12th Ave N 40th - 57th St
0.0,0,Manhattan,BQE N Atlantic Ave - MAN Bridge Manhattan Side
41.01,69,Staten Island,SIE W RICHMOND AVENUE - SOUTH AVENUE
49.7,155,Staten Island,WSE S TYRELLAN AVENUE - 440 S FRANCIS STREET
46.6,147,Queens,VWE S MP4.63 (Exit 6 Jamaica Ave) - MP2.66 (Exit 2 Roackaway Blvd)
32.31,273,Queens,VWE S MP6.39 (Exit 11 Jewel Ave) - MP4.63 (Exit 6 Jamaica Ave)
0.0,0,Manhattan,BQE N Atlantic Ave - MAN Bridge Manhattan Side
5.59,434,Bronx,CBE W CASTLE HILL AVENUE - TAYLOR AVENUE
0.0,0,Staten Island,MLK S - SIE E WALKER STREET - WOOLEY AVENUE
9.32,1260,Queens,Belt Pkwy W JFK Expressway - VWE N Jamaica Ave
26.09,209,Staten Island,SIE E CLOVE ROAD - FINGERBOARD ROAD
0.0,0,Bronx,BRP S FORDHAM ROAD - WATSON AVENUE
53.43,147,Staten Island,WSE N ARDEN AVENUE - VICTORY BLVD
42.87,167,Brooklyn,BQE S 46TH STREET - LEONARD STREET
0.0,0,Staten Island,SIE W - MLK N WOOLEY AVENUE - WLAKER STREET
52.81,142,Staten Island,WSE N TYRELLAN AVENUE - BLOOMINGDALE ROAD
45.98,55,Bronx,HRP S Lafayette Ave - BWB S Toll Plaza
60.27,136,Bronx,I-87 NYST S Exit 1 - MDE S Van Cortlandt Park
0.0,0,Brooklyn,GOW S 9TH STREET - 7TH AVENUE
15.53,191,Queens,BE S TBB EXIT RAMP - MANHATTAN LIFT SPAN
29.82,296,Queens,VWE S MP6.39 (Exit 11 Jewel Ave) - MP4.63 (Exit 6 Jamaica Ave)
21.12,201,Brooklyn,GOW N 92ND STREET - 7TH AVENUE
52.81,50,Queens,TNB S Qns Anchorage - CIP S @ TNB
48.46,227,Queens,CIP S LIE - Hempstead Tpk
19.26,553,Queens,CVE NB LIE - WILLETS PT BLVD
44.11,48,Brooklyn,GOW S VNB W 92ND STREET - BKLYN GANTRY LOWER LEVEL
14.91,475,Queens,TBB N QUEENS ANCHORAGE - BE N
65.24,60,Staten Island,SIE W WOOLEY AVENUE - RICHMOND AVENUE
59.65,84,Staten Island,WSE N BLOOMUINGDALE ROAD - ARDEN AVENUE
24.23,342,Bronx,CBE W U/LEV AMSTERDAM AVE - I95 S EXP LNS
42.25,168,Brooklyn,BQE S 46TH STREET - LEONARD STREET
32.93,329,Queens,CVE NB LIE - WILLETS PT BLVD
57.78,27,Staten Island,SIE E WOOLEY AVENUE - BRADLEY AVENUE
0.0,0,Staten Island,MLK S - SIE W WALKER STREET - RICHMOND AVENUE
44.11,97,Bronx,CBE W MORRIS AVE - GWB W AMSTERDAM AVE (L/LVL)
50.95,123,Staten Island,WSE S BLLOMINGDALE ROAD - TYRELLAN AVENUE
14.91,374,Manhattan,West St S Spring St - BBT Manhattan Portal outbound
37.28,124,Bronx,BWB S Toll Plaza - Queens Anchorage
21.12,122,Manhattan,BKN Bridge Manhattan Side - FDR N Catherine Slip
0.0,0,Manhattan,11th ave s ganservoort - west st @ spring st
34.17,201,Manhattan,FDR S 63rd - 25th St
57.16,44,Bronx,CBE W CASTLE HILL AVENUE - TAYLOR AVENUE
44.11,185,Queens,TBB N QUEENS ANCHORAGE - MANHATTAN LIFT SPAN
52.81,304,Queens,CIP NB GCP - TNB
36.66,186,Manhattan,FDR N 25th - 63rd St
0.0,0,Staten Island,SIE W - MLK N WOOLEY AVENUE - WLAKER STREET
47.22,98,Brooklyn,VNB E SI GANTRY LOWER LEVEL - BROOLKYN GANTRY LOWER LEVEL
57.78,43,Bronx,CBE W CASTLE HILL AVENUE - TAYLOR AVENUE
36.66,60,Queens,CIP N ramp to TNB - TNB Queens Anchorage
60.89,52,Staten Island,WSE N VICTORY BLVD - SOUTH AVENUE
60.27,77,Bronx,BE N STRATFORD AVENUE - CASTLE HILL AVE
45.36,258,Queens,CIP N LIE ramp - TNB
0.0,0,Brooklyn,GOW N 7TH AVENUE - 9TH STREET
52.81,84,Bronx,BE S CASTLE HILL AVENUE - STRATFORD AVENUE
0.0,0,Queens,BE S TBB EXIT RAMP - QUEENS ANCHORAGE
0.0,0,Manhattan,LINCOLN TUNNEL E CENTER TUBE NJ - NY
49.08,224,Queens,CIP S LIE - Hempstead Tpk
21.74,66,Staten Island,SIE W BRADLEY AVENUE - WOOLEY AVENUE
0.0,0,Staten Island,SIE E-MLK N RICHMOND AVENUE - WALKER STREET
46.6,54,Bronx,BWB N Toll Plaza - HRP N Lafayatte Ave
55.92,25,Staten Island,SIE W BRADLEY AVENUE - WOOLEY AVENUE
14.29,163,Manhattan,TBB W - FDR S MANHATTAN TRUSS - E116TH STREET
13.67,170,Manhattan,TBB W - FDR S MANHATTAN TRUSS - E116TH STREET
49.08,140,Queens,TNB S Toll Plaza - Queens Anchorage
60.89,64,Staten Island,SIE W WOOLEY AVENUE - RICHMOND AVENUE
28.58,91,Manhattan,BKN Bridge Manhattan Side - FDR N Catherine Slip
55.3,174,Queens,LIE WB LITTLE NECK PKWY - NB CVE
45.36,242,Queens,CIP N Hempstead Tpk - LIE
54.05,98,Queens,VWE N MP6.39 (Exit 11 Jewel Ave) - MP8.65 (Exit 13 Northern Blvd)
41.63,90,Queens,Belt Pkwy W 182nd St - JFK Expressway
50.33,92,Brooklyn,VNB E SI GANTRY LOWER LEVEL - BROOLKYN GANTRY LOWER LEVEL
60.89,100,Staten Island,WSE N-SIE E SOUTH AVENUE - SOUTH AVENUE
50.33,92,Brooklyn,VNB E SI GANTRY UPPER LEVEL - BROOKLYN GANTRY UPPER LEVEL
42.25,50,Staten Island,VNB W-SIE W SI GANTRY LOWER LEVEL - FINGERBOARD ROAD
43.49,99,Bronx,CBE W MORRIS AVE - GWB W AMSTERDAM AVE (L/LVL)
51.57,48,Bronx,BWB N Toll Plaza - HRP N Lafayatte Ave
0.0,0,Queens,VWE N MP6.39 (Exit 11 Jewel Ave) - MP8.65 (Exit 13 Northern Blvd)
49.7,158,Staten Island,WSE N ARDEN AVENUE - VICTORY BLVD
52.19,113,Staten Island,SIE W FINGERBOARD ROAD - CLOVE ROAD
40.38,206,Bronx,CBE W U/LEV AMSTERDAM AVE - I95 S EXP LNS
49.7,86,Brooklyn,GOW N 92ND STREET - 7TH AVENUE
0.0,0,Bronx,CBE W L/LE V AMSTERDAM AVE - I 95 S LOC LNS
37.28,81,Queens,BE S TBB EXIT RAMP - MANHATTAN LIFT SPAN
49.7,221,Queens,CIP S LIE - Hempstead Tpk
29.2,243,Brooklyn,BQE S 46TH STREET - LEONARD STREET
45.98,46,Brooklyn,VNB E-GOWANUS N BROOKLYN GANTRY LOWER LEVEL - 92ND STREET
41.01,135,Manhattan,LINCOLN TUNNEL E SOUTH TUBE - NJ - NY
44.11,48,Brooklyn,GOW S VNB W 92ND STREET - BKLYN GANTRY UPPER LEVEL
50.95,27,Staten Island,SIE W BRADLEY AVENUE - WOOLEY AVENUE
47.22,30,Staten Island,SIE W BRADLEY AVENUE - WOOLEY AVENUE
10.56,278,Queens,BE S TBB EXIT RAMP - MANHATTAN LIFT SPAN
62.13,83,Staten Island,WSE S ARDEN AVENUE - BLOOMINGDALE ROAD
24.23,203,Queens,LIE W 108TH ST - 84TH ST
50.95,163,Bronx,CBE E CASTLE HILL AVE - BE N WATERBURY AVE
54.05,298,Queens,CIP NB GCP - TNB
36.66,244,Queens,VWE N MP4.63 (Exit 6 - Jamaica Ave) - MP6.39 (Exit 11 Jewel Ave)
6.83,629,Bronx,MDE S HARLEM RIVER PARK - GWB W AMSTERDAM AVENUE LOWER LEVEL
2.48,896,Manhattan,12th Ave S 57th St - 45th St
0.0,0,Staten Island,ROUTE 169 S - MLK WALKER STREET
52.19,54,Staten Island,WSE S SOUTH AVENUE - VICTORY BOULEVARD
31.68,76,Manhattan,TBB W - FDR S MANHATTAN TRUSS - E116TH STREET
51.57,90,Queens,BWB N Queens Anchorage - Toll Plaza
0.0,0,Bronx,BRP S FORDHAM ROAD - WATSON AVENUE
16.15,265,Bronx,CBE E AMSTERDAM AVE(U/LVL) - MORRIS AVE
3.72,635,Bronx,CBE W CASTLE HILL AVENUE - TAYLOR AVENUE
64.0,81,Staten Island,WSE S ARDEN AVENUE - BLOOMINGDALE ROAD
34.17,157,Queens,VWE N MP6.39 (Exit 11 Jewel Ave) - MP8.65 (Exit 13 Northern Blvd)
2.48,901,Manhattan,12th Ave S 57th St - 45th St
57.78,105,Staten Island,WSE N-SIE E SOUTH AVENUE - SOUTH AVENUE
50.95,91,Brooklyn,VNB E SI GANTRY LOWER LEVEL - BROOLKYN GANTRY LOWER LEVEL
27.34,255,Staten Island,SIE W - WSE S SOUTH AVENUE - SOUTH AVENUE
55.92,83,Brooklyn,VNB W BROOKLYN GANTRY LOWER LEVEL - SI GANTRY LOWER LEVEL
52.81,146,Staten Island,440 N FRANCIS STREET - WSE N TYRELLAN AVE
40.38,52,Staten island,VNB W-SIE W SI GANTRY UPPER LEVEL - FINGERBOARD ROAD
45.98,100,Brooklyn,VNB E SI GANTRY LOWER LEVEL - BROOLKYN GANTRY LOWER LEVEL
36.66,196,Manhattan,BQE N Atlantic Ave - BKN Bridge Manhattan Side
18.01,311,Manhattan,West St S Spring St - BBT Manhattan Portal outbound
0.0,0,Manhattan,BBT W Toll Plaza - Manhattan Portal
29.2,250,Manhattan,GWB E LOWER LEVEL PLAZA - CBE E LOWER LEVEL AMSTERDAM AVE
0.0,0,Staten Island,MLK N WALKER STREET - NJ ROUTE 169
0.0,0,Staten Island,SIE W - MLK N WOOLEY AVENUE - WLAKER STREET
16.15,423,Manhattan,FDR N 25th - 63rd St
22.36,235,Queens,QMT W Toll Plaza - Manhattan Side
54.68,85,Queens,BWB N Queens Anchorage - Toll Plaza
23.61,111,Manhattan,BKN Bridge Manhattan Side - FDR N Catherine Slip
51.57,42,Queens,CIP N ramp to TNB - TNB Queens Anchorage
56.54,69,Staten Island,SIE E RICHMOND AVENUE - WOOLEY AVENUE
44.73,56,Bronx,BWB N Toll Plaza - HRP N Lafayatte Ave
22.99,143,Manhattan,11th ave s ganservoort - west st @ spring st
57.78,158,Queens,Laurelton Pkwy S @ SSP - Belt Pkwy W 182nd St
0.0,0,Manhattan,BQE N Atlantic Ave - MAN Bridge Manhattan Side
36.66,151,Manhattan,LINCOLN TUNNEL E CENTER TUBE NJ - NY
33.55,214,Queens,TBB N QUEENS ANCHORAGE - BE N
49.7,86,Brooklyn,GOW N 92ND STREET - 7TH AVENUE
47.22,56,Manhattan,FDR S Catherine Slip - BKN Bridge Manhattan Side
39.14,111,Bronx,MDE S HARLEM RIVER PARK - GWB W AMSTERDAM AVENUE UPPER LEVEL
0.0,0,Staten Island,SIE W - MLK N WOOLEY AVENUE - WLAKER STREET
31.06,177,Manhattan,LINCOLN TUNNEL W CENTER TUBE NY - NJ
11.8,889,Queens,CIP N Hempstead Tpk - LIE
38.52,55,Staten island,VNB W-SIE W SI GANTRY UPPER LEVEL - FINGERBOARD ROAD
0.0,0,Manhattan,BBT W Toll Plaza - Manhattan Portal
0.0,0,Staten Island,ROUTE 169 S - MLK WALKER STREET
31.06,327,Manhattan,FDR S 25th St - Catherine Slip
41.63,51,Staten island,VNB W-SIE W SI GANTRY UPPER LEVEL - FINGERBOARD ROAD
57.78,80,Brooklyn,VNB E SI GANTRY LOWER LEVEL - BROOLKYN GANTRY LOWER LEVEL
26.71,238,Queens,BWB S Queens Anchorage - WSE S Exit 14 (Linden Pl)
49.08,403,Manhattan,Westside Hwy N 57th St - GWB
29.82,391,Queens,CIP N LIE ramp - TNB
10.56,685,Queens,TBB N QUEENS ANCHORAGE - BE N
0.0,0,Brooklyn,BQE S - GOW S ALTANTIC AVENUE - 9TH STREET
48.46,52,Bronx,BWB N Toll Plaza - HRP N Lafayatte Ave
0.0,0,Staten Island,MLK N WALKER STREET - NJ ROUTE 169
41.63,196,Queens,TBB N QUEENS ANCHORAGE - MANHATTAN LIFT SPAN
32.93,80,Manhattan,FDR S Catherine Slip - BKN Bridge Manhattan Side
20.5,109,Manhattan,12th Ave S 57th St - 45th St
60.89,52,Staten Island,WSE N VICTORY BLVD - SOUTH AVENUE
11.18,367,Bronx,CBE W MORRIS AVE - GWB W AMSTERDAM AVE (L/LVL)
52.81,141,Bronx,BE N Castle Hill Avenue - Griswold Ave
42.25,72,Queens,BE S TBB EXIT RAMP - MANHATTAN LIFT SPAN
44.11,55,Manhattan,TBB W - FDR S MANHATTAN TRUSS - E116TH STREET
60.89,114,Staten Island,SIE W - WSE S SOUTH AVENUE - SOUTH AVENUE
43.49,53,Staten Island,SIE E VNB E FINGERBOARD ROAD - SI GANTRY LOWER LEVEL
49.08,140,Manhattan,FDR S 63rd - 25th St
45.36,226,Manhattan,FDR S 25th St - Catherine Slip
0.0,0,Bronx,BRP S FORDHAM ROAD - WATSON AVENUE
23.61,208,Queens,LIE E 84TH ST - 108TH ST
22.36,284,Manhattan,12th ave @ 45th - 11 ave ganservoort st
40.38,487,Manhattan,Westside Hwy N 57th St - GWB
36.66,136,Manhattan,LINCOLN TUNNEL W NORTH TUBE NY - NJ
19.26,519,Manhattan,FDR N Catherine Slip - 25th St
48.46,81,Queens,LIE WB LITTLE NECK PKWY - NB CIP
7.45,562,Bronx,MDE S HARLEM RIVER PARK - GWB W AMSTERDAM AVENUE LOWER LEVEL
20.5,239,Manhattan,LINCOLN TUNNEL W NORTH TUBE NY - NJ
0.0,0,Manhattan,BQE N Atlantic Ave - BKN Bridge Manhattan Side
59.03,84,Queens,LIE E 84TH ST - 108TH ST
45.36,47,Brooklyn,GOW S VNB W 92ND STREET - BKLYN GANTRY UPPER LEVEL
46.6,95,Bronx,MDE S HARLEM RIVER PARK - GWB W AMSTERDAM AVENUE LOWER LEVEL
42.87,54,Staten Island,SIE E VNB E FINGERBOARD ROAD - SI GANTRY LOWER LEVEL
52.19,89,Brooklyn,VNB E SI GANTRY LOWER LEVEL - BROOLKYN GANTRY LOWER LEVEL
49.7,93,Brooklyn,VNB W BROOKLYN GANTRY LOWER LEVEL - SI GANTRY LOWER LEVEL
18.64,398,Queens,TBB S MANHATTAN LIFT SPAN - QUEENS ANCHORAGE
29.82,144,Bronx,MDE S HARLEM RIVER PARK - GWB W AMSTERDAM AVENUE UPPER LEVEL
41.01,217,Queens,VWE S MP6.39 (Exit 11 Jewel Ave) - MP4.63 (Exit 6 Jamaica Ave)
0.0,0,Brooklyn,GOW N 7TH AVENUE - 9TH STREET
0.0,0,Manhattan,LINCOLN TUNNEL W CENTER TUBE NY - NJ
37.28,114,Bronx,CBE AMSTERDAM AVE (L/LVL) - MORRIS AVE
43.49,49,Brooklyn,GOW S VNB W 92ND STREET - BKLYN GANTRY UPPER LEVEL
45.36,47,Brooklyn,VNB E-GOWANUS N BROOKLYN GANTRY LOWER LEVEL - 92ND STREET
55.3,124,Queens,VWE S MP4.63 (Exit 6 Jamaica Ave) - MP2.66 (Exit 2 Roackaway Blvd)
49.7,53,Staten Island,SIE E SOUTH AVENUE - RICHMOND AVENUE
54.05,139,Staten Island,WSE N TYRELLAN AVENUE - BLOOMINGDALE ROAD
61.51,52,Staten Island,WSE N VICTORY BLVD - SOUTH AVENUE
46.6,197,Queens,Laurelton Pkwy S @ SSP - Belt Pkwy W 182nd St
0.0,0,Bronx,CBE W L/LE V AMSTERDAM AVE - I 95 S LOC LNS
57.78,104,Staten Island,WSE N-SIE E SOUTH AVENUE - SOUTH AVENUE
3.72,605,Manhattan,12th Ave S 57th St - 45th St
56.54,132,Bronx,BE N Castle Hill Avenue - Griswold Ave
52.81,305,Queens,CIP NB GCP - TNB
50.95,84,Brooklyn,GOW S 7TH AVENUE - 92ND STREET
30.44,211,Queens,BWB S Queens Anchorage - WSE S Exit 14 (Linden Pl)
47.84,247,Queens,CIP N LIE ramp - TNB
21.12,323,Queens,VWE S MP4.63 (Exit 6 Jamaica Ave) - MP2.66 (Exit 2 Roackaway Blvd)
31.06,162,Manhattan,LINCOLN TUNNEL W NORTH TUBE NY - NJ
58.4,43,Bronx,CBE W CASTLE HILL AVENUE - TAYLOR AVENUE
44.11,246,Queens,CVE NB LIE - WILLETS PT BLVD
0.0,0,Staten Island,SIE W - MLK N WOOLEY AVENUE - WLAKER STREET
23.61,106,Bronx,HRP S Lafayette Ave - BWB S Toll Plaza
45.98,46,Brooklyn,VNB E-GOWANUS N BROOKLYN GANTRY UPPER LEVEL - 92ND STREET
19.88,273,Manhattan,LINCOLN TUNNEL E SOUTH TUBE - NJ - NY
54.05,99,Queens,VWE N MP8.64 (Exit 13 Northern Blvd) - Whitestone Expwy Exit 14 (Linden Pl)
36.03,59,Staten island,VNB W-SIE W SI GANTRY UPPER LEVEL - FINGERBOARD ROAD
53.43,130,Staten Island,SIE W - WSE S SOUTH AVENUE - SOUTH AVENUE
36.66,68,Bronx,HRP S Lafayette Ave - BWB S Toll Plaza
39.76,125,Manhattan,LINCOLN TUNNEL W NORTH TUBE NY - NJ
23.61,509,Queens,Belt Pkwy W JFK Expressway - VWE N Jamaica Ave
49.7,85,Brooklyn,GOW S 7TH AVENUE - 92ND STREET
38.52,282,Queens,CVE NB LIE - WILLETS PT BLVD
20.5,404,Bronx,CBE W U/LEV AMSTERDAM AVE - I95 S EXP LNS
50.95,146,Bronx,BE N Castle Hill Avenue - Griswold Ave
21.12,263,Bronx,BRP N WATSON AVENUE - FORDHAM ROAD
27.34,202,Manhattan,LINCOLN TUNNEL E SOUTH TUBE - NJ - NY
0.0,0,Manhattan,BBT W Toll Plaza - Manhattan Portal
0.0,0,Queens,LIE WB LITTLE NECK PKWY - NB CIP
13.04,245,Manhattan,12th Ave N 40th - 57th St
45.36,51,Staten Island,SIE E VNB E FINGERBOARD ROAD - SI GANTRY UPPER LEVEL
49.7,93,Brooklyn,VNB E SI GANTRY LOWER LEVEL - BROOLKYN GANTRY LOWER LEVEL
51.57,49,Bronx,CBE W CASTLE HILL AVENUE - TAYLOR AVENUE
16.77,422,Queens,TBB N QUEENS ANCHORAGE - BE N
33.55,71,Manhattan,FDR N - TBB E 116TH STREET - MANHATTAN TRUSS
0.0,0,Brooklyn,GOW N 7TH AVENUE - 9TH STREET
19.88,253,Bronx,MDE N RFK Bridge - 142nd St
42.25,50,Brooklyn,GOW S VNB W 92ND STREET - BKLYN GANTRY LOWER LEVEL
0.0,0,Bronx,BRP S FORDHAM ROAD - WATSON AVENUE
19.88,264,Manhattan,11th ave n ganservoort - 12th ave @ 40th st
46.6,50,Staten Island,SIE E VNB E FINGERBOARD ROAD - SI GANTRY UPPER LEVEL
53.43,140,Staten Island,WSE N TYRELLAN AVENUE - BLOOMINGDALE ROAD
24.85,332,Bronx,CBE W U/LEV AMSTERDAM AVE - I95 S EXP LNS
31.68,96,Queens,BE S TBB EXIT RAMP - MANHATTAN LIFT SPAN
0.0,0,Manhattan,BQE N Atlantic Ave - BKN Bridge Manhattan Side
0.0,0,Manhattan,BBT E Manhattan Portal - Toll Plaza
14.29,371,Manhattan,11th ave n ganservoort - 12th ave @ 40th st
45.36,46,Brooklyn,VNB E-GOWANUS N BROOKLYN GANTRY UPPER LEVEL - 92ND STREET
13.04,377,Manhattan,LINCOLN TUNNEL W NORTH TUBE NY - NJ
37.28,528,Manhattan,Westside Hwy N 57th St - GWB
45.36,164,Queens,TBB S MANHATTAN LIFT SPAN - QUEENS ANCHORAGE
37.9,117,Bronx,BE S CASTLE HILL AVENUE - STRATFORD AVENUE
38.52,132,Bronx,MDE N RFK Bridge - 142nd St
2.48,1807,Manhattan,LINCOLN TUNNEL W CENTER TUBE NY - NJ
34.17,162,Bronx,BRP N WATSON AVENUE - FORDHAM ROAD
45.36,159,Queens,MDE S TBB EXIT RAMP - QUEENS ANCHORAGE
17.39,306,Manhattan,QMT E Manhattan Side - Toll Plaza
55.92,118,Staten Island,SIE E BRADLEY AVENUE - CLOVE ROAD
52.19,210,Queens,CIP S LIE - Hempstead Tpk
18.64,175,Manhattan,12th Ave N 40th - 57th St
35.41,73,Manhattan,BKN Bridge Manhattan Side - FDR N Catherine Slip
6.83,604,Bronx,CBE W MORRIS AVE - GWB W AMSTERDAM AVE (U/LVL)
42.87,49,Brooklyn,VNB E-GOWANUS N BROOKLYN GANTRY UPPER LEVEL - 92ND STREET
49.08,239,Queens,CIP N LIE ramp - TNB
54.68,176,Queens,LIE WB LITTLE NECK PKWY - NB CVE
18.64,409,Queens,Laurelton Pkwy N @ SSP - CIP N Hempstead Tpk
55.3,90,Staten Island,WSE N BLOOMUINGDALE ROAD - ARDEN AVENUE
59.65,111,Staten Island,SIE E BRADLEY AVENUE - CLOVE ROAD
42.87,188,Queens,TBB N QUEENS ANCHORAGE - MANHATTAN LIFT SPAN
44.11,48,Brooklyn,VNB E-GOWANUS N BROOKLYN GANTRY UPPER LEVEL - 92ND STREET
9.32,309,Queens,BE S TBB EXIT RAMP - MANHATTAN LIFT SPAN
44.73,47,Brooklyn,GOW S VNB W 92ND STREET - BKLYN GANTRY UPPER LEVEL
40.38,64,Manhattan,BKN Bridge Manhattan Side - FDR N Catherine Slip
34.17,150,Bronx,MDE N RFK Bridge - 142nd St
47.22,136,Queens,Whitestone Expwy N Exit 14 (Linden Pl) - BWB N Queens Anchorage
22.36,127,Staten Island,WSE S SOUTH AVENUE - VICTORY BOULEVARD
53.43,217,Queens,CIP N TNB - Whitestone Expwy S Exit 14 (Linden Pl)
41.01,65,Staten Island,SIE E SOUTH AVENUE - RICHMOND AVENUE
60.89,85,Staten Island,WSE S ARDEN AVENUE - BLOOMINGDALE ROAD
44.73,47,Brooklyn,VNB E-GOWANUS N BROOKLYN GANTRY LOWER LEVEL - 92ND STREET
8.69,595,Manhattan,QMT E Manhattan Side - Toll Plaza
1.24,4524,Manhattan,BBT E Manhattan Portal - Toll Plaza
54.05,115,Staten Island,WSE S BLLOMINGDALE ROAD - TYRELLAN AVENUE
21.74,489,Queens,VWE S MP2.66 (Exit 2 Rockaway Blvd) - Belt Pkwy E 182nd St
0.0,0,Manhattan,BQE N Atlantic Ave - MAN Bridge Manhattan Side
55.92,123,Queens,TNB N Queens Anchorage - Toll Plaza
55.92,133,Bronx,BE N Castle Hill Avenue - Griswold Ave
51.57,125,Queens,BWB S Queens Anchorage - WSE S Exit 14 (Linden Pl)
31.68,136,Bronx,MDE S HARLEM RIVER PARK - GWB W AMSTERDAM AVENUE UPPER LEVEL
45.36,47,Brooklyn,VNB E-GOWANUS N BROOKLYN GANTRY UPPER LEVEL - 92ND STREET
50.33,91,Brooklyn,VNB W BROOKLYN GANTRY LOWER LEVEL - SI GANTRY LOWER LEVEL
0.0,0,Staten Island,SIE W - MLK N WOOLEY AVENUE - WLAKER STREET
48.46,133,Queens,Whitestone Expwy N Exit 14 (Linden Pl) - BWB N Queens Anchorage
42.25,93,Staten Island,SIE E RICHMOND AVENUE - WOOLEY AVENUE
37.9,267,Manhattan,FDR S 25th St - Catherine Slip
21.12,240,Bronx,MDE N RFK Bridge - 142nd St
10.56,310,Manhattan,11th ave s ganservoort - west st @ spring st
52.81,87,Brooklyn,VNB W BROOKLYN GANTRY LOWER LEVEL - SI GANTRY LOWER LEVEL
29.82,180,Queens,QMT W Toll Plaza - Manhattan Side
0.0,0,Staten Island,SIE W - MLK N WOOLEY AVENUE - WLAKER STREET
0.0,0,Brooklyn,GOW N 9TH STREET - ATLANTIC AVENUE
11.8,369,Bronx,MDE S HARLEM RIVER PARK - GWB W AMSTERDAM AVENUE LOWER LEVEL
16.77,318,Manhattan,QMT E Manhattan Side - Toll Plaza
0.0,0,Staten Island,SIE E-MLK N RICHMOND AVENUE - WALKER STREET
44.73,56,Bronx,HRP S Lafayette Ave - BWB S Toll Plaza
6.21,853,Manhattan,QMT E Manhattan Side - Toll Plaza
9.94,1184,Queens,Belt Pkwy W JFK Expressway - VWE N Jamaica Ave
60.27,130,Staten Island,WSE S VICTORY BOULEVARD - ARDEN AVENUE
31.68,95,Queens,BE S TBB EXIT RAMP - MANHATTAN LIFT SPAN
47.84,111,Queens,VWE N MP6.39 (Exit 11 Jewel Ave) - MP8.65 (Exit 13 Northern Blvd)
50.95,49,Bronx,BWB N Toll Plaza - HRP N Lafayatte Ave
2.48,2174,Manhattan,West St S Spring St - BBT Manhattan Portal outbound
0.0,0,Bronx,BRP S FORDHAM ROAD - WATSON AVENUE
34.17,262,Queens,VWE S MP6.39 (Exit 11 Jewel Ave) - MP4.63 (Exit 6 Jamaica Ave)
39.76,60,Manhattan,FDR N - TBB E 116TH STREET - MANHATTAN TRUSS
0.0,0,Manhattan,BBT E Manhattan Portal - Toll Plaza
5.59,386,Manhattan,12th Ave S 57th St - 45th St
41.63,51,Staten island,VNB W-SIE W SI GANTRY UPPER LEVEL - FINGERBOARD ROAD
34.79,256,Queens,VWE N MP4.63 (Exit 6 - Jamaica Ave) - MP6.39 (Exit 11 Jewel Ave)
36.66,199,Queens,TBB N QUEENS ANCHORAGE - BE N
47.22,53,Bronx,CBE E TAYLOR AVENUE - CASTLE HILL AVENUE
56.54,132,Bronx,BE N Castle Hill Avenue - Griswold Ave
32.93,86,Staten Island,WSE S SOUTH AVENUE - VICTORY BOULEVARD
50.33,152,Staten Island,WSE S TYRELLAN AVENUE - 440 S FRANCIS STREET
0.0,0,Staten Island,MLK S - SIE E WALKER STREET - WOOLEY AVENUE
52.19,27,Staten Island,SIE W BRADLEY AVENUE - WOOLEY AVENUE
0.0,0,Staten Island,SIE E-MLK N RICHMOND AVENUE - WALKER STREET
29.82,167,Queens,LIE W 108TH ST - 84TH ST
50.95,105,Queens,VWE N MP6.39 (Exit 11 Jewel Ave) - MP8.65 (Exit 13 Northern Blvd)
38.52,280,Queens,VWE S MP2.66 (Exit 2 Rockaway Blvd) - Belt Pkwy E 182nd St
0.0,0,Queens,TNB S Toll Plaza - Queens Anchorage
36.66,299,Queens,CIP N Hempstead Tpk - LIE
47.22,90,Bronx,CBE W MORRIS AVE - GWB W AMSTERDAM AVE (U/LVL)
0.0,0,Brooklyn,GOW N 9TH STREET - ATLANTIC AVENUE
36.03,59,Brooklyn,VNB E-GOWANUS N BROOKLYN GANTRY LOWER LEVEL - 92ND STREET
52.81,142,Staten Island,WSE N TYRELLAN AVENUE - BLOOMINGDALE ROAD
53.43,70,Queens,Belt Pkwy W 182nd St - JFK Expressway
60.27,135,Bronx,I-87 NYST S Exit 1 - MDE S Van Cortlandt Park
12.42,437,Manhattan,LINCOLN TUNNEL E SOUTH TUBE - NJ - NY
22.99,477,Queens,CIP N Hempstead Tpk - LIE
44.11,48,Brooklyn,GOW S VNB W 92ND STREET - BKLYN GANTRY UPPER LEVEL
24.85,273,Queens,VWE S MP4.63 (Exit 6 Jamaica Ave) - MP2.66 (Exit 2 Roackaway Blvd)
45.36,210,Queens,LIE WB LITTLE NECK PKWY - NB CVE
10.56,644,Brooklyn,BQE S 46TH STREET - LEONARD STREET
49.7,93,Brooklyn,VNB E SI GANTRY UPPER LEVEL - BROOKLYN GANTRY UPPER LEVEL
60.89,272,Queens,CVE NB GCP - WILLETS PT BLVD
20.5,361,Manhattan,GWB E LOWER LEVEL PLAZA - CBE E LOWER LEVEL AMSTERDAM AVE
0.0,0,Bronx,CBE W L/LE V AMSTERDAM AVE - I 95 S LOC LNS
49.7,155,Staten Island,440 N FRANCIS STREET - WSE N TYRELLAN AVE
44.11,48,Staten Island,VNB W-SIE W SI GANTRY LOWER LEVEL - FINGERBOARD ROAD
55.3,136,Staten Island,WSE N TYRELLAN AVENUE - BLOOMINGDALE ROAD
52.81,157,Bronx,CBE E CASTLE HILL AVE - BE N WATERBURY AVE
62.13,51,Staten Island,WSE N VICTORY BLVD - SOUTH AVENUE
0.0,0,Staten Island,SIE E-MLK N RICHMOND AVENUE - WALKER STREET
42.25,118,Queens,LIE W 108TH ST - 84TH ST
10.56,536,Manhattan,West St S Spring St - BBT Manhattan Portal outbound
54.05,140,Queens,CIP S Hempstead Tpk - Laurelton Pkwy @ SSP
49.08,51,Bronx,BWB N Toll Plaza - HRP N Lafayatte Ave
45.36,50,Staten Island,SIE E VNB E FINGERBOARD ROAD - SI GANTRY UPPER LEVEL
0.0,0,Queens,TNB S Toll Plaza - Queens Anchorage
18.64,647,Queens,Belt Pkwy W JFK Expressway - VWE N Jamaica Ave
0.0,0,Manhattan,BQE N Atlantic Ave - BKN Bridge Manhattan Side
55.92,99,Staten Island,SIE E CLOVE ROAD - FINGERBOARD ROAD
3.1,745,Bronx,CBE W CASTLE HILL AVENUE - TAYLOR AVENUE
4.34,1672,Queens,TBB N QUEENS ANCHORAGE - BE N
47.22,189,Queens,VWE N MP4.63 (Exit 6 - Jamaica Ave) - MP6.39 (Exit 11 Jewel Ave)
50.33,85,Bronx,CBE W MORRIS AVE - GWB W AMSTERDAM AVE (U/LVL)
33.55,213,Brooklyn,BQE S 46TH STREET - LEONARD STREET
41.63,154,Queens,Whitestone Expwy N Exit 14 (Linden Pl) - BWB N Queens Anchorage
50.33,124,Staten Island,WSE S BLLOMINGDALE ROAD - TYRELLAN AVENUE
36.66,151,Queens,Whitestone Expwy S Exit 14 (Linden Pl) - VWE S MP8.65 (Exit 13 Northern Blvd)
11.18,1095,Queens,Belt Pkwy W JFK Expressway - VWE N Jamaica Ave
0.62,7998,Bronx,CBE W L/LE V AMSTERDAM AVE - I 95 S LOC LNS
9.94,1181,Queens,Belt Pkwy W JFK Expressway - VWE N Jamaica Ave
37.9,131,Queens,LIE W 108TH ST - 84TH ST
44.73,160,Queens,MDE S TBB EXIT RAMP - QUEENS ANCHORAGE
49.08,241,Queens,CIP N LIE ramp - TNB
0.0,0,Manhattan,BBT E Manhattan Portal - Toll Plaza
37.28,184,Manhattan,FDR S 63rd - 25th St
41.63,170,Brooklyn,BQE S 46TH STREET - LEONARD STREET
13.04,509,Manhattan,FDR N 25th - 63rd St
49.7,86,Brooklyn,GOW N 92ND STREET - 7TH AVENUE
0.0,0,Staten Island,SIE W - MLK N WOOLEY AVENUE - WLAKER STREET
42.87,165,Brooklyn,BQE N LEONARD STREET - 46TH STREET
0.0,0,Brooklyn,GOW N 7TH AVENUE - 9TH STREET
49.7,54,Queens,TNB S Qns Anchorage - CIP S @ TNB
27.96,318,Queens,VWE S MP6.39 (Exit 11 Jewel Ave) - MP4.63 (Exit 6 Jamaica Ave)
47.22,244,Queens,CIP N TNB - Whitestone Expwy S Exit 14 (Linden Pl)
52.81,30,Staten Island,SIE E WOOLEY AVENUE - BRADLEY AVENUE
50.95,91,Brooklyn,VNB E SI GANTRY UPPER LEVEL - BROOKLYN GANTRY UPPER LEVEL
34.17,155,Manhattan,QMT E Manhattan Side - Toll Plaza
36.66,116,Bronx,CBE E AMSTERDAM AVE(U/LVL) - MORRIS AVE
43.49,264,Queens,CIP N TNB - Whitestone Expwy S Exit 14 (Linden Pl)
43.49,49,Brooklyn,GOW S VNB W 92ND STREET - BKLYN GANTRY UPPER LEVEL
4.34,488,Manhattan,12th Ave S 57th St - 45th St
47.22,150,Brooklyn,BQE S 46TH STREET - LEONARD STREET
11.8,438,Queens,VWE S MP8.65 (Exit 13 Northern Blvd) - MP6.39 (Exit 11 Jewel Ave)
41.63,133,Queens,Whitestone Expwy S Exit 14 (Linden Pl) - VWE S MP8.65 (Exit 13 Northern Blvd)
41.63,112,Queens,BWB N Queens Anchorage - Toll Plaza
0.0,0,Manhattan,BQE N Atlantic Ave - MAN Bridge Manhattan Side
58.4,85,Queens,LIE E 84TH ST - 108TH ST
41.01,168,Manhattan,FDR S 63rd - 25th St
12.42,254,Manhattan,11th ave s ganservoort - west st @ spring st
41.01,134,Bronx,BRP N WATSON AVENUE - FORDHAM ROAD
52.19,147,Staten Island,440 N FRANCIS STREET - WSE N TYRELLAN AVE
55.3,139,Staten Island,WSE S TYRELLAN AVENUE - 440 S FRANCIS STREET
47.84,45,Brooklyn,GOW S VNB W 92ND STREET - BKLYN GANTRY LOWER LEVEL
0.0,0,Queens,BE S TBB EXIT RAMP - QUEENS ANCHORAGE
62.75,82,Staten Island,WSE S ARDEN AVENUE - BLOOMINGDALE ROAD
24.85,173,Bronx,CBE W MORRIS AVE - GWB W AMSTERDAM AVE (U/LVL)
54.68,111,Staten Island,WSE N-SIE E SOUTH AVENUE - SOUTH AVENUE
36.03,255,Queens,Laurelton Pkwy S @ SSP - Belt Pkwy W 182nd St
21.74,504,Queens,CIP S LIE - Hempstead Tpk
9.94,712,Queens,TBB N QUEENS ANCHORAGE - BE N
63.37,81,Staten Island,WSE S ARDEN AVENUE - BLOOMINGDALE ROAD
32.93,292,Queens,LIE WB LITTLE NECK PKWY - NB CVE
47.22,203,Queens,LIE WB LITTLE NECK PKWY - NB CVE
57.16,78,Bronx,HRP N LAFAYETTE AVENUE - E TREMONT AVENUE
1.86,2794,Manhattan,BBT E Manhattan Portal - Toll Plaza
41.63,51,Staten island,VNB W-SIE W SI GANTRY UPPER LEVEL - FINGERBOARD ROAD
11.18,366,Bronx,CBE AMSTERDAM AVE (L/LVL) - MORRIS AVE
57.78,86,Staten Island,WSE N BLOOMUINGDALE ROAD - ARDEN AVENUE
65.24,60,Staten Island,SIE W WOOLEY AVENUE - RICHMOND AVENUE
26.09,213,Bronx,BRP N WATSON AVENUE - FORDHAM ROAD
42.87,104,Bronx,MDE S HARLEM RIVER PARK - GWB W AMSTERDAM AVENUE LOWER LEVEL
18.64,403,Bronx,BE S Griswold - Castle Hill Avenue
0.0,0,Brooklyn,GOW N 92ND STREET - 7TH AVENUE
0.0,0,Brooklyn,GOW S 7TH AVENUE - 92ND STREET
0.0,0,Manhattan,LINCOLN TUNNEL E CENTER TUBE NJ - NY
50.95,91,Brooklyn,VNB E SI GANTRY LOWER LEVEL - BROOLKYN GANTRY LOWER LEVEL
41.01,166,Queens,TNB S Toll Plaza - Queens Anchorage
48.46,95,Brooklyn,VNB W BROOKLYN GANTRY UPPER LEVEL - SI GANTRY UPPER LEVEL
0.0,0,Manhattan,West St S Spring St - BBT Manhattan Portal outbound
11.18,285,Manhattan,11th ave s ganservoort - west st @ spring st
23.61,164,Staten Island,SIE E RICHMOND AVENUE - WOOLEY AVENUE
0.0,0,Manhattan,BQE N Atlantic Ave - MAN Bridge Manhattan Side
0.0,0,Brooklyn,GOW S 9TH STREET - 7TH AVENUE
14.29,294,Brooklyn,GOW N 92ND STREET - 7TH AVENUE
50.95,105,Queens,VWE N MP6.39 (Exit 11 Jewel Ave) - MP8.65 (Exit 13 Northern Blvd)
23.61,427,Manhattan,FDR N Catherine Slip - 25th St
63.37,61,Staten Island,SIE W WOOLEY AVENUE - RICHMOND AVENUE
52.81,141,Staten Island,WSE N TYRELLAN AVENUE - BLOOMINGDALE ROAD
24.85,314,Queens,Laurelton Pkwy N @ SSP - CIP N Hempstead Tpk
4.97,1033,Manhattan,West St S Spring St - BBT Manhattan Portal outbound
13.04,228,Queens,BE S TBB EXIT RAMP - MANHATTAN LIFT SPAN
41.01,56,Staten Island,SIE E VNB E FINGERBOARD ROAD - SI GANTRY LOWER LEVEL
44.73,47,Brooklyn,GOW S VNB W 92ND STREET - BKLYN GANTRY UPPER LEVEL
0.0,0,Manhattan,BQE N Atlantic Ave - BKN Bridge Manhattan Side
43.49,210,Queens,Belt Pkwy E 182nd St - Laurelton Pkwy N @ SSP
0.0,0,Brooklyn,GOW N 7TH AVENUE - 9TH STREET
39.14,503,Manhattan,Westside Hwy S GWB - 57th St
51.57,107,Staten Island,SIE E CLOVE ROAD - FINGERBOARD ROAD
6.83,1133,Queens,TBB N QUEENS ANCHORAGE - MANHATTAN LIFT SPAN
49.08,80,Staten Island,SIE E RICHMOND AVENUE - WOOLEY AVENUE
50.33,92,Brooklyn,VNB W BROOKLYN GANTRY LOWER LEVEL - SI GANTRY LOWER LEVEL
0.0,0,Staten Island,SIE E-MLK N RICHMOND AVENUE - WALKER STREET
55.3,100,Staten Island,SIE E CLOVE ROAD - FINGERBOARD ROAD
22.36,62,Staten Island,SIE W BRADLEY AVENUE - WOOLEY AVENUE
57.16,50,Staten Island,SIE W RICHMOND AVENUE - SOUTH AVENUE
42.87,50,Staten island,VNB W-SIE W SI GANTRY UPPER LEVEL - FINGERBOARD ROAD
6.83,606,Bronx,CBE W MORRIS AVE - GWB W AMSTERDAM AVE (L/LVL)
57.78,65,Queens,Belt Pkwy W 182nd St - JFK Expressway
13.04,489,Manhattan,12th ave @ 45th - 11 ave ganservoort st
14.29,362,Queens,QMT W Toll Plaza - Manhattan Side
33.55,181,Staten Island,WSE N-SIE E SOUTH AVENUE - SOUTH AVENUE
54.68,85,Brooklyn,VNB W BROOKLYN GANTRY LOWER LEVEL - SI GANTRY LOWER LEVEL
45.98,35,Staten Island,SIE E WOOLEY AVENUE - BRADLEY AVENUE
53.43,26,Staten Island,SIE W BRADLEY AVENUE - WOOLEY AVENUE
45.98,140,Manhattan,BBT W Toll Plaza - Manhattan Portal
36.03,207,Queens,TBB S MANHATTAN LIFT SPAN - QUEENS ANCHORAGE
39.14,55,Staten island,VNB W-SIE W SI GANTRY UPPER LEVEL - FINGERBOARD ROAD
55.92,135,Staten Island,WSE N TYRELLAN AVENUE - BLOOMINGDALE ROAD
50.95,150,Staten Island,WSE S TYRELLAN AVENUE - 440 S FRANCIS STREET
43.49,65,Staten Island,SIE W RICHMOND AVENUE - SOUTH AVENUE
19.88,118,Manhattan,TBB W - FDR S MANHATTAN TRUSS - E116TH STREET
45.36,51,Staten Island,SIE E VNB E FINGERBOARD ROAD - SI GANTRY UPPER LEVEL
36.66,219,Queens,TBB N QUEENS ANCHORAGE - MANHATTAN LIFT SPAN
9.32,350,Manhattan,12th Ave N 40th - 57th St
0.0,0,Staten Island,ROUTE 169 S - MLK WALKER STREET
31.06,375,Queens,CIP N LIE ramp - TNB
22.36,221,Manhattan,LINCOLN TUNNEL W NORTH TUBE NY - NJ
17.39,409,Queens,MDE S TBB EXIT RAMP - QUEENS ANCHORAGE
48.46,44,Brooklyn,VNB E-GOWANUS N BROOKLYN GANTRY UPPER LEVEL - 92ND STREET
0.0,0,Bronx,CBE W L/LE V AMSTERDAM AVE - I 95 S LOC LNS
45.36,150,Manhattan,FDR S 63rd - 25th St
57.78,135,Staten Island,WSE N ARDEN AVENUE - VICTORY BLVD
42.87,58,Bronx,HRP S Lafayette Ave - BWB S Toll Plaza
45.36,47,Brooklyn,VNB E-GOWANUS N BROOKLYN GANTRY UPPER LEVEL - 92ND STREET
54.05,145,Staten Island,WSE N ARDEN AVENUE - VICTORY BLVD
8.69,605,Bronx,BRP N WATSON AVENUE - FORDHAM ROAD
33.55,191,Manhattan,BBT E Manhattan Portal - Toll Plaza
7.45,305,Manhattan,12th Ave S 57th St - 45th St
52.81,129,Manhattan,FDR N 25th - 63rd St
42.87,460,Manhattan,Westside Hwy S GWB - 57th St
42.25,54,Staten Island,SIE E VNB E FINGERBOARD ROAD - SI GANTRY LOWER LEVEL
54.05,138,Staten Island,WSE N TYRELLAN AVENUE - BLOOMINGDALE ROAD
55.3,74,Brooklyn,BQE S - GOW S ALTANTIC AVENUE - 9TH STREET
23.61,165,Staten Island,SIE E RICHMOND AVENUE - WOOLEY AVENUE
43.49,122,Queens,VWE N MP8.64 (Exit 13 Northern Blvd) - Whitestone Expwy Exit 14 (Linden Pl)
53.43,87,Bronx,BE N STRATFORD AVENUE - CASTLE HILL AVE
48.46,33,Staten Island,SIE E WOOLEY AVENUE - BRADLEY AVENUE
42.25,178,Queens,TBB S MANHATTAN LIFT SPAN - QUEENS ANCHORAGE
27.34,180,Manhattan,LINCOLN TUNNEL W NORTH TUBE NY - NJ
24.23,226,Staten Island,SIE E CLOVE ROAD - FINGERBOARD ROAD
45.98,148,Manhattan,FDR N 25th - 63rd St
35.41,252,Queens,VWE N MP4.63 (Exit 6 - Jamaica Ave) - MP6.39 (Exit 11 Jewel Ave)
44.73,282,Brooklyn,GOW N 7TH AVENUE - 9TH STREET
48.46,52,Bronx,HRP S Lafayette Ave - BWB S Toll Plaza
57.78,92,Queens,VWE N MP6.39 (Exit 11 Jewel Ave) - MP8.65 (Exit 13 Northern Blvd)
45.98,157,Queens,MDE S TBB EXIT RAMP - QUEENS ANCHORAGE
52.19,183,Queens,LIE WB LITTLE NECK PKWY - NB CVE
38.52,188,Queens,MDE S TBB EXIT RAMP - QUEENS ANCHORAGE
50.33,92,Brooklyn,VNB W BROOKLYN GANTRY LOWER LEVEL - SI GANTRY LOWER LEVEL
50.95,90,Brooklyn,VNB E SI GANTRY LOWER LEVEL - BROOLKYN GANTRY LOWER LEVEL
44.73,56,Bronx,HRP S Lafayette Ave - BWB S Toll Plaza
29.2,156,Bronx,BWB S Toll Plaza - Queens Anchorage
52.81,112,Staten Island,SIE W FINGERBOARD ROAD - CLOVE ROAD
51.57,152,Queens,Laurelton Pkwy N @ SSP - CIP N Hempstead Tpk
58.4,139,Bronx,I-87 NYST S Exit 1 - MDE S Van Cortlandt Park
36.66,187,Manhattan,FDR S 63rd - 25th St
31.68,368,Queens,CIP N LIE ramp - TNB
26.09,287,Bronx,BE S Griswold - Castle Hill Avenue
13.04,109,Staten Island,SIE W BRADLEY AVENUE - WOOLEY AVENUE
14.29,177,Bronx,HRP S Lafayette Ave - BWB S Toll Plaza
53.43,140,Bronx,BE S Griswold - Castle Hill Avenue
0.0,0,Manhattan,West St S Spring St - BBT Manhattan Portal outbound
39.14,109,Bronx,CBE AMSTERDAM AVE (L/LVL) - MORRIS AVE
47.22,98,Bronx,BE N STRATFORD AVENUE - CASTLE HILL AVE
58.4,140,Bronx,I-87 NYST S Exit 1 - MDE S Van Cortlandt Park
47.22,53,Bronx,BWB N Toll Plaza - HRP N Lafayatte Ave
43.49,157,Queens,TNB S Toll Plaza - Queens Anchorage
39.14,77,Queens,BE S TBB EXIT RAMP - MANHATTAN LIFT SPAN
0.0,0,Staten Island,MLK S - SIE W WALKER STREET - RICHMOND AVENUE
12.42,568,Queens,TBB N QUEENS ANCHORAGE - BE N
45.98,139,Queens,BWB S Queens Anchorage - WSE S Exit 14 (Linden Pl)
0.0,0,Staten Island,MLK N WALKER STREET - NJ ROUTE 169
49.08,127,Staten Island,WSE S BLLOMINGDALE ROAD - TYRELLAN AVENUE
42.87,193,Bronx,CBE E CASTLE HILL AVE - BE N WATERBURY AVE
0.0,0,Bronx,CBE W L/LE V AMSTERDAM AVE - I 95 S LOC LNS
18.64,150,Staten Island,WSE S SOUTH AVENUE - VICTORY BOULEVARD
43.49,165,Queens,MDE S TBB EXIT RAMP - QUEENS ANCHORAGE
0.0,0,Manhattan,BQE N Atlantic Ave - MAN Bridge Manhattan Side
60.27,116,Staten Island,SIE W - WSE S SOUTH AVENUE - SOUTH AVENUE
43.49,53,Staten Island,SIE E VNB E FINGERBOARD ROAD - SI GANTRY UPPER LEVEL
55.3,84,Brooklyn,VNB W BROOKLYN GANTRY LOWER LEVEL - SI GANTRY LOWER LEVEL
11.8,778,Queens,Belt Pkwy E 182nd St - Laurelton Pkwy N @ SSP
39.14,164,Manhattan,BBT W Toll Plaza - Manhattan Portal
19.88,361,Queens,TBB N QUEENS ANCHORAGE - BE N
41.01,52,Staten island,VNB W-SIE W SI GANTRY UPPER LEVEL - FINGERBOARD ROAD
52.19,42,Queens,CIP N ramp to TNB - TNB Queens Anchorage
54.05,99,Queens,VWE N MP6.39 (Exit 11 Jewel Ave) - MP8.65 (Exit 13 Northern Blvd)
0.0,0,Staten Island,SIE E-MLK N RICHMOND AVENUE - WALKER STREET
0.0,0,Staten Island,SIE W - MLK N WOOLEY AVENUE - WLAKER STREET
0.0,0,Manhattan,BBT W Toll Plaza - Manhattan Portal
47.84,89,Brooklyn,GOW S 7TH AVENUE - 92ND STREET
49.7,85,Brooklyn,GOW S 7TH AVENUE - 92ND STREET
59.03,100,Staten Island,SIE W FINGERBOARD ROAD - CLOVE ROAD
47.84,89,Bronx,CBE W MORRIS AVE - GWB W AMSTERDAM AVE (U/LVL)
57.78,89,Staten Island,WSE S ARDEN AVENUE - BLOOMINGDALE ROAD
0.0,0,Staten Island,SIE W - MLK N WOOLEY AVENUE - WLAKER STREET
49.08,94,Brooklyn,VNB W BROOKLYN GANTRY UPPER LEVEL - SI GANTRY UPPER LEVEL
9.94,325,Manhattan,11th ave s ganservoort - west st @ spring st
50.95,91,Queens,BWB N Queens Anchorage - Toll Plaza
0.0,0,Queens,CVE NB GCP - WILLETS PT BLVD
44.73,100,Bronx,MDE S HARLEM RIVER PARK - GWB W AMSTERDAM AVENUE LOWER LEVEL
39.14,96,Queens,Belt Pkwy W 182nd St - JFK Expressway
0.0,0,Manhattan,LINCOLN TUNNEL E CENTER TUBE NJ - NY
0.0,0,Staten Island,MLK N WALKER STREET - NJ ROUTE 169
21.74,461,Manhattan,FDR S 25th St - Catherine Slip
52.81,88,Queens,BWB N Queens Anchorage - Toll Plaza
0.0,0,Brooklyn,GOW N 92ND STREET - 7TH AVENUE
37.9,56,Brooklyn,VNB E-GOWANUS N BROOKLYN GANTRY UPPER LEVEL - 92ND STREET
59.65,184,Queens,CIP S LIE - Hempstead Tpk
44.11,245,Queens,VWE S MP2.66 (Exit 2 Rockaway Blvd) - Belt Pkwy E 182nd St
13.67,238,Manhattan,12th Ave N 40th - 57th St
44.73,99,Bronx,MDE S HARLEM RIVER PARK - GWB W AMSTERDAM AVENUE LOWER LEVEL
39.76,270,Queens,VWE S MP2.66 (Exit 2 Rockaway Blvd) - Belt Pkwy E 182nd St
0.0,0,Manhattan,BQE N Atlantic Ave - MAN Bridge Manhattan Side
48.46,105,Bronx,MDE N RFK Bridge - 142nd St
45.98,140,Queens,BWB S Queens Anchorage - WSE S Exit 14 (Linden Pl)
22.99,440,Manhattan,FDR N Catherine Slip - 25th St
16.15,302,Queens,LIE W 108TH ST - 84TH ST
40.38,59,Manhattan,FDR N - TBB E 116TH STREET - MANHATTAN TRUSS
54.05,92,Staten Island,WSE N BLOOMUINGDALE ROAD - ARDEN AVENUE
53.43,119,Queens,BWB S Queens Anchorage - WSE S Exit 14 (Linden Pl)
56.54,194,Queens,CVE NB LIE - WILLETS PT BLVD
38.52,203,Staten Island,WSE N ARDEN AVENUE - VICTORY BLVD
24.85,468,Queens,CIP N TNB - Whitestone Expwy S Exit 14 (Linden Pl)
52.19,150,Staten Island,WSE S VICTORY BOULEVARD - ARDEN AVENUE
48.46,153,Manhattan,GWB E LOWER LEVEL PLAZA - CBE E LOWER LEVEL AMSTERDAM AVE
10.56,670,Manhattan,GWB E LOWER LEVEL PLAZA - CBE E LOWER LEVEL AMSTERDAM AVE
19.26,135,Manhattan,BKN Bridge Manhattan Side - FDR N Catherine Slip
58.4,49,Staten Island,SIE W RICHMOND AVENUE - SOUTH AVENUE
45.98,171,Staten Island,WSE N ARDEN AVENUE - VICTORY BLVD
43.49,49,Staten Island,VNB W-SIE W SI GANTRY LOWER LEVEL - FINGERBOARD ROAD
58.4,188,Queens,CIP S LIE - Hempstead Tpk
27.96,75,Staten island,VNB W-SIE W SI GANTRY UPPER LEVEL - FINGERBOARD ROAD
16.15,328,Manhattan,11th ave n ganservoort - 12th ave @ 40th st
20.5,213,Bronx,MDE S HARLEM RIVER PARK - GWB W AMSTERDAM AVENUE LOWER LEVEL
59.03,103,Staten Island,WSE N-SIE E SOUTH AVENUE - SOUTH AVENUE
47.22,117,Bronx,BRP N WATSON AVENUE - FORDHAM ROAD
48.46,45,Queens,CIP N ramp to TNB - TNB Queens Anchorage
50.33,50,Bronx,CBE E TAYLOR AVENUE - CASTLE HILL AVENUE
44.11,171,Queens,TBB S MANHATTAN LIFT SPAN - QUEENS ANCHORAGE
40.38,57,Staten Island,SIE E VNB E FINGERBOARD ROAD - SI GANTRY LOWER LEVEL
49.7,93,Bronx,BWB S Toll Plaza - Queens Anchorage
8.69,702,Queens,Whitestone Expwy N Exit 14 (Linden Pl) - BWB N Queens Anchorage
37.9,69,Manhattan,FDR S Catherine Slip - BKN Bridge Manhattan Side
41.63,118,Queens,LIE W 108TH ST - 84TH ST
48.46,158,Staten Island,WSE S TYRELLAN AVENUE - 440 S FRANCIS STREET
12.42,847,Queens,CIP N Hempstead Tpk - LIE
62.75,130,Bronx,I-87 NYST S Exit 1 - MDE S Van Cortlandt Park
18.64,288,Queens,VWE N MP6.39 (Exit 11 Jewel Ave) - MP8.65 (Exit 13 Northern Blvd)
0.0,0,Bronx,BRP S FORDHAM ROAD - WATSON AVENUE
63.37,81,Staten Island,WSE S ARDEN AVENUE - BLOOMINGDALE ROAD
0.0,0,Brooklyn,GOW N 7TH AVENUE - 9TH STREET
56.54,107,Staten Island,WSE N-SIE E SOUTH AVENUE - SOUTH AVENUE
31.06,160,Queens,LIE W 108TH ST - 84TH ST
39.76,495,Manhattan,Westside Hwy N 57th St - GWB
49.08,151,Manhattan,GWB E LOWER LEVEL PLAZA - CBE E LOWER LEVEL AMSTERDAM AVE
56.54,82,Bronx,BE N STRATFORD AVENUE - CASTLE HILL AVE
42.87,49,Brooklyn,GOW S VNB W 92ND STREET - BKLYN GANTRY LOWER LEVEL
39.76,139,Manhattan,LINCOLN TUNNEL E SOUTH TUBE - NJ - NY
45.36,211,Queens,LIE WB LITTLE NECK PKWY - NB CVE
15.53,317,Queens,LIE E 84TH ST - 108TH ST
0.0,0,Manhattan,LINCOLN TUNNEL W CENTER TUBE NY - NJ
14.29,182,Staten Island,SIE E SOUTH AVENUE - RICHMOND AVENUE
26.71,204,Queens,Whitestone Expwy S Exit 14 (Linden Pl) - VWE S MP8.65 (Exit 13 Northern Blvd)
0.0,0,Queens,LIE WB LITTLE NECK PKWY - NB CVE
45.36,35,Staten Island,SIE E WOOLEY AVENUE - BRADLEY AVENUE
5.59,553,Manhattan,11th ave s ganservoort - west st @ spring st
22.36,420,Queens,LIE WB LITTLE NECK PKWY - NB CVE
52.81,27,Staten Island,SIE W BRADLEY AVENUE - WOOLEY AVENUE
1.86,2650,Manhattan,LINCOLN TUNNEL E CENTER TUBE NJ - NY
44.73,103,Queens,BWB N Queens Anchorage - Toll Plaza
16.77,310,Manhattan,QMT E Manhattan Side - Toll Plaza
40.38,53,Staten island,VNB W-SIE W SI GANTRY UPPER LEVEL - FINGERBOARD ROAD
44.11,48,Brooklyn,GOW S VNB W 92ND STREET - BKLYN GANTRY UPPER LEVEL
50.33,92,Brooklyn,VNB W BROOKLYN GANTRY UPPER LEVEL - SI GANTRY UPPER LEVEL
43.49,58,Bronx,HRP S Lafayette Ave - BWB S Toll Plaza
41.01,52,Brooklyn,GOW S VNB W 92ND STREET - BKLYN GANTRY UPPER LEVEL
44.73,51,Staten Island,SIE E VNB E FINGERBOARD ROAD - SI GANTRY UPPER LEVEL
52.81,47,Bronx,BWB N Toll Plaza - HRP N Lafayatte Ave
42.25,162,Queens,VWE S MP4.63 (Exit 6 Jamaica Ave) - MP2.66 (Exit 2 Roackaway Blvd)
36.66,538,Manhattan,Westside Hwy S GWB - 57th St
46.6,65,Queens,BE S TBB EXIT RAMP - MANHATTAN LIFT SPAN
0.0,0,Manhattan,LINCOLN TUNNEL E CENTER TUBE NJ - NY
57.16,106,Staten Island,WSE N-SIE E SOUTH AVENUE - SOUTH AVENUE
51.57,89,Brooklyn,VNB W BROOKLYN GANTRY UPPER LEVEL - SI GANTRY UPPER LEVEL
57.16,106,Staten Island,WSE N-SIE E SOUTH AVENUE - SOUTH AVENUE
31.68,341,Queens,CVE NB LIE - WILLETS PT BLVD
26.09,246,Queens,Whitestone Expwy N Exit 14 (Linden Pl) - BWB N Queens Anchorage
43.49,189,Bronx,CBE W U/LEV AMSTERDAM AVE - I95 S EXP LNS
65.24,60,Staten Island,SIE W WOOLEY AVENUE - RICHMOND AVENUE
54.68,294,Queens,CIP NB GCP - TNB
18.64,385,Brooklyn,BQE S 46TH STREET - LEONARD STREET
45.36,47,Brooklyn,GOW S VNB W 92ND STREET - BKLYN GANTRY LOWER LEVEL
27.96,102,Staten Island,WSE S SOUTH AVENUE - VICTORY BOULEVARD
0.0,0,Bronx,BRP N WATSON AVENUE - FORDHAM ROAD
55.92,89,Staten Island,WSE N BLOOMUINGDALE ROAD - ARDEN AVENUE
15.53,206,Manhattan,12th Ave N 40th - 57th St
32.31,133,Bronx,CBE E AMSTERDAM AVE(U/LVL) - MORRIS AVE
0.0,0,Queens,BE S TBB EXIT RAMP - QUEENS ANCHORAGE
26.09,91,Manhattan,TBB W - FDR S MANHATTAN TRUSS - E116TH STREET
37.28,81,Queens,BE S TBB EXIT RAMP - MANHATTAN LIFT SPAN
0.0,0,Queens,BE S TBB EXIT RAMP - QUEENS ANCHORAGE
43.49,49,Brooklyn,GOW S VNB W 92ND STREET - BKLYN GANTRY UPPER LEVEL
8.07,272,Manhattan,12th Ave S 57th St - 45th St
14.91,307,Bronx,BWB S Toll Plaza - Queens Anchorage
47.22,30,Staten Island,SIE W BRADLEY AVENUE - WOOLEY AVENUE
14.91,278,Bronx,CBE W MORRIS AVE - GWB W AMSTERDAM AVE (U/LVL)
0.0,0,Staten Island,MLK S - SIE E WALKER STREET - WOOLEY AVENUE
0.0,0,Queens,BE S TBB EXIT RAMP - QUEENS ANCHORAGE
6.21,693,Bronx,CBE W MORRIS AVE - GWB W AMSTERDAM AVE (U/LVL)
59.65,47,Staten Island,SIE W RICHMOND AVENUE - SOUTH AVENUE
52.81,48,Bronx,CBE W CASTLE HILL AVENUE - TAYLOR AVENUE
9.32,1275,Queens,Belt Pkwy W JFK Expressway - VWE N Jamaica Ave
34.79,68,Manhattan,FDR N - TBB E 116TH STREET - MANHATTAN TRUSS
54.68,199,Queens,VWE S MP2.66 (Exit 2 Rockaway Blvd) - Belt Pkwy E 182nd St
36.66,117,Bronx,CBE W MORRIS AVE - GWB W AMSTERDAM AVE (L/LVL)
44.73,444,Manhattan,Westside Hwy N 57th St - GWB
48.46,44,Brooklyn,VNB E-GOWANUS N BROOKLYN GANTRY UPPER LEVEL - 92ND STREET
0.0,0,Manhattan,LINCOLN TUNNEL E CENTER TUBE NJ - NY
41.01,104,Bronx,CBE W MORRIS AVE - GWB W AMSTERDAM AVE (L/LVL)
19.88,274,Manhattan,LINCOLN TUNNEL E CENTER TUBE NJ - NY
54.05,139,Staten Island,WSE N TYRELLAN AVENUE - BLOOMINGDALE ROAD
54.05,98,Queens,VWE N MP6.39 (Exit 11 Jewel Ave) - MP8.65 (Exit 13 Northern Blvd)
54.68,101,Staten Island,SIE E CLOVE ROAD - FINGERBOARD ROAD
41.63,214,Queens,VWE N MP4.63 (Exit 6 - Jamaica Ave) - MP6.39 (Exit 11 Jewel Ave)
46.6,235,Queens,CVE NB LIE - WILLETS PT BLVD
11.18,508,Manhattan,West St S Spring St - BBT Manhattan Portal outbound
47.22,90,Brooklyn,GOW S 7TH AVENUE - 92ND STREET
54.68,108,Staten Island,SIE W FINGERBOARD ROAD - CLOVE ROAD
39.76,129,Bronx,MDE N RFK Bridge - 142nd St
47.22,55,Manhattan,BKN Bridge Manhattan Side - FDR N Catherine Slip
32.31,166,Queens,QMT W Toll Plaza - Manhattan Side
41.63,51,Staten island,VNB W-SIE W SI GANTRY UPPER LEVEL - FINGERBOARD ROAD
0.0,0,Queens,VWE N MP4.63 (Exit 6 - Jamaica Ave) - MP6.39 (Exit 11 Jewel Ave)
55.92,164,Queens,Laurelton Pkwy S @ SSP - Belt Pkwy W 182nd St
48.46,111,Queens,VWE S MP8.65 (Exit 13 Northern Blvd) - MP6.39 (Exit 11 Jewel Ave)
52.81,101,Queens,VWE S MP8.65 (Exit 13 Northern Blvd) - MP6.39 (Exit 11 Jewel Ave)
45.36,224,Manhattan,FDR N Catherine Slip - 25th St
55.3,96,Queens,VWE N MP8.64 (Exit 13 Northern Blvd) - Whitestone Expwy Exit 14 (Linden Pl)
60.89,52,Staten Island,WSE N VICTORY BLVD - SOUTH AVENUE
43.49,171,Queens,TBB S MANHATTAN LIFT SPAN - QUEENS ANCHORAGE
52.81,101,Queens,VWE S MP8.65 (Exit 13 Northern Blvd) - MP6.39 (Exit 11 Jewel Ave)
50.33,152,Staten Island,440 N FRANCIS STREET - WSE N TYRELLAN AVE
44.73,95,Bronx,CBE W MORRIS AVE - GWB W AMSTERDAM AVE (L/LVL)
35.41,141,Manhattan,LINCOLN TUNNEL W NORTH TUBE NY - NJ
0.0,0,Manhattan,West St S Spring St - BBT Manhattan Portal outbound
52.81,105,Staten Island,SIE E CLOVE ROAD - FINGERBOARD ROAD
37.9,112,Bronx,CBE E AMSTERDAM AVE(U/LVL) - MORRIS AVE
30.44,223,Queens,TNB S Toll Plaza - Queens Anchorage
48.46,110,Queens,VWE N MP6.39 (Exit 11 Jewel Ave) - MP8.65 (Exit 13 Northern Blvd)
31.68,324,Manhattan,FDR N Catherine Slip - 25th St
0.0,0,Staten Island,MLK N WALKER STREET - NJ ROUTE 169
49.7,164,Bronx,I-87 NYST S Exit 1 - MDE S Van Cortlandt Park
42.25,54,Staten Island,SIE E VNB E FINGERBOARD ROAD - SI GANTRY UPPER LEVEL
35.41,253,Queens,VWE N MP4.63 (Exit 6 - Jamaica Ave) - MP6.39 (Exit 11 Jewel Ave)
47.22,154,Queens,TBB N QUEENS ANCHORAGE - BE N
46.6,91,Brooklyn,GOW N 92ND STREET - 7TH AVENUE
38.52,167,Manhattan,BBT W Toll Plaza - Manhattan Portal
27.34,181,Queens,LIE W 108TH ST - 84TH ST
51.57,90,Brooklyn,VNB E SI GANTRY UPPER LEVEL - BROOKLYN GANTRY UPPER LEVEL
17.39,317,Manhattan,LINCOLN TUNNEL E SOUTH TUBE - NJ - NY
42.87,277,Queens,CIP N LIE ramp - TNB
39.14,280,Queens,CVE NB LIE - WILLETS PT BLVD
0.0,0,Manhattan,BQE N Atlantic Ave - BKN Bridge Manhattan Side
47.84,52,Bronx,BWB N Toll Plaza - HRP N Lafayatte Ave
39.14,62,Manhattan,TBB W - FDR S MANHATTAN TRUSS - E116TH STREET
0.0,0,Staten Island,ROUTE 169 S - MLK WALKER STREET
41.01,129,Queens,VWE N MP8.64 (Exit 13 Northern Blvd) - Whitestone Expwy Exit 14 (Linden Pl)
48.46,151,Manhattan,GWB E LOWER LEVEL PLAZA - CBE E LOWER LEVEL AMSTERDAM AVE
12.42,455,Manhattan,West St S Spring St - BBT Manhattan Portal outbound
0.0,0,Queens,TNB S Toll Plaza - Queens Anchorage
52.19,210,Queens,CIP S LIE - Hempstead Tpk
18.01,449,Queens,TBB N QUEENS ANCHORAGE - MANHATTAN LIFT SPAN
57.78,136,Staten Island,WSE S VICTORY BOULEVARD - ARDEN AVENUE
8.69,288,Bronx,CBE W CASTLE HILL AVENUE - TAYLOR AVENUE
0.0,0,Brooklyn,BQE S - GOW S ALTANTIC AVENUE - 9TH STREET
44.73,199,Queens,VWE S MP6.39 (Exit 11 Jewel Ave) - MP4.63 (Exit 6 Jamaica Ave)
38.52,307,Queens,CIP N LIE ramp - TNB
56.54,78,Bronx,HRP N LAFAYETTE AVENUE - E TREMONT AVENUE
31.68,283,Queens,VWE N MP4.63 (Exit 6 - Jamaica Ave) - MP6.39 (Exit 11 Jewel Ave)
38.52,120,Bronx,BE N STRATFORD AVENUE - CASTLE HILL AVE
0.0,0,Brooklyn,BQE S - GOW S ALTANTIC AVENUE - 9TH STREET
2.48,2076,Manhattan,West St S Spring St - BBT Manhattan Portal outbound
47.22,45,Brooklyn,GOW S VNB W 92ND STREET - BKLYN GANTRY LOWER LEVEL
0.0,0,Bronx,BRP S FORDHAM ROAD - WATSON AVENUE
0.0,0,Brooklyn,GOW N 7TH AVENUE - 9TH STREET
6.83,1095,Queens,Laurelton Pkwy N @ SSP - CIP N Hempstead Tpk
0.0,0,Staten Island,MLK S - SIE W WALKER STREET - RICHMOND AVENUE
0.0,0,Brooklyn,GOW N 7TH AVENUE - 9TH STREET
0.0,0,Manhattan,BQE N Atlantic Ave - MAN Bridge Manhattan Side
45.98,221,Manhattan,FDR N Catherine Slip - 25th St
19.88,271,Manhattan,11th ave n ganservoort - 12th ave @ 40th st
50.33,147,Manhattan,GWB E LOWER LEVEL PLAZA - CBE E LOWER LEVEL AMSTERDAM AVE
26.09,190,Queens,LIE E 84TH ST - 108TH ST
44.11,183,Queens,TBB N QUEENS ANCHORAGE - MANHATTAN LIFT SPAN
59.03,78,Bronx,BE N STRATFORD AVENUE - CASTLE HILL AVE
11.8,1618,Manhattan,Westside Hwy N 57th St - GWB
14.91,367,Manhattan,LINCOLN TUNNEL E SOUTH TUBE - NJ - NY
36.66,43,Staten Island,SIE E WOOLEY AVENUE - BRADLEY AVENUE
46.6,137,Queens,Whitestone Expwy N Exit 14 (Linden Pl) - BWB N Queens Anchorage
0.0,0,Staten Island,SIE W - MLK N WOOLEY AVENUE - WLAKER STREET
9.94,565,Manhattan,West St S Spring St - BBT Manhattan Portal outbound
36.66,241,Queens,VWE N MP4.63 (Exit 6 - Jamaica Ave) - MP6.39 (Exit 11 Jewel Ave)
47.22,45,Brooklyn,VNB E-GOWANUS N BROOKLYN GANTRY LOWER LEVEL - 92ND STREET
0.0,0,Staten Island,MLK S - SIE W WALKER STREET - RICHMOND AVENUE
24.85,437,Queens,VWE S MP2.66 (Exit 2 Rockaway Blvd) - Belt Pkwy E 182nd St
52.19,144,Staten Island,WSE N TYRELLAN AVENUE - BLOOMINGDALE ROAD
22.36,427,Queens,LIE WB LITTLE NECK PKWY - NB CVE
11.8,458,Manhattan,11th ave n ganservoort - 12th ave @ 40th st
60.27,273,Queens,CVE NB GCP - WILLETS PT BLVD
47.22,53,Bronx,BWB N Toll Plaza - HRP N Lafayatte Ave
24.23,285,Queens,VWE S MP4.63 (Exit 6 Jamaica Ave) - MP2.66 (Exit 2 Roackaway Blvd)
46.6,235,Queens,CIP S LIE - Hempstead Tpk
24.85,404,Manhattan,FDR S 25th St - Catherine Slip
49.7,93,Brooklyn,VNB W BROOKLYN GANTRY UPPER LEVEL - SI GANTRY UPPER LEVEL
54.05,49,Staten Island,SIE E SOUTH AVENUE - RICHMOND AVENUE
17.39,137,Manhattan,TBB W - FDR S MANHATTAN TRUSS - E116TH STREET
20.5,431,Queens,VWE N MP4.63 (Exit 6 - Jamaica Ave) - MP6.39 (Exit 11 Jewel Ave)
9.94,702,Queens,TBB N QUEENS ANCHORAGE - BE N
42.25,93,Queens,LIE WB LITTLE NECK PKWY - NB CIP
50.33,92,Brooklyn,VNB E SI GANTRY LOWER LEVEL - BROOLKYN GANTRY LOWER LEVEL
60.89,82,Staten Island,WSE N BLOOMUINGDALE ROAD - ARDEN AVENUE
20.5,126,Manhattan,BKN Bridge Manhattan Side - FDR N Catherine Slip
53.43,215,Queens,CIP N TNB - Whitestone Expwy S Exit 14 (Linden Pl)
55.3,80,Bronx,HRP N LAFAYETTE AVENUE - E TREMONT AVENUE
0.0,0,Queens,QMT W Toll Plaza - Manhattan Side
43.49,49,Brooklyn,GOW S VNB W 92ND STREET - BKLYN GANTRY LOWER LEVEL
55.3,135,Bronx,BE N Castle Hill Avenue - Griswold Ave
0.0,0,Manhattan,12th Ave N 40th - 57th St
58.4,100,Staten Island,SIE W FINGERBOARD ROAD - CLOVE ROAD
0.0,0,Staten Island,ROUTE 169 S - MLK WALKER STREET
42.87,55,Manhattan,FDR N - TBB E 116TH STREET - MANHATTAN TRUSS
0.0,0,Queens,BE S TBB EXIT RAMP - QUEENS ANCHORAGE
59.03,138,Bronx,I-87 NYST S Exit 1 - MDE S Van Cortlandt Park
7.45,805,Manhattan,12th ave @ 45th - 11 ave ganservoort st
52.81,144,Staten Island,WSE S TYRELLAN AVENUE - 440 S FRANCIS STREET
54.68,46,Bronx,CBE W CASTLE HILL AVENUE - TAYLOR AVENUE
22.36,485,Queens,CIP S LIE - Hempstead Tpk
55.3,298,Queens,CVE NB GCP - WILLETS PT BLVD
39.14,164,Queens,Whitestone Expwy N Exit 14 (Linden Pl) - BWB N Queens Anchorage
36.03,104,Queens,Belt Pkwy W 182nd St - JFK Expressway
20.5,263,Manhattan,11th ave n ganservoort - 12th ave @ 40th st
0.0,0,Queens,QMT W Toll Plaza - Manhattan Side
43.49,49,Brooklyn,GOW S VNB W 92ND STREET - BKLYN GANTRY UPPER LEVEL
52.81,54,Staten Island,WSE S SOUTH AVENUE - VICTORY BOULEVARD
55.92,70,Staten Island,SIE W WOOLEY AVENUE - RICHMOND AVENUE
31.06,379,Queens,CIP N LIE ramp - TNB
0.0,0,Brooklyn,BQE S - GOW S ALTANTIC AVENUE - 9TH STREET
47.84,89,Bronx,CBE W MORRIS AVE - GWB W AMSTERDAM AVE (L/LVL)
47.22,97,Brooklyn,VNB E SI GANTRY LOWER LEVEL - BROOLKYN GANTRY LOWER LEVEL
34.17,261,Queens,VWE N MP4.63 (Exit 6 - Jamaica Ave) - MP6.39 (Exit 11 Jewel Ave)
11.18,528,Staten Island,SIE W FINGERBOARD ROAD - CLOVE ROAD
0.0,0,Brooklyn,BQE S - GOW S ALTANTIC AVENUE - 9TH STREET
47.84,97,Brooklyn,VNB W BROOKLYN GANTRY UPPER LEVEL - SI GANTRY UPPER LEVEL
50.33,92,Brooklyn,VNB W BROOKLYN GANTRY LOWER LEVEL - SI GANTRY LOWER LEVEL
31.68,75,Manhattan,FDR N - TBB E 116TH STREET - MANHATTAN TRUSS
52.19,123,Queens,Whitestone Expwy N Exit 14 (Linden Pl) - BWB N Queens Anchorage
0.0,0,Staten Island,ROUTE 169 S - MLK WALKER STREET
0.0,0,Brooklyn,BQE S - GOW S ALTANTIC AVENUE - 9TH STREET
39.76,53,Staten island,VNB W-SIE W SI GANTRY UPPER LEVEL - FINGERBOARD ROAD
55.92,123,Queens,TNB N Queens Anchorage - Toll Plaza
45.98,62,Staten Island,WSE S SOUTH AVENUE - VICTORY BOULEVARD
0.0,0,Queens,VWE S MP6.39 (Exit 11 Jewel Ave) - MP4.63 (Exit 6 Jamaica Ave)
49.08,404,Manhattan,Westside Hwy N 57th St - GWB
12.42,262,Manhattan,12th Ave N 40th - 57th St
39.76,195,Queens,Laurelton Pkwy N @ SSP - CIP N Hempstead Tpk
9.32,833,Queens,TBB N QUEENS ANCHORAGE - MANHATTAN LIFT SPAN
53.43,26,Staten Island,SIE W BRADLEY AVENUE - WOOLEY AVENUE
27.96,434,Queens,Belt Pkwy W JFK Expressway - VWE N Jamaica Ave
52.81,139,Manhattan,GWB E LOWER LEVEL PLAZA - CBE E LOWER LEVEL AMSTERDAM AVE
55.3,96,Queens,VWE S MP8.65 (Exit 13 Northern Blvd) - MP6.39 (Exit 11 Jewel Ave)
52.19,170,Queens,VWE N MP4.63 (Exit 6 - Jamaica Ave) - MP6.39 (Exit 11 Jewel Ave)
60.27,135,Bronx,I-87 NYST S Exit 1 - MDE S Van Cortlandt Park
24.23,228,Manhattan,LINCOLN TUNNEL E CENTER TUBE NJ - NY
40.38,53,Staten island,VNB W-SIE W SI GANTRY UPPER LEVEL - FINGERBOARD ROAD
55.92,89,Staten Island,WSE N BLOOMUINGDALE ROAD - ARDEN AVENUE
41.63,112,Queens,BWB N Queens Anchorage - Toll Plaza
45.98,50,Staten Island,SIE E VNB E FINGERBOARD ROAD - SI GANTRY UPPER LEVEL
51.57,178,Queens,Belt Pkwy E 182nd St - Laurelton Pkwy N @ SSP
33.55,64,Queens,CIP N ramp to TNB - TNB Queens Anchorage
19.26,260,Queens,LIE W 108TH ST - 84TH ST
42.25,102,Bronx,CBE W MORRIS AVE - GWB W AMSTERDAM AVE (L/LVL)
51.57,133,Queens,VWE S MP4.63 (Exit 6 Jamaica Ave) - MP2.66 (Exit 2 Roackaway Blvd)
46.6,177,Bronx,CBE W U/LEV AMSTERDAM AVE - I95 S EXP LNS
16.77,157,Queens,TNB S Qns Anchorage - CIP S @ TNB
47.22,108,Bronx,MDE N RFK Bridge - 142nd St
52.81,141,Bronx,BE N Castle Hill Avenue - Griswold Ave
57.16,130,Staten Island,WSE N TYRELLAN AVENUE - BLOOMINGDALE ROAD
0.0,0,Bronx,BRP S FORDHAM ROAD - WATSON AVENUE
0.0,0,Queens,CVE NB LIE - WILLETS PT BLVD
54.68,58,Staten Island,WSE N VICTORY BLVD - SOUTH AVENUE
49.08,130,Queens,BWB S Queens Anchorage - WSE S Exit 14 (Linden Pl)
11.8,276,Manhattan,12th Ave N 40th - 57th St
45.36,164,Queens,TBB S MANHATTAN LIFT SPAN - QUEENS ANCHORAGE
6.21,678,Bronx,CBE W MORRIS AVE - GWB W AMSTERDAM AVE (L/LVL)
21.12,297,Manhattan,12th ave @ 45th - 11 ave ganservoort st
33.55,192,Manhattan,BBT E Manhattan Portal - Toll Plaza
32.31,210,Manhattan,FDR S 63rd - 25th St
23.61,129,Queens,BE S TBB EXIT RAMP - MANHATTAN LIFT SPAN
41.01,282,Queens,CIP N TNB - Whitestone Expwy S Exit 14 (Linden Pl)
29.82,365,Queens,VWE S MP2.66 (Exit 2 Rockaway Blvd) - Belt Pkwy E 182nd St
0.0,0,Staten Island,SIE W - MLK N WOOLEY AVENUE - WLAKER STREET
56.54,292,Queens,CVE NB GCP - WILLETS PT BLVD
42.25,102,Bronx,MDE S HARLEM RIVER PARK - GWB W AMSTERDAM AVENUE UPPER LEVEL
2.48,832,Manhattan,12th Ave S 57th St - 45th St
0.0,0,Brooklyn,GOW N 9TH STREET - ATLANTIC AVENUE
0.0,0,Bronx,BRP S FORDHAM ROAD - WATSON AVENUE
54.68,140,Staten Island,WSE S TYRELLAN AVENUE - 440 S FRANCIS STREET
40.38,486,Manhattan,Westside Hwy N 57th St - GWB
27.96,276,Queens,Laurelton Pkwy N @ SSP - CIP N Hempstead Tpk
0.0,0,Queens,TNB N Queens Anchorage - Toll Plaza
48.46,45,Queens,CIP N ramp to TNB - TNB Queens Anchorage
54.05,85,Bronx,BE N STRATFORD AVENUE - CASTLE HILL AVE
51.57,55,Staten Island,WSE S SOUTH AVENUE - VICTORY BOULEVARD
30.44,174,Manhattan,QMT E Manhattan Side - Toll Plaza
0.0,0,Brooklyn,GOW S 9TH STREET - 7TH AVENUE
42.87,124,Queens,VWE S MP8.65 (Exit 13 Northern Blvd) - MP6.39 (Exit 11 Jewel Ave)
49.7,93,Brooklyn,VNB E SI GANTRY LOWER LEVEL - BROOLKYN GANTRY LOWER LEVEL
52.19,131,Manhattan,FDR S 63rd - 25th St
1.86,2725,Manhattan,BBT W Toll Plaza - Manhattan Portal
53.43,124,Staten Island,SIE E BRADLEY AVENUE - CLOVE ROAD
5.59,397,Manhattan,12th Ave S 57th St - 45th St
47.84,337,Queens,CIP NB GCP - TNB
0.0,0,Staten Island,SIE E-MLK N RICHMOND AVENUE - WALKER STREET
16.15,325,Manhattan,11th ave n ganservoort - 12th ave @ 40th st
0.0,0,Queens,TNB N Queens Anchorage - Toll Plaza
1.24,3772,Manhattan,West St S Spring St - BBT Manhattan Portal outbound
56.54,50,Staten Island,SIE W RICHMOND AVENUE - SOUTH AVENUE
0.0,0,Staten Island,SIE E-MLK N RICHMOND AVENUE - WALKER STREET
30.44,357,Queens,VWE S MP2.66 (Exit 2 Rockaway Blvd) - Belt Pkwy E 182nd St
13.04,325,Bronx,CBE E AMSTERDAM AVE(U/LVL) - MORRIS AVE
47.84,53,Bronx,CBE E TAYLOR AVENUE - CASTLE HILL AVENUE
0.0,0,Bronx,CBE W L/LE V AMSTERDAM AVE - I 95 S LOC LNS
38.52,119,Brooklyn,VNB E SI GANTRY LOWER LEVEL - BROOLKYN GANTRY LOWER LEVEL
47.84,115,Queens,Whitestone Expwy S Exit 14 (Linden Pl) - VWE S MP8.65 (Exit 13 Northern Blvd)
44.11,52,Staten Island,SIE E VNB E FINGERBOARD ROAD - SI GANTRY LOWER LEVEL
49.08,87,Brooklyn,GOW S 7TH AVENUE - 92ND STREET
1.24,3632,Manhattan,BBT E Manhattan Portal - Toll Plaza
43.49,57,Bronx,HRP S Lafayette Ave - BWB S Toll Plaza
37.28,118,Bronx,BE S CASTLE HILL AVENUE - STRATFORD AVENUE
26.09,277,Queens,MDE S TBB EXIT RAMP - QUEENS ANCHORAGE
0.0,0,Staten Island,MLK S - SIE E WALKER STREET - WOOLEY AVENUE
26.09,416,Queens,VWE S MP2.66 (Exit 2 Rockaway Blvd) - Belt Pkwy E 182nd St
54.05,296,Queens,CIP NB GCP - TNB
18.01,295,Manhattan,QMT E Manhattan Side - Toll Plaza
49.08,94,Brooklyn,VNB W BROOKLYN GANTRY UPPER LEVEL - SI GANTRY UPPER LEVEL
50.33,98,Queens,LIE W 108TH ST - 84TH ST
52.81,303,Queens,CIP NB GCP - TNB
50.95,41,Brooklyn,VNB E-GOWANUS N BROOKLYN GANTRY LOWER LEVEL - 92ND STREET
42.25,171,Queens,TBB N QUEENS ANCHORAGE - BE N
40.38,53,Staten island,VNB W-SIE W SI GANTRY UPPER LEVEL - FINGERBOARD ROAD
51.57,90,Brooklyn,VNB E SI GANTRY LOWER LEVEL - BROOLKYN GANTRY LOWER LEVEL
40.38,123,Manhattan,LINCOLN TUNNEL W NORTH TUBE NY - NJ
48.46,239,Queens,CIP N TNB - Whitestone Expwy S Exit 14 (Linden Pl)
49.08,124,Staten Island,WSE N-SIE E SOUTH AVENUE - SOUTH AVENUE
36.03,122,Bronx,BE S CASTLE HILL AVENUE - STRATFORD AVENUE
15.53,368,Manhattan,West St S Spring St - BBT Manhattan Portal outbound
39.76,53,Brooklyn,GOW S VNB W 92ND STREET - BKLYN GANTRY UPPER LEVEL
50.95,108,Staten Island,SIE E CLOVE ROAD - FINGERBOARD ROAD
47.84,89,Bronx,CBE W MORRIS AVE - GWB W AMSTERDAM AVE (U/LVL)
22.36,126,Staten Island,WSE S SOUTH AVENUE - VICTORY BOULEVARD
52.19,119,Staten Island,WSE S BLLOMINGDALE ROAD - TYRELLAN AVENUE
24.85,306,Queens,CIP S Hempstead Tpk - Laurelton Pkwy @ SSP
6.21,384,Bronx,CBE W CASTLE HILL AVENUE - TAYLOR AVENUE
47.22,49,Staten Island,SIE E VNB E FINGERBOARD ROAD - SI GANTRY UPPER LEVEL
38.52,249,Queens,LIE WB LITTLE NECK PKWY - NB CVE
7.45,419,Manhattan,11th ave s ganservoort - west st @ spring st
52.19,54,Staten Island,SIE W RICHMOND AVENUE - SOUTH AVENUE
57.16,289,Queens,CVE NB GCP - WILLETS PT BLVD
9.32,668,Manhattan,12th ave @ 45th - 11 ave ganservoort st
0.0,0,Brooklyn,GOW S 9TH STREET - 7TH AVENUE
58.4,134,Queens,Laurelton Pkwy N @ SSP - CIP N Hempstead Tpk
39.76,232,Queens,Laurelton Pkwy S @ SSP - Belt Pkwy W 182nd St
49.08,32,Staten Island,SIE E WOOLEY AVENUE - BRADLEY AVENUE
8.07,756,Manhattan,12th ave @ 45th - 11 ave ganservoort st
47.84,53,Bronx,CBE E TAYLOR AVENUE - CASTLE HILL AVENUE
7.45,802,Manhattan,12th ave @ 45th - 11 ave ganservoort st
53.43,53,Staten Island,SIE W RICHMOND AVENUE - SOUTH AVENUE
20.5,243,Queens,LIE W 108TH ST - 84TH ST
11.8,918,Queens,CIP N Hempstead Tpk - LIE
47.84,97,Brooklyn,VNB W BROOKLYN GANTRY LOWER LEVEL - SI GANTRY LOWER LEVEL
10.56,664,Queens,TBB N QUEENS ANCHORAGE - BE N
49.7,86,Bronx,CBE AMSTERDAM AVE (L/LVL) - MORRIS AVE
57.78,87,Staten Island,WSE N BLOOMUINGDALE ROAD - ARDEN AVENUE
11.18,651,Manhattan,GWB E LOWER LEVEL PLAZA - CBE E LOWER LEVEL AMSTERDAM AVE
15.53,365,Manhattan,West St S Spring St - BBT Manhattan Portal outbound
49.08,104,Bronx,MDE N RFK Bridge - 142nd St
37.9,197,Queens,TBB S MANHATTAN LIFT SPAN - QUEENS ANCHORAGE
8.69,481,Bronx,CBE W MORRIS AVE - GWB W AMSTERDAM AVE (L/LVL)
50.33,85,Bronx,CBE W MORRIS AVE - GWB W AMSTERDAM AVE (U/LVL)
50.33,85,Brooklyn,GOW N 92ND STREET - 7TH AVENUE
39.76,496,Manhattan,Westside Hwy S GWB - 57th St
12.42,503,Manhattan,12th ave @ 45th - 11 ave ganservoort st
37.28,120,Bronx,MDE S HARLEM RIVER PARK - GWB W AMSTERDAM AVENUE LOWER LEVEL
50.95,105,Queens,VWE S MP8.65 (Exit 13 Northern Blvd) - MP6.39 (Exit 11 Jewel Ave)
36.66,72,Manhattan,FDR S Catherine Slip - BKN Bridge Manhattan Side
57.16,78,Bronx,BE S CASTLE HILL AVENUE - STRATFORD AVENUE
54.68,101,Staten Island,SIE E CLOVE ROAD - FINGERBOARD ROAD
44.11,166,Manhattan,GWB E LOWER LEVEL PLAZA - CBE E LOWER LEVEL AMSTERDAM AVE
45.36,47,Staten Island,VNB W-SIE W SI GANTRY LOWER LEVEL - FINGERBOARD ROAD
42.87,49,Brooklyn,GOW S VNB W 92ND STREET - BKLYN GANTRY UPPER LEVEL
50.33,85,Bronx,CBE AMSTERDAM AVE (L/LVL) - MORRIS AVE
55.3,292,Queens,CIP NB GCP - TNB
42.87,50,Staten Island,VNB W-SIE W SI GANTRY LOWER LEVEL - FINGERBOARD ROAD
45.36,47,Brooklyn,GOW S VNB W 92ND STREET - BKLYN GANTRY UPPER LEVEL
4.34,502,Staten Island,SIE E VNB E FINGERBOARD ROAD - SI GANTRY LOWER LEVEL
52.81,51,Queens,TNB S Qns Anchorage - CIP S @ TNB
49.08,139,Manhattan,FDR N 25th - 63rd St
16.15,446,Queens,TBB N QUEENS ANCHORAGE - BE N
0.0,0,Staten Island,MLK S - SIE E WALKER STREET - WOOLEY AVENUE
31.68,233,Manhattan,GWB E LOWER LEVEL PLAZA - CBE E LOWER LEVEL AMSTERDAM AVE
50.33,127,Queens,Whitestone Expwy N Exit 14 (Linden Pl) - BWB N Queens Anchorage
53.43,86,Brooklyn,VNB W BROOKLYN GANTRY LOWER LEVEL - SI GANTRY LOWER LEVEL
47.84,96,Bronx,BWB S Toll Plaza - Queens Anchorage
53.43,47,Bronx,BWB N Toll Plaza - HRP N Lafayatte Ave
0.0,0,Staten Island,MLK S - SIE E WALKER STREET - WOOLEY AVENUE
47.22,46,Queens,CIP N ramp to TNB - TNB Queens Anchorage
35.41,157,Queens,Whitestone Expwy S Exit 14 (Linden Pl) - VWE S MP8.65 (Exit 13 Northern Blvd)
21.12,107,Manhattan,12th Ave S 57th St - 45th St
57.16,191,Queens,CIP S LIE - Hempstead Tpk
49.08,87,Bronx,CBE W MORRIS AVE - GWB W AMSTERDAM AVE (L/LVL)
51.57,83,Bronx,CBE E AMSTERDAM AVE(U/LVL) - MORRIS AVE
11.18,1091,Queens,Belt Pkwy W JFK Expressway - VWE N Jamaica Ave
52.81,135,Brooklyn,BQE S 46TH STREET - LEONARD STREET
41.01,57,Staten Island,SIE E VNB E FINGERBOARD ROAD - SI GANTRY LOWER LEVEL
0.0,0,Staten Island,MLK S - SIE W WALKER STREET - RICHMOND AVENUE
27.34,196,Queens,QMT W Toll Plaza - Manhattan Side
46.6,175,Queens,TBB N QUEENS ANCHORAGE - MANHATTAN LIFT SPAN
17.39,410,Queens,MDE S TBB EXIT RAMP - QUEENS ANCHORAGE
62.13,127,Staten Island,WSE S VICTORY BOULEVARD - ARDEN AVENUE
24.23,811,Manhattan,Westside Hwy S GWB - 57th St
6.83,339,Manhattan,TBB W - FDR S MANHATTAN TRUSS - E116TH STREET
64.0,81,Staten Island,WSE S ARDEN AVENUE - BLOOMINGDALE ROAD
45.36,57,Manhattan,BKN Bridge Manhattan Side - FDR N Catherine Slip
45.36,254,Queens,CIP N TNB - Whitestone Expwy S Exit 14 (Linden Pl)
37.28,57,Staten Island,VNB W-SIE W SI GANTRY LOWER LEVEL - FINGERBOARD ROAD
42.25,50,Staten Island,VNB W-SIE W SI GANTRY LOWER LEVEL - FINGERBOARD ROAD
25.47,154,Staten Island,SIE E RICHMOND AVENUE - WOOLEY AVENUE
54.68,301,Queens,CVE NB GCP - WILLETS PT BLVD
50.33,132,Staten Island,SIE E BRADLEY AVENUE - CLOVE ROAD
0.0,0,Manhattan,BQE N Atlantic Ave - BKN Bridge Manhattan Side
29.2,134,Queens,LIE WB LITTLE NECK PKWY - NB CIP
11.18,477,Queens,VWE S MP8.65 (Exit 13 Northern Blvd) - MP6.39 (Exit 11 Jewel Ave)
59.03,84,Staten Island,WSE N BLOOMUINGDALE ROAD - ARDEN AVENUE
0.0,0,Staten Island,SIE E-MLK N RICHMOND AVENUE - WALKER STREET
34.79,69,Manhattan,TBB W - FDR S MANHATTAN TRUSS - E116TH STREET
56.54,138,Staten Island,WSE N ARDEN AVENUE - VICTORY BLVD
0.0,0,Staten Island,MLK N WALKER STREET - NJ ROUTE 169
56.54,162,Queens,Laurelton Pkwy S @ SSP - Belt Pkwy W 182nd St
57.78,77,Bronx,HRP N LAFAYETTE AVENUE - E TREMONT AVENUE
50.95,41,Brooklyn,VNB E-GOWANUS N BROOKLYN GANTRY LOWER LEVEL - 92ND STREET
14.29,223,Manhattan,12th Ave N 40th - 57th St
55.92,294,Queens,CVE NB GCP - WILLETS PT BLVD
49.08,101,Queens,LIE E 84TH ST - 108TH ST
24.23,266,Queens,Whitestone Expwy N Exit 14 (Linden Pl) - BWB N Queens Anchorage
0.0,0,Manhattan,BQE N Atlantic Ave - MAN Bridge Manhattan Side
55.3,80,Bronx,HRP N LAFAYETTE AVENUE - E TREMONT AVENUE
17.39,301,Queens,VWE S MP8.65 (Exit 13 Northern Blvd) - MP6.39 (Exit 11 Jewel Ave)
3.1,1724,Manhattan,LINCOLN TUNNEL W CENTER TUBE NY - NJ
55.92,79,Bronx,HRP N LAFAYETTE AVENUE - E TREMONT AVENUE
41.01,52,Staten island,VNB W-SIE W SI GANTRY UPPER LEVEL - FINGERBOARD ROAD
46.6,95,Bronx,HRP N LAFAYETTE AVENUE - E TREMONT AVENUE
58.4,158,Queens,Laurelton Pkwy S @ SSP - Belt Pkwy W 182nd St
10.56,422,Brooklyn,VNB E SI GANTRY UPPER LEVEL - BROOKLYN GANTRY UPPER LEVEL
0.0,0,Manhattan,BQE N Atlantic Ave - MAN Bridge Manhattan Side
11.8,266,Manhattan,12th Ave N 40th - 57th St
12.42,462,Manhattan,West St S Spring St - BBT Manhattan Portal outbound
23.61,114,Queens,TNB S Qns Anchorage - CIP S @ TNB
20.5,465,Queens,LIE WB LITTLE NECK PKWY - NB CVE
0.0,0,Bronx,BRP S FORDHAM ROAD - WATSON AVENUE
40.38,200,Queens,TBB N QUEENS ANCHORAGE - MANHATTAN LIFT SPAN
47.84,142,Queens,TNB S Toll Plaza - Queens Anchorage
22.99,114,Manhattan,FDR S Catherine Slip - BKN Bridge Manhattan Side
52.19,137,Brooklyn,BQE N LEONARD STREET - 46TH STREET
54.05,86,Bronx,BWB S Toll Plaza - Queens Anchorage
14.29,227,Manhattan,11th ave s ganservoort - west st @ spring st
37.28,42,Staten Island,SIE E WOOLEY AVENUE - BRADLEY AVENUE
41.63,193,Queens,TBB N QUEENS ANCHORAGE - MANHATTAN LIFT SPAN
4.97,755,Brooklyn,BQE S - GOW S ALTANTIC AVENUE - 9TH STREET
44.73,123,Bronx,BRP N WATSON AVENUE - FORDHAM ROAD
55.92,28,Staten Island,SIE E WOOLEY AVENUE - BRADLEY AVENUE
0.0,0,Staten Island,MLK N WALKER STREET - NJ ROUTE 169
55.92,83,Bronx,BE N STRATFORD AVENUE - CASTLE HILL AVE
48.46,44,Brooklyn,VNB E-GOWANUS N BROOKLYN GANTRY LOWER LEVEL - 92ND STREET
30.44,176,Manhattan,QMT E Manhattan Side - Toll Plaza
56.54,47,Queens,TNB S Qns Anchorage - CIP S @ TNB
55.92,28,Staten Island,SIE E WOOLEY AVENUE - BRADLEY AVENUE
0.0,0,Staten Island,MLK S - SIE E WALKER STREET - WOOLEY AVENUE
49.08,54,Staten Island,SIE E SOUTH AVENUE - RICHMOND AVENUE
22.99,187,Brooklyn,GOW N 92ND STREET - 7TH AVENUE
20.5,271,Queens,Whitestone Expwy S Exit 14 (Linden Pl) - VWE S MP8.65 (Exit 13 Northern Blvd)
50.95,90,Brooklyn,VNB E SI GANTRY LOWER LEVEL - BROOLKYN GANTRY LOWER LEVEL
45.98,101,Bronx,BE N STRATFORD AVENUE - CASTLE HILL AVE
51.57,125,Queens,Whitestone Expwy N Exit 14 (Linden Pl) - BWB N Queens Anchorage
40.38,491,Manhattan,Westside Hwy N 57th St - GWB
52.81,146,Staten Island,440 N FRANCIS STREET - WSE N TYRELLAN AVE
0.0,0,Staten Island,MLK S - SIE W WALKER STREET - RICHMOND AVENUE
1.24,4071,Manhattan,BBT E Manhattan Portal - Toll Plaza
45.98,92,Bronx,CBE W MORRIS AVE - GWB W AMSTERDAM AVE (U/LVL)
31.68,139,Bronx,BE S CASTLE HILL AVENUE - STRATFORD AVENUE
21.74,243,Queens,VWE S MP8.65 (Exit 13 Northern Blvd) - MP6.39 (Exit 11 Jewel Ave)
56.54,47,Queens,TNB S Qns Anchorage - CIP S @ TNB
54.05,141,Staten Island,440 N FRANCIS STREET - WSE N TYRELLAN AVE
46.6,99,Brooklyn,VNB E SI GANTRY UPPER LEVEL - BROOKLYN GANTRY UPPER LEVEL
16.77,195,Manhattan,12th Ave N 40th - 57th St
55.3,297,Queens,CVE NB GCP - WILLETS PT BLVD
55.92,172,Queens,LIE WB LITTLE NECK PKWY - NB CVE
0.0,0,Manhattan,LINCOLN TUNNEL E CENTER TUBE NJ - NY
21.74,202,Bronx,MDE S HARLEM RIVER PARK - GWB W AMSTERDAM AVENUE LOWER LEVEL
26.09,206,Manhattan,QMT E Manhattan Side - Toll Plaza
28.58,80,Staten Island,SIE E VNB E FINGERBOARD ROAD - SI GANTRY LOWER LEVEL
27.34,285,Queens,Laurelton Pkwy N @ SSP - CIP N Hempstead Tpk
48.46,110,Queens,VWE N MP6.39 (Exit 11 Jewel Ave) - MP8.65 (Exit 13 Northern Blvd)
59.03,197,Queens,CIP N TNB - Whitestone Expwy S Exit 14 (Linden Pl)
34.17,124,Brooklyn,GOW N 92ND STREET - 7TH AVENUE
55.92,289,Queens,CIP NB GCP - TNB
0.0,0,Queens,CIP N Hempstead Tpk - LIE
2.48,3032,Bronx,CBE W L/LE V AMSTERDAM AVE - I 95 S LOC LNS
0.0,0,Staten Island,SIE W - MLK N WOOLEY AVENUE - WLAKER STREET
49.7,154,Staten Island,440 N FRANCIS STREET - WSE N TYRELLAN AVE
61.51,269,Queens,CVE NB GCP - WILLETS PT BLVD
41.63,179,Queens,TBB S MANHATTAN LIFT SPAN - QUEENS ANCHORAGE
45.36,179,Queens,TBB N QUEENS ANCHORAGE - MANHATTAN LIFT SPAN
0.0,0,Bronx,BRP S FORDHAM ROAD - WATSON AVENUE
7.45,858,Manhattan,12th ave @ 45th - 11 ave ganservoort st
44.73,359,Queens,CIP NB GCP - TNB
59.65,137,Bronx,I-87 NYST S Exit 1 - MDE S Van Cortlandt Park
32.93,71,Manhattan,FDR N - TBB E 116TH STREET - MANHATTAN TRUSS
0.0,0,Manhattan,BQE N Atlantic Ave - MAN Bridge Manhattan Side
43.49,106,Bronx,BWB S Toll Plaza - Queens Anchorage
41.01,129,Queens,VWE N MP8.64 (Exit 13 Northern Blvd) - Whitestone Expwy Exit 14 (Linden Pl)
46.6,140,Queens,TNB S Toll Plaza - Queens Anchorage
42.25,51,Staten Island,VNB W-SIE W SI GANTRY LOWER LEVEL - FINGERBOARD ROAD
13.04,249,Manhattan,11th ave s ganservoort - west st @ spring st
0.0,0,Manhattan,BQE N Atlantic Ave - MAN Bridge Manhattan Side
29.82,141,Bronx,CBE E AMSTERDAM AVE(U/LVL) - MORRIS AVE
47.22,60,Staten Island,WSE S SOUTH AVENUE - VICTORY BOULEVARD
57.78,102,Staten Island,SIE W FINGERBOARD ROAD - CLOVE ROAD
45.36,55,Bronx,CBE E TAYLOR AVENUE - CASTLE HILL AVENUE
41.63,106,Bronx,BE S CASTLE HILL AVENUE - STRATFORD AVENUE
26.09,385,Manhattan,FDR N Catherine Slip - 25th St
52.19,88,Brooklyn,VNB W BROOKLYN GANTRY LOWER LEVEL - SI GANTRY LOWER LEVEL
13.67,602,Bronx,CBE W L/LE V AMSTERDAM AVE - I 95 S LOC LNS
41.63,51,Staten island,VNB W-SIE W SI GANTRY UPPER LEVEL - FINGERBOARD ROAD
57.78,159,Queens,Laurelton Pkwy S @ SSP - Belt Pkwy W 182nd St
19.26,229,Bronx,MDE S HARLEM RIVER PARK - GWB W AMSTERDAM AVENUE LOWER LEVEL
16.15,287,Bronx,BWB S Toll Plaza - Queens Anchorage
34.79,255,Queens,VWE N MP4.63 (Exit 6 - Jamaica Ave) - MP6.39 (Exit 11 Jewel Ave)
46.6,46,Brooklyn,VNB E-GOWANUS N BROOKLYN GANTRY UPPER LEVEL - 92ND STREET
21.12,335,Brooklyn,BQE S 46TH STREET - LEONARD STREET
1.24,6648,Bronx,CBE W L/LE V AMSTERDAM AVE - I 95 S LOC LNS
55.3,100,Staten Island,SIE E CLOVE ROAD - FINGERBOARD ROAD
32.31,317,Manhattan,FDR N Catherine Slip - 25th St
45.36,151,Queens,TNB N Queens Anchorage - Toll Plaza
0.0,0,Staten Island,MLK S - SIE E WALKER STREET - WOOLEY AVENUE
43.49,106,Queens,BWB N Queens Anchorage - Toll Plaza
10.56,309,Manhattan,12th Ave N 40th - 57th St
47.22,112,Queens,VWE N MP8.64 (Exit 13 Northern Blvd) - Whitestone Expwy Exit 14 (Linden Pl)
47.84,213,Manhattan,FDR N Catherine Slip - 25th St
4.34,1476,Manhattan,BBT W Toll Plaza - Manhattan Portal
54.68,143,Staten Island,WSE S VICTORY BOULEVARD - ARDEN AVENUE
41.01,263,Queens,VWE S MP2.66 (Exit 2 Rockaway Blvd) - Belt Pkwy E 182nd St
49.7,112,Queens,Whitestone Expwy S Exit 14 (Linden Pl) - VWE S MP8.65 (Exit 13 Northern Blvd)
54.68,26,Staten Island,SIE W BRADLEY AVENUE - WOOLEY AVENUE
52.81,81,Bronx,CBE E AMSTERDAM AVE(U/LVL) - MORRIS AVE
4.34,706,Manhattan,11th ave s ganservoort - west st @ spring st
47.22,107,Bronx,MDE N RFK Bridge - 142nd St
0.0,0,Manhattan,BQE N Atlantic Ave - BKN Bridge Manhattan Side
23.61,101,Manhattan,TBB W - FDR S MANHATTAN TRUSS - E116TH STREET
0.0,0,Queens,TNB N Queens Anchorage - Toll Plaza
37.9,104,Queens,LIE WB LITTLE NECK PKWY - NB CIP
0.0,0,Manhattan,West St S Spring St - BBT Manhattan Portal outbound
57.16,44,Bronx,CBE E TAYLOR AVENUE - CASTLE HILL AVENUE
39.14,54,Staten island,VNB W-SIE W SI GANTRY UPPER LEVEL - FINGERBOARD ROAD
57.16,102,Staten Island,SIE W FINGERBOARD ROAD - CLOVE ROAD
46.6,234,Queens,CVE NB LIE - WILLETS PT BLVD
19.26,231,Bronx,MDE S HARLEM RIVER PARK - GWB W AMSTERDAM AVENUE LOWER LEVEL
50.33,50,Bronx,CBE E TAYLOR AVENUE - CASTLE HILL AVENUE
57.16,78,Bronx,HRP N LAFAYETTE AVENUE - E TREMONT AVENUE
22.36,289,Queens,BWB S Queens Anchorage - WSE S Exit 14 (Linden Pl)
26.09,316,Bronx,CBE W U/LEV AMSTERDAM AVE - I95 S EXP LNS
57.78,159,Queens,Laurelton Pkwy S @ SSP - Belt Pkwy W 182nd St
16.77,380,Manhattan,12th ave @ 45th - 11 ave ganservoort st
36.66,296,Queens,CVE NB LIE - WILLETS PT BLVD
5.59,400,Manhattan,12th Ave S 57th St - 45th St
54.05,82,Bronx,BE S CASTLE HILL AVENUE - STRATFORD AVENUE
50.95,116,Staten Island,SIE W FINGERBOARD ROAD - CLOVE ROAD
19.26,374,Queens,TBB N QUEENS ANCHORAGE - BE N
13.04,242,Manhattan,12th Ave N 40th - 57th St
59.03,112,Staten Island,SIE E BRADLEY AVENUE - CLOVE ROAD
58.4,134,Staten Island,WSE N ARDEN AVENUE - VICTORY BLVD
51.57,160,Bronx,CBE E CASTLE HILL AVE - BE N WATERBURY AVE
0.0,0,Manhattan,LINCOLN TUNNEL E CENTER TUBE NJ - NY
33.55,159,Queens,QMT W Toll Plaza - Manhattan Side
51.57,148,Staten Island,440 N FRANCIS STREET - WSE N TYRELLAN AVE
19.88,340,Manhattan,FDR N 25th - 63rd St
52.19,102,Queens,VWE N MP8.64 (Exit 13 Northern Blvd) - Whitestone Expwy Exit 14 (Linden Pl)
50.33,165,Bronx,CBE E CASTLE HILL AVE - BE N WATERBURY AVE
50.95,84,Bronx,CBE AMSTERDAM AVE (L/LVL) - MORRIS AVE
47.84,188,Queens,VWE S MP6.39 (Exit 11 Jewel Ave) - MP4.63 (Exit 6 Jamaica Ave)
8.69,812,Queens,TBB N QUEENS ANCHORAGE - BE N
4.97,411,Manhattan,12th Ave S 57th St - 45th St
40.38,52,Staten Island,VNB W-SIE W SI GANTRY LOWER LEVEL - FINGERBOARD ROAD
54.05,213,Queens,CIP N TNB - Whitestone Expwy S Exit 14 (Linden Pl)
45.36,211,Queens,LIE WB LITTLE NECK PKWY - NB CVE
52.19,132,Queens,VWE S MP4.63 (Exit 6 Jamaica Ave) - MP2.66 (Exit 2 Roackaway Blvd)
22.36,120,Queens,TNB S Qns Anchorage - CIP S @ TNB
57.16,116,Staten Island,SIE E BRADLEY AVENUE - CLOVE ROAD
41.01,51,Staten island,VNB W-SIE W SI GANTRY UPPER LEVEL - FINGERBOARD ROAD
47.22,53,Bronx,BWB N Toll Plaza - HRP N Lafayatte Ave
0.0,0,Bronx,BRP S FORDHAM ROAD - WATSON AVENUE
14.29,369,Manhattan,QMT E Manhattan Side - Toll Plaza
51.57,90,Brooklyn,VNB E SI GANTRY UPPER LEVEL - BROOKLYN GANTRY UPPER LEVEL
60.89,85,Staten Island,WSE S ARDEN AVENUE - BLOOMINGDALE ROAD
59.65,110,Staten Island,SIE E BRADLEY AVENUE - CLOVE ROAD
41.01,129,Queens,VWE N MP8.64 (Exit 13 Northern Blvd) - Whitestone Expwy Exit 14 (Linden Pl)
0.0,0,Brooklyn,GOW S 9TH STREET - 7TH AVENUE
48.46,109,Queens,VWE N MP8.64 (Exit 13 Northern Blvd) - Whitestone Expwy Exit 14 (Linden Pl)
26.71,89,Manhattan,FDR N - TBB E 116TH STREET - MANHATTAN TRUSS
51.57,89,Brooklyn,VNB W BROOKLYN GANTRY UPPER LEVEL - SI GANTRY UPPER LEVEL
41.01,65,Manhattan,FDR S Catherine Slip - BKN Bridge Manhattan Side
49.7,50,Bronx,BWB N Toll Plaza - HRP N Lafayatte Ave
52.19,131,Queens,TNB N Queens Anchorage - Toll Plaza
0.0,0,Manhattan,Westside Hwy N 57th St - GWB
54.05,29,Staten Island,SIE E WOOLEY AVENUE - BRADLEY AVENUE
49.08,43,Brooklyn,GOW S VNB W 92ND STREET - BKLYN GANTRY LOWER LEVEL
14.91,373,Manhattan,LINCOLN TUNNEL E CENTER TUBE NJ - NY
48.46,198,Queens,LIE WB LITTLE NECK PKWY - NB CVE
43.49,452,Manhattan,Westside Hwy N 57th St - GWB
26.09,389,Manhattan,FDR S 25th St - Catherine Slip
52.19,123,Queens,BWB S Queens Anchorage - WSE S Exit 14 (Linden Pl)
60.89,52,Staten Island,WSE N VICTORY BLVD - SOUTH AVENUE
49.08,157,Staten Island,440 N FRANCIS STREET - WSE N TYRELLAN AVE
61.51,84,Staten Island,WSE S ARDEN AVENUE - BLOOMINGDALE ROAD
29.82,178,Manhattan,QMT E Manhattan Side - Toll Plaza
11.18,482,Manhattan,11th ave n ganservoort - 12th ave @ 40th st
65.24,79,Staten Island,WSE S ARDEN AVENUE - BLOOMINGDALE ROAD
47.84,336,Queens,CIP NB GCP - TNB
53.43,143,Staten Island,440 N FRANCIS STREET - WSE N TYRELLAN AVE
42.87,125,Queens,VWE S MP8.65 (Exit 13 Northern Blvd) - MP6.39 (Exit 11 Jewel Ave)
55.92,108,Staten Island,WSE N-SIE E SOUTH AVENUE - SOUTH AVENUE
20.5,257,Manhattan,11th ave n ganservoort - 12th ave @ 40th st
33.55,72,Manhattan,TBB W - FDR S MANHATTAN TRUSS - E116TH STREET
9.32,242,Manhattan,12th Ave S 57th St - 45th St
49.7,85,Brooklyn,GOW S 7TH AVENUE - 92ND STREET
9.32,529,Queens,LIE W 108TH ST - 84TH ST
45.36,241,Queens,CVE NB LIE - WILLETS PT BLVD
11.8,377,Bronx,BE S CASTLE HILL AVENUE - STRATFORD AVENUE
48.46,141,Queens,TNB S Toll Plaza - Queens Anchorage
0.0,0,Staten Island,SIE E-MLK N RICHMOND AVENUE - WALKER STREET
25.47,323,Bronx,CBE W U/LEV AMSTERDAM AVE - I95 S EXP LNS
52.81,95,Queens,LIE E 84TH ST - 108TH ST
19.88,277,Queens,Whitestone Expwy S Exit 14 (Linden Pl) - VWE S MP8.65 (Exit 13 Northern Blvd)
0.0,0,Bronx,CBE W L/LE V AMSTERDAM AVE - I 95 S LOC LNS
49.08,113,Queens,Whitestone Expwy S Exit 14 (Linden Pl) - VWE S MP8.65 (Exit 13 Northern Blvd)
44.11,55,Manhattan,TBB W - FDR S MANHATTAN TRUSS - E116TH STREET
54.05,138,Staten Island,WSE N TYRELLAN AVENUE - BLOOMINGDALE ROAD
16.77,381,Manhattan,12th ave @ 45th - 11 ave ganservoort st
56.54,69,Staten Island,SIE E RICHMOND AVENUE - WOOLEY AVENUE
19.26,331,Manhattan,BBT W Toll Plaza - Manhattan Portal
45.98,120,Staten Island,SIE E CLOVE ROAD - FINGERBOARD ROAD
14.29,747,Queens,CIP N Hempstead Tpk - LIE
51.57,89,Bronx,BWB S Toll Plaza - Queens Anchorage
51.57,103,Queens,VWE N MP8.64 (Exit 13 Northern Blvd) - Whitestone Expwy Exit 14 (Linden Pl)
0.0,0,Manhattan,11th ave s ganservoort - west st @ spring st
38.52,55,Staten Island,VNB W-SIE W SI GANTRY LOWER LEVEL - FINGERBOARD ROAD
16.77,154,Manhattan,FDR S Catherine Slip - BKN Bridge Manhattan Side
27.34,332,Queens,Laurelton Pkwy S @ SSP - Belt Pkwy W 182nd St
0.0,0,Staten Island,SIE E-MLK N RICHMOND AVENUE - WALKER STREET
49.08,94,Bronx,BE N STRATFORD AVENUE - CASTLE HILL AVE
34.17,161,Manhattan,LINCOLN TUNNEL W CENTER TUBE NY - NJ
14.29,483,Brooklyn,BQE S 46TH STREET - LEONARD STREET
0.0,0,Bronx,CBE W L/LE V AMSTERDAM AVE - I 95 S LOC LNS
42.25,50,Staten island,VNB W-SIE W SI GANTRY UPPER LEVEL - FINGERBOARD ROAD
40.38,294,Queens,CIP N LIE ramp - TNB
3.1,679,Manhattan,12th Ave S 57th St - 45th St
48.46,147,Brooklyn,BQE S 46TH STREET - LEONARD STREET
48.46,158,Staten Island,WSE S TYRELLAN AVENUE - 440 S FRANCIS STREET
4.97,1536,Bronx,CBE W L/LE V AMSTERDAM AVE - I 95 S LOC LNS
44.11,36,Staten Island,SIE E WOOLEY AVENUE - BRADLEY AVENUE
46.6,54,Bronx,HRP S Lafayette Ave - BWB S Toll Plaza
44.11,52,Staten Island,SIE E VNB E FINGERBOARD ROAD - SI GANTRY UPPER LEVEL
31.06,221,Queens,VWE S MP4.63 (Exit 6 Jamaica Ave) - MP2.66 (Exit 2 Roackaway Blvd)
51.57,107,Staten Island,SIE E CLOVE ROAD - FINGERBOARD ROAD
54.05,29,Staten Island,SIE E WOOLEY AVENUE - BRADLEY AVENUE
3.1,1752,Manhattan,LINCOLN TUNNEL W CENTER TUBE NY - NJ
0.0,0,Staten Island,ROUTE 169 S - MLK WALKER STREET
58.4,112,Staten Island,SIE E BRADLEY AVENUE - CLOVE ROAD
50.95,126,Queens,BWB S Queens Anchorage - WSE S Exit 14 (Linden Pl)
43.49,98,Bronx,CBE E AMSTERDAM AVE(U/LVL) - MORRIS AVE
25.47,327,Bronx,CBE W U/LEV AMSTERDAM AVE - I95 S EXP LNS
46.6,53,Bronx,BWB N Toll Plaza - HRP N Lafayatte Ave
45.98,92,Bronx,CBE AMSTERDAM AVE (L/LVL) - MORRIS AVE
45.36,142,Queens,Whitestone Expwy N Exit 14 (Linden Pl) - BWB N Queens Anchorage
62.13,267,Queens,CVE NB GCP - WILLETS PT BLVD
60.27,135,Bronx,I-87 NYST S Exit 1 - MDE S Van Cortlandt Park
46.6,155,Queens,MDE S TBB EXIT RAMP - QUEENS ANCHORAGE
51.57,212,Queens,CIP S LIE - Hempstead Tpk
0.0,0,Staten Island,MLK S - SIE E WALKER STREET - WOOLEY AVENUE
0.0,0,Staten Island,MLK S - SIE W WALKER STREET - RICHMOND AVENUE
58.4,276,Queens,CIP NB GCP - TNB
4.34,1154,Manhattan,LINCOLN TUNNEL W CENTER TUBE NY - NJ
21.74,202,Bronx,BE S CASTLE HILL AVENUE - STRATFORD AVENUE
13.04,244,Manhattan,12th Ave N 40th - 57th St
59.65,84,Staten Island,WSE N BLOOMUINGDALE ROAD - ARDEN AVENUE
50.95,52,Staten Island,SIE E SOUTH AVENUE - RICHMOND AVENUE
43.49,186,Queens,TBB N QUEENS ANCHORAGE - MANHATTAN LIFT SPAN
5.59,390,Manhattan,12th Ave S 57th St - 45th St
22.99,304,Brooklyn,BQE N LEONARD STREET - 46TH STREET
52.19,155,Bronx,I-87 NYST S Exit 1 - MDE S Van Cortlandt Park
50.33,92,Brooklyn,VNB W BROOKLYN GANTRY UPPER LEVEL - SI GANTRY UPPER LEVEL
57.78,80,Bronx,BE N STRATFORD AVENUE - CASTLE HILL AVE
36.66,541,Manhattan,Westside Hwy S GWB - 57th St
15.53,167,Staten Island,SIE E SOUTH AVENUE - RICHMOND AVENUE
21.12,127,Queens,TNB S Qns Anchorage - CIP S @ TNB
58.4,282,Queens,CVE NB GCP - WILLETS PT BLVD
56.54,69,Staten Island,SIE W WOOLEY AVENUE - RICHMOND AVENUE
50.33,28,Staten Island,SIE W BRADLEY AVENUE - WOOLEY AVENUE
49.08,87,Brooklyn,GOW S 7TH AVENUE - 92ND STREET
40.38,185,Queens,TBB S MANHATTAN LIFT SPAN - QUEENS ANCHORAGE
43.49,127,Bronx,BRP N WATSON AVENUE - FORDHAM ROAD
0.0,0,Queens,Laurelton Pkwy N @ SSP - CIP N Hempstead Tpk
31.06,327,Manhattan,FDR N Catherine Slip - 25th St
44.11,182,Queens,TBB N QUEENS ANCHORAGE - MANHATTAN LIFT SPAN
36.03,153,Queens,Whitestone Expwy S Exit 14 (Linden Pl) - VWE S MP8.65 (Exit 13 Northern Blvd)
41.63,55,Staten Island,SIE E VNB E FINGERBOARD ROAD - SI GANTRY UPPER LEVEL
0.0,0,Staten Island,SIE E-MLK N RICHMOND AVENUE - WALKER STREET
14.91,366,Manhattan,LINCOLN TUNNEL E CENTER TUBE NJ - NY
42.87,54,Staten Island,SIE E VNB E FINGERBOARD ROAD - SI GANTRY LOWER LEVEL
42.25,275,Queens,CIP N TNB - Whitestone Expwy S Exit 14 (Linden Pl)
50.33,106,Queens,VWE N MP6.39 (Exit 11 Jewel Ave) - MP8.65 (Exit 13 Northern Blvd)
41.01,287,Queens,CIP N LIE ramp - TNB
52.81,174,Queens,Laurelton Pkwy S @ SSP - Belt Pkwy W 182nd St
49.08,147,Queens,TBB N QUEENS ANCHORAGE - BE N
52.19,55,Staten Island,WSE S SOUTH AVENUE - VICTORY BOULEVARD
3.72,561,Manhattan,12th Ave S 57th St - 45th St
48.46,333,Queens,CIP NB GCP - TNB
0.0,0,Manhattan,LINCOLN TUNNEL E CENTER TUBE NJ - NY
36.66,64,Manhattan,FDR N - TBB E 116TH STREET - MANHATTAN TRUSS
24.23,124,Queens,BE S TBB EXIT RAMP - MANHATTAN LIFT SPAN
58.4,140,Bronx,I-87 NYST S Exit 1 - MDE S Van Cortlandt Park
55.3,29,Staten Island,SIE E WOOLEY AVENUE - BRADLEY AVENUE
25.47,327,Bronx,CBE W U/LEV AMSTERDAM AVE - I95 S EXP LNS
11.18,501,Manhattan,West St S Spring St - BBT Manhattan Portal outbound
21.12,107,Manhattan,12th Ave S 57th St - 45th St
57.78,86,Queens,LIE E 84TH ST - 108TH ST
49.7,93,Brooklyn,VNB W BROOKLYN GANTRY UPPER LEVEL - SI GANTRY UPPER LEVEL
0.0,0,Staten Island,SIE E-MLK N RICHMOND AVENUE - WALKER STREET
24.85,155,Queens,LIE WB LITTLE NECK PKWY - NB CIP
6.83,888,Queens,Whitestone Expwy N Exit 14 (Linden Pl) - BWB N Queens Anchorage
13.67,234,Manhattan,11th ave s ganservoort - west st @ spring st
54.68,137,Staten Island,WSE N TYRELLAN AVENUE - BLOOMINGDALE ROAD
50.33,393,Manhattan,Westside Hwy N 57th St - GWB
36.66,150,Manhattan,LINCOLN TUNNEL E SOUTH TUBE - NJ - NY
53.43,87,Brooklyn,VNB W BROOKLYN GANTRY UPPER LEVEL - SI GANTRY UPPER LEVEL
0.0,0,Brooklyn,BQE S - GOW S ALTANTIC AVENUE - 9TH STREET
0.0,0,Queens,BE S TBB EXIT RAMP - QUEENS ANCHORAGE
6.21,859,Manhattan,LINCOLN TUNNEL E CENTER TUBE NJ - NY
40.38,110,Bronx,BE S CASTLE HILL AVENUE - STRATFORD AVENUE
25.47,281,Brooklyn,BQE S 46TH STREET - LEONARD STREET
0.0,0,Staten Island,ROUTE 169 S - MLK WALKER STREET
55.3,135,Bronx,BE N Castle Hill Avenue - Griswold Ave
0.0,0,Manhattan,BQE N Atlantic Ave - MAN Bridge Manhattan Side
57.16,121,Staten Island,SIE W - WSE S SOUTH AVENUE - SOUTH AVENUE
31.06,138,Bronx,CBE AMSTERDAM AVE (L/LVL) - MORRIS AVE
57.16,143,Bronx,I-87 NYST S Exit 1 - MDE S Van Cortlandt Park
43.49,164,Brooklyn,BQE N LEONARD STREET - 46TH STREET
36.66,58,Brooklyn,VNB E-GOWANUS N BROOKLYN GANTRY UPPER LEVEL - 92ND STREET
43.49,49,Brooklyn,GOW S VNB W 92ND STREET - BKLYN GANTRY UPPER LEVEL
47.84,44,Brooklyn,VNB E-GOWANUS N BROOKLYN GANTRY LOWER LEVEL - 92ND STREET
53.43,103,Staten Island,SIE E CLOVE ROAD - FINGERBOARD ROAD
18.64,289,Manhattan,LINCOLN TUNNEL W CENTER TUBE NY - NJ
64.0,252,Queens,CIP NB GCP - TNB
47.22,54,Manhattan,BKN Bridge Manhattan Side - FDR N Catherine Slip
57.16,94,Queens,VWE N MP8.64 (Exit 13 Northern Blvd) - Whitestone Expwy Exit 14 (Linden Pl)
11.8,362,Bronx,CBE AMSTERDAM AVE (L/LVL) - MORRIS AVE
0.0,0,Manhattan,Westside Hwy N 57th St - GWB
54.68,200,Queens,CVE NB LIE - WILLETS PT BLVD
14.29,402,Manhattan,West St S Spring St - BBT Manhattan Portal outbound
54.05,138,Staten Island,WSE N TYRELLAN AVENUE - BLOOMINGDALE ROAD
15.53,336,Manhattan,QMT E Manhattan Side - Toll Plaza
54.05,296,Queens,CIP NB GCP - TNB
27.34,250,Queens,VWE S MP4.63 (Exit 6 Jamaica Ave) - MP2.66 (Exit 2 Roackaway Blvd)
54.05,102,Staten Island,SIE E CLOVE ROAD - FINGERBOARD ROAD
0.0,0,Manhattan,BQE N Atlantic Ave - BKN Bridge Manhattan Side
45.36,434,Manhattan,Westside Hwy S GWB - 57th St
10.56,450,Queens,LIE W 108TH ST - 84TH ST
13.67,830,Queens,CIP N TNB - Whitestone Expwy S Exit 14 (Linden Pl)
46.6,205,Queens,LIE WB LITTLE NECK PKWY - NB CVE
54.68,295,Queens,CIP NB GCP - TNB
48.46,51,Bronx,BWB N Toll Plaza - HRP N Lafayatte Ave
0.0,0,Manhattan,Westside Hwy N 57th St - GWB
7.45,824,Manhattan,12th ave @ 45th - 11 ave ganservoort st
20.5,256,Queens,QMT W Toll Plaza - Manhattan Side
52.81,81,Bronx,CBE W MORRIS AVE - GWB W AMSTERDAM AVE (U/LVL)
54.05,150,Bronx,I-87 NYST S Exit 1 - MDE S Van Cortlandt Park
47.84,56,Staten Island,SIE E SOUTH AVENUE - RICHMOND AVENUE
45.98,55,Bronx,CBE E TAYLOR AVENUE - CASTLE HILL AVENUE
53.43,53,Staten Island,WSE S SOUTH AVENUE - VICTORY BOULEVARD
45.36,102,Brooklyn,VNB E SI GANTRY UPPER LEVEL - BROOKLYN GANTRY UPPER LEVEL
49.7,108,Queens,VWE N MP6.39 (Exit 11 Jewel Ave) - MP8.65 (Exit 13 Northern Blvd)
20.5,335,Queens,VWE S MP4.63 (Exit 6 Jamaica Ave) - MP2.66 (Exit 2 Roackaway Blvd)
0.0,0,Manhattan,BQE N Atlantic Ave - BKN Bridge Manhattan Side
59.65,83,Queens,LIE E 84TH ST - 108TH ST
54.05,86,Brooklyn,VNB W BROOKLYN GANTRY UPPER LEVEL - SI GANTRY UPPER LEVEL
42.87,71,Queens,BE S TBB EXIT RAMP - MANHATTAN LIFT SPAN
0.0,0,Queens,BE S TBB EXIT RAMP - QUEENS ANCHORAGE
24.23,304,Bronx,BE S Griswold - Castle Hill Avenue
18.01,495,Queens,VWE S MP6.39 (Exit 11 Jewel Ave) - MP4.63 (Exit 6 Jamaica Ave)
33.55,159,Queens,QMT W Toll Plaza - Manhattan Side
0.0,0,Manhattan,11th ave s ganservoort - west st @ spring st
9.94,496,Staten Island,WSE N BLOOMUINGDALE ROAD - ARDEN AVENUE
51.57,149,Staten Island,WSE S TYRELLAN AVENUE - 440 S FRANCIS STREET
57.16,96,Staten Island,SIE E CLOVE ROAD - FINGERBOARD ROAD
0.0,0,Queens,BE S TBB EXIT RAMP - QUEENS ANCHORAGE
1.24,3309,Manhattan,LINCOLN TUNNEL E CENTER TUBE NJ - NY
6.83,607,Bronx,MDE S HARLEM RIVER PARK - GWB W AMSTERDAM AVENUE UPPER LEVEL
52.19,176,Queens,Laurelton Pkwy S @ SSP - Belt Pkwy W 182nd St
11.18,491,Manhattan,LINCOLN TUNNEL W CENTER TUBE NY - NJ
34.17,270,Queens,Laurelton Pkwy S @ SSP - Belt Pkwy W 182nd St
45.98,47,Queens,CIP N ramp to TNB - TNB Queens Anchorage
1.24,4142,Manhattan,West St S Spring St - BBT Manhattan Portal outbound
22.36,336,Queens,CIP S Hempstead Tpk - Laurelton Pkwy @ SSP
0.0,0,Queens,BE S TBB EXIT RAMP - QUEENS ANCHORAGE
55.3,291,Queens,CIP NB GCP - TNB
25.47,281,Brooklyn,BQE N LEONARD STREET - 46TH STREET
42.87,270,Queens,CIP N TNB - Whitestone Expwy S Exit 14 (Linden Pl)
53.43,217,Queens,CIP N TNB - Whitestone Expwy S Exit 14 (Linden Pl)
35.41,215,Staten Island,WSE S TYRELLAN AVENUE - 440 S FRANCIS STREET
45.98,46,Brooklyn,VNB E-GOWANUS N BROOKLYN GANTRY UPPER LEVEL - 92ND STREET
46.6,91,Bronx,CBE W MORRIS AVE - GWB W AMSTERDAM AVE (L/LVL)
58.4,139,Bronx,I-87 NYST S Exit 1 - MDE S Van Cortlandt Park
47.84,112,Queens,VWE N MP6.39 (Exit 11 Jewel Ave) - MP8.65 (Exit 13 Northern Blvd)
5.59,1055,Manhattan,12th ave @ 45th - 11 ave ganservoort st
24.23,291,Brooklyn,BQE S 46TH STREET - LEONARD STREET
15.53,347,Bronx,BRP N WATSON AVENUE - FORDHAM ROAD
12.42,392,Queens,LIE E 84TH ST - 108TH ST
22.99,220,Bronx,MDE N RFK Bridge - 142nd St
42.25,171,Queens,MDE S TBB EXIT RAMP - QUEENS ANCHORAGE
6.83,818,Manhattan,West St S Spring St - BBT Manhattan Portal outbound
0.0,0,Brooklyn,GOW S 9TH STREET - 7TH AVENUE
52.19,144,Bronx,BE S Griswold - Castle Hill Avenue
56.54,47,Queens,TNB S Qns Anchorage - CIP S @ TNB
54.05,132,Brooklyn,BQE N LEONARD STREET - 46TH STREET
58.4,282,Queens,CVE NB GCP - WILLETS PT BLVD
11.18,431,Queens,LIE E 84TH ST - 108TH ST
0.0,0,Manhattan,LINCOLN TUNNEL E CENTER TUBE NJ - NY
57.78,210,Queens,Belt Pkwy W JFK Expressway - VWE N Jamaica Ave
60.27,135,Bronx,I-87 NYST S Exit 1 - MDE S Van Cortlandt Park
52.19,89,Brooklyn,VNB W BROOKLYN GANTRY UPPER LEVEL - SI GANTRY UPPER LEVEL
59.03,125,Manhattan,GWB E LOWER LEVEL PLAZA - CBE E LOWER LEVEL AMSTERDAM AVE
0.0,0,Manhattan,BQE N Atlantic Ave - MAN Bridge Manhattan Side
57.78,80,Brooklyn,VNB W BROOKLYN GANTRY LOWER LEVEL - SI GANTRY LOWER LEVEL
0.0,0,Manhattan,BQE N Atlantic Ave - MAN Bridge Manhattan Side
49.7,32,Staten Island,SIE E WOOLEY AVENUE - BRADLEY AVENUE
28.58,380,Queens,VWE S MP2.66 (Exit 2 Rockaway Blvd) - Belt Pkwy E 182nd St
28.58,251,Queens,TBB N QUEENS ANCHORAGE - BE N
24.85,328,Bronx,CBE W U/LEV AMSTERDAM AVE - I95 S EXP LNS
49.08,131,Queens,BWB S Queens Anchorage - WSE S Exit 14 (Linden Pl)
38.52,60,Staten Island,SIE E VNB E FINGERBOARD ROAD - SI GANTRY LOWER LEVEL
54.68,108,Staten Island,SIE W FINGERBOARD ROAD - CLOVE ROAD
46.6,146,Manhattan,FDR N 25th - 63rd St
47.22,98,Brooklyn,VNB W BROOKLYN GANTRY LOWER LEVEL - SI GANTRY LOWER LEVEL
39.14,99,Staten Island,SIE E RICHMOND AVENUE - WOOLEY AVENUE
52.19,89,Brooklyn,VNB E SI GANTRY LOWER LEVEL - BROOLKYN GANTRY LOWER LEVEL
35.41,561,Manhattan,Westside Hwy N 57th St - GWB
51.57,124,Queens,Whitestone Expwy N Exit 14 (Linden Pl) - BWB N Queens Anchorage
38.52,509,Manhattan,Westside Hwy N 57th St - GWB
38.52,55,Staten island,VNB W-SIE W SI GANTRY UPPER LEVEL - FINGERBOARD ROAD
28.58,251,Queens,MDE S TBB EXIT RAMP - QUEENS ANCHORAGE
57.78,279,Queens,CIP NB GCP - TNB
57.78,46,Staten Island,SIE E SOUTH AVENUE - RICHMOND AVENUE
34.17,189,Manhattan,BBT W Toll Plaza - Manhattan Portal
53.43,99,Queens,VWE N MP8.64 (Exit 13 Northern Blvd) - Whitestone Expwy Exit 14 (Linden Pl)
0.0,0,Manhattan,BQE N Atlantic Ave - MAN Bridge Manhattan Side
11.8,599,Queens,TBB N QUEENS ANCHORAGE - BE N
54.05,144,Staten Island,WSE S VICTORY BOULEVARD - ARDEN AVENUE
51.57,149,Staten Island,440 N FRANCIS STREET - WSE N TYRELLAN AVE
63.37,50,Staten Island,WSE N VICTORY BLVD - SOUTH AVENUE
0.0,0,Brooklyn,GOW N 9TH STREET - ATLANTIC AVENUE
52.81,50,Queens,TNB S Qns Anchorage - CIP S @ TNB
58.4,103,Staten Island,WSE N-SIE E SOUTH AVENUE - SOUTH AVENUE
34.17,131,Bronx,MDE S HARLEM RIVER PARK - GWB W AMSTERDAM AVENUE LOWER LEVEL
17.39,285,Manhattan,LINCOLN TUNNEL W NORTH TUBE NY - NJ
51.57,138,Brooklyn,BQE N LEONARD STREET - 46TH STREET
58.4,85,Staten Island,WSE N BLOOMUINGDALE ROAD - ARDEN AVENUE
11.18,286,Manhattan,12th Ave N 40th - 57th St
39.76,498,Manhattan,Westside Hwy S GWB - 57th St
28.58,177,Bronx,MDE N RFK Bridge - 142nd St
7.45,412,Manhattan,11th ave s ganservoort - west st @ spring st
29.82,142,Bronx,CBE AMSTERDAM AVE (L/LVL) - MORRIS AVE
52.19,48,Bronx,BWB N Toll Plaza - HRP N Lafayatte Ave
39.76,66,Manhattan,FDR S Catherine Slip - BKN Bridge Manhattan Side
66.48,59,Staten Island,SIE W WOOLEY AVENUE - RICHMOND AVENUE
37.28,275,Manhattan,FDR N Catherine Slip - 25th St
55.3,48,Queens,TNB S Qns Anchorage - CIP S @ TNB
44.11,59,Manhattan,BKN Bridge Manhattan Side - FDR N Catherine Slip
0.0,0,Queens,TNB S Toll Plaza - Queens Anchorage
47.22,34,Staten Island,SIE E WOOLEY AVENUE - BRADLEY AVENUE
58.4,43,Bronx,CBE W CASTLE HILL AVENUE - TAYLOR AVENUE
50.33,116,Staten Island,SIE W FINGERBOARD ROAD - CLOVE ROAD
29.2,90,Manhattan,FDR S Catherine Slip - BKN Bridge Manhattan Side
64.0,61,Staten Island,SIE W WOOLEY AVENUE - RICHMOND AVENUE
0.0,0,Queens,BE S TBB EXIT RAMP - QUEENS ANCHORAGE
5.59,405,Manhattan,12th Ave S 57th St - 45th St
48.46,58,Staten Island,SIE W RICHMOND AVENUE - SOUTH AVENUE
49.7,164,Bronx,I-87 NYST S Exit 1 - MDE S Van Cortlandt Park
45.98,30,Staten Island,SIE W BRADLEY AVENUE - WOOLEY AVENUE
47.84,111,Queens,VWE N MP6.39 (Exit 11 Jewel Ave) - MP8.65 (Exit 13 Northern Blvd)
53.43,110,Staten Island,SIE W FINGERBOARD ROAD - CLOVE ROAD
58.4,43,Bronx,CBE W CASTLE HILL AVENUE - TAYLOR AVENUE
45.98,54,Bronx,HRP S Lafayette Ave - BWB S Toll Plaza
60.27,53,Staten Island,WSE N VICTORY BLVD - SOUTH AVENUE
5.59,698,Bronx,CBE W MORRIS AVE - GWB W AMSTERDAM AVE (L/LVL)
9.32,259,Bronx,CBE W CASTLE HILL AVENUE - TAYLOR AVENUE
42.87,53,Staten Island,SIE E VNB E FINGERBOARD ROAD - SI GANTRY UPPER LEVEL
9.32,787,Bronx,BE S Griswold - Castle Hill Avenue
0.0,0,Queens,TNB N Queens Anchorage - Toll Plaza
0.0,0,Staten Island,MLK N WALKER STREET - NJ ROUTE 169
55.3,141,Staten Island,WSE S VICTORY BOULEVARD - ARDEN AVENUE
34.79,310,Queens,VWE S MP2.66 (Exit 2 Rockaway Blvd) - Belt Pkwy E 182nd St
38.52,63,Manhattan,TBB W - FDR S MANHATTAN TRUSS - E116TH STREET
54.05,73,Staten Island,SIE W WOOLEY AVENUE - RICHMOND AVENUE
40.38,287,Queens,CIP N TNB - Whitestone Expwy S Exit 14 (Linden Pl)
7.45,1573,Queens,Belt Pkwy W JFK Expressway - VWE N Jamaica Ave
0.0,0,Staten Island,ROUTE 169 S - MLK WALKER STREET
54.05,46,Bronx,CBE E TAYLOR AVENUE - CASTLE HILL AVENUE
45.36,94,Brooklyn,GOW N 92ND STREET - 7TH AVENUE
24.85,178,Bronx,BE S CASTLE HILL AVENUE - STRATFORD AVENUE
0.0,0,Brooklyn,BQE S - GOW S ALTANTIC AVENUE - 9TH STREET
52.19,48,Bronx,CBE W CASTLE HILL AVENUE - TAYLOR AVENUE
52.81,148,Staten Island,WSE N ARDEN AVENUE - VICTORY BLVD
44.11,89,Queens,LIE WB LITTLE NECK PKWY - NB CIP
44.73,206,Queens,Laurelton Pkwy S @ SSP - Belt Pkwy W 182nd St
41.63,129,Queens,VWE S MP8.65 (Exit 13 Northern Blvd) - MP6.39 (Exit 11 Jewel Ave)
44.11,217,Queens,LIE WB LITTLE NECK PKWY - NB CVE
10.56,297,Manhattan,12th Ave N 40th - 57th St
9.94,1226,Queens,Belt Pkwy W JFK Expressway - VWE N Jamaica Ave
49.08,43,Brooklyn,VNB E-GOWANUS N BROOKLYN GANTRY LOWER LEVEL - 92ND STREET
20.5,217,Bronx,MDE S HARLEM RIVER PARK - GWB W AMSTERDAM AVENUE LOWER LEVEL
8.69,493,Brooklyn,GOW N 92ND STREET - 7TH AVENUE
24.23,500,Queens,Belt Pkwy W JFK Expressway - VWE N Jamaica Ave
0.0,0,Staten Island,ROUTE 169 S - MLK WALKER STREET
52.81,206,Queens,CVE NB LIE - WILLETS PT BLVD
0.0,0,Bronx,BRP S FORDHAM ROAD - WATSON AVENUE
49.7,44,Queens,CIP N ramp to TNB - TNB Queens Anchorage
23.61,387,Queens,Belt Pkwy E 182nd St - Laurelton Pkwy N @ SSP
13.67,215,Queens,BE S TBB EXIT RAMP - MANHATTAN LIFT SPAN
26.09,261,Queens,VWE S MP4.63 (Exit 6 Jamaica Ave) - MP2.66 (Exit 2 Roackaway Blvd)
0.0,0,Staten Island,ROUTE 169 S - MLK WALKER STREET
13.04,544,Queens,TBB N QUEENS ANCHORAGE - BE N
55.3,84,Bronx,BE N STRATFORD AVENUE - CASTLE HILL AVE
49.7,76,Queens,Belt Pkwy W 182nd St - JFK Expressway
45.98,352,Queens,CIP NB GCP - TNB
25.47,216,Manhattan,LINCOLN TUNNEL E SOUTH TUBE - NJ - NY
44.11,48,Brooklyn,GOW S VNB W 92ND STREET - BKLYN GANTRY UPPER LEVEL
47.84,191,Queens,Laurelton Pkwy S @ SSP - Belt Pkwy W 182nd St
27.96,258,Queens,MDE S TBB EXIT RAMP - QUEENS ANCHORAGE
47.84,48,Staten Island,SIE E VNB E FINGERBOARD ROAD - SI GANTRY UPPER LEVEL
54.68,85,Brooklyn,VNB W BROOKLYN GANTRY LOWER LEVEL - SI GANTRY LOWER LEVEL
0.0,0,Brooklyn,GOW N 7TH AVENUE - 9TH STREET
57.16,93,Queens,VWE N MP8.64 (Exit 13 Northern Blvd) - Whitestone Expwy Exit 14 (Linden Pl)
47.22,46,Queens,CIP N ramp to TNB - TNB Queens Anchorage
48.46,96,Brooklyn,VNB W BROOKLYN GANTRY UPPER LEVEL - SI GANTRY UPPER LEVEL
11.8,523,Queens,Whitestone Expwy N Exit 14 (Linden Pl) - BWB N Queens Anchorage
56.54,121,Queens,TNB N Queens Anchorage - Toll Plaza
39.14,127,Manhattan,LINCOLN TUNNEL W NORTH TUBE NY - NJ
44.11,88,Queens,LIE WB LITTLE NECK PKWY - NB CIP
42.25,54,Staten Island,SIE E VNB E FINGERBOARD ROAD - SI GANTRY LOWER LEVEL
57.16,131,Bronx,BE S Griswold - Castle Hill Avenue
45.98,167,Staten Island,WSE S TYRELLAN AVENUE - 440 S FRANCIS STREET
45.36,55,Bronx,HRP S Lafayette Ave - BWB S Toll Plaza
0.0,0,Staten Island,MLK S - SIE E WALKER STREET - WOOLEY AVENUE
39.14,300,Queens,CIP N LIE ramp - TNB
0.0,0,Brooklyn,GOW N 9TH STREET - ATLANTIC AVENUE
0.0,0,Bronx,BRP S FORDHAM ROAD - WATSON AVENUE
3.1,1887,Queens,TNB N Queens Anchorage - Toll Plaza
0.0,0,Manhattan,West St S Spring St - BBT Manhattan Portal outbound
55.3,71,Staten Island,SIE W WOOLEY AVENUE - RICHMOND AVENUE
49.08,112,Bronx,BRP N WATSON AVENUE - FORDHAM ROAD
31.68,217,Queens,VWE S MP4.63 (Exit 6 Jamaica Ave) - MP2.66 (Exit 2 Roackaway Blvd)
2.48,859,Manhattan,12th Ave S 57th St - 45th St
42.25,126,Queens,VWE S MP8.65 (Exit 13 Northern Blvd) - MP6.39 (Exit 11 Jewel Ave)
47.84,97,Brooklyn,VNB E SI GANTRY LOWER LEVEL - BROOLKYN GANTRY LOWER LEVEL
0.0,0,Queens,TNB N Queens Anchorage - Toll Plaza
55.92,105,Staten Island,SIE W FINGERBOARD ROAD - CLOVE ROAD
42.25,280,Queens,CIP N LIE ramp - TNB
48.46,141,Manhattan,FDR N 25th - 63rd St
21.74,255,Manhattan,LINCOLN TUNNEL E CENTER TUBE NJ - NY
55.3,46,Bronx,CBE E TAYLOR AVENUE - CASTLE HILL AVENUE
51.57,143,Manhattan,GWB E LOWER LEVEL PLAZA - CBE E LOWER LEVEL AMSTERDAM AVE
39.76,172,Manhattan,FDR S 63rd - 25th St
60.89,85,Staten Island,WSE S ARDEN AVENUE - BLOOMINGDALE ROAD
55.92,95,Queens,VWE N MP8.64 (Exit 13 Northern Blvd) - Whitestone Expwy Exit 14 (Linden Pl)
46.6,177,Bronx,CBE W U/LEV AMSTERDAM AVE - I95 S EXP LNS
58.4,128,Bronx,BE S Griswold - Castle Hill Avenue
41.01,74,Queens,BE S TBB EXIT RAMP - MANHATTAN LIFT SPAN
42.25,277,Queens,CIP N LIE ramp - TNB
20.5,270,Bronx,BRP N WATSON AVENUE - FORDHAM ROAD
0.0,0,Manhattan,BQE N Atlantic Ave - MAN Bridge Manhattan Side
0.0,0,Staten Island,MLK S - SIE E WALKER STREET - WOOLEY AVENUE
0.0,0,Brooklyn,GOW N 9TH STREET - ATLANTIC AVENUE
48.46,157,Queens,CIP S Hempstead Tpk - Laurelton Pkwy @ SSP
50.33,53,Staten Island,SIE E SOUTH AVENUE - RICHMOND AVENUE
0.0,0,Staten Island,ROUTE 169 S - MLK WALKER STREET
59.03,85,Staten Island,WSE N BLOOMUINGDALE ROAD - ARDEN AVENUE
23.61,827,Manhattan,Westside Hwy S GWB - 57th St
0.0,0,Staten Island,MLK S - SIE W WALKER STREET - RICHMOND AVENUE
46.6,147,Queens,VWE S MP4.63 (Exit 6 Jamaica Ave) - MP2.66 (Exit 2 Roackaway Blvd)
34.79,68,Manhattan,TBB W - FDR S MANHATTAN TRUSS - E116TH STREET
19.26,218,Bronx,CBE W MORRIS AVE - GWB W AMSTERDAM AVE (U/LVL)
44.73,244,Queens,CVE NB LIE - WILLETS PT BLVD
34.79,118,Brooklyn,BQE S - GOW S ALTANTIC AVENUE - 9TH STREET
0.0,0,Staten Island,MLK S - SIE E WALKER STREET - WOOLEY AVENUE
0.0,0,Brooklyn,BQE S - GOW S ALTANTIC AVENUE - 9TH STREET
49.08,51,Bronx,CBE E TAYLOR AVENUE - CASTLE HILL AVENUE
22.36,316,Brooklyn,BQE N LEONARD STREET - 46TH STREET
37.9,104,Staten Island,SIE W WOOLEY AVENUE - RICHMOND AVENUE
0.0,0,Staten Island,SIE E-MLK N RICHMOND AVENUE - WALKER STREET
0.0,0,Queens,CIP N TNB - Whitestone Expwy S Exit 14 (Linden Pl)
36.66,213,Queens,Laurelton Pkwy N @ SSP - CIP N Hempstead Tpk
47.22,53,Bronx,BWB N Toll Plaza - HRP N Lafayatte Ave
52.19,88,Brooklyn,VNB E SI GANTRY UPPER LEVEL - BROOKLYN GANTRY UPPER LEVEL
50.95,150,Staten Island,WSE S TYRELLAN AVENUE - 440 S FRANCIS STREET
49.7,150,Bronx,BE S Griswold - Castle Hill Avenue
60.89,191,Queens,CIP N TNB - Whitestone Expwy S Exit 14 (Linden Pl)
0.0,0,Bronx,BRP N WATSON AVENUE - FORDHAM ROAD
36.03,247,Queens,VWE N MP4.63 (Exit 6 - Jamaica Ave) - MP6.39 (Exit 11 Jewel Ave)
0.0,0,Staten Island,MLK S - SIE E WALKER STREET - WOOLEY AVENUE
57.78,115,Staten Island,SIE E BRADLEY AVENUE - CLOVE ROAD
0.0,0,Brooklyn,GOW S 9TH STREET - 7TH AVENUE
39.76,53,Brooklyn,VNB E-GOWANUS N BROOKLYN GANTRY LOWER LEVEL - 92ND STREET
69.59,74,Staten Island,WSE S ARDEN AVENUE - BLOOMINGDALE ROAD
38.52,97,Queens,Belt Pkwy W 182nd St - JFK Expressway
22.99,308,Brooklyn,BQE N LEONARD STREET - 46TH STREET
27.96,246,Queens,VWE S MP4.63 (Exit 6 Jamaica Ave) - MP2.66 (Exit 2 Roackaway Blvd)
52.19,48,Bronx,CBE E TAYLOR AVENUE - CASTLE HILL AVENUE
44.11,262,Queens,CIP N TNB - Whitestone Expwy S Exit 14 (Linden Pl)
13.67,191,Manhattan,FDR S Catherine Slip - BKN Bridge Manhattan Side
0.0,0,Manhattan,BQE N Atlantic Ave - MAN Bridge Manhattan Side
0.0,0,Brooklyn,VNB E SI GANTRY LOWER LEVEL - BROOLKYN GANTRY LOWER LEVEL
54.68,81,Bronx,HRP N LAFAYETTE AVENUE - E TREMONT AVENUE
44.73,56,Bronx,HRP S Lafayette Ave - BWB S Toll Plaza
48.46,95,Brooklyn,VNB W BROOKLYN GANTRY UPPER LEVEL - SI GANTRY UPPER LEVEL
48.46,95,Queens,BWB N Queens Anchorage - Toll Plaza
57.78,86,Queens,LIE W 108TH ST - 84TH ST
13.04,199,Manhattan,FDR S Catherine Slip - BKN Bridge Manhattan Side
52.81,146,Staten Island,WSE S TYRELLAN AVENUE - 440 S FRANCIS STREET
34.79,159,Manhattan,LINCOLN TUNNEL W CENTER TUBE NY - NJ
53.43,180,Queens,LIE WB LITTLE NECK PKWY - NB CVE
59.65,137,Bronx,I-87 NYST S Exit 1 - MDE S Van Cortlandt Park
29.82,342,Manhattan,FDR N Catherine Slip - 25th St
58.4,43,Bronx,CBE E TAYLOR AVENUE - CASTLE HILL AVENUE
29.82,248,Bronx,BE S Griswold - Castle Hill Avenue
50.95,52,Staten Island,SIE E SOUTH AVENUE - RICHMOND AVENUE
0.0,0,Queens,CVE NB LIE - WILLETS PT BLVD
45.36,47,Brooklyn,GOW S VNB W 92ND STREET - BKLYN GANTRY UPPER LEVEL
43.49,191,Bronx,CBE W U/LEV AMSTERDAM AVE - I95 S EXP LNS
26.71,383,Manhattan,FDR N Catherine Slip - 25th St
47.22,144,Manhattan,FDR S 63rd - 25th St
41.01,166,Manhattan,FDR S 63rd - 25th St
50.33,142,Queens,MDE S TBB EXIT RAMP - QUEENS ANCHORAGE
59.03,124,Manhattan,GWB E LOWER LEVEL PLAZA - CBE E LOWER LEVEL AMSTERDAM AVE
57.78,105,Staten Island,WSE N-SIE E SOUTH AVENUE - SOUTH AVENUE
52.19,106,Staten Island,SIE E CLOVE ROAD - FINGERBOARD ROAD
47.84,82,Queens,LIE WB LITTLE NECK PKWY - NB CIP
28.58,355,Manhattan,FDR N Catherine Slip - 25th St
35.41,62,Queens,CIP N ramp to TNB - TNB Queens Anchorage
47.84,97,Brooklyn,VNB E SI GANTRY UPPER LEVEL - BROOKLYN GANTRY UPPER LEVEL
8.07,263,Manhattan,12th Ave S 57th St - 45th St
15.53,765,Queens,Belt Pkwy W JFK Expressway - VWE N Jamaica Ave
0.0,0,Manhattan,BQE N Atlantic Ave - BKN Bridge Manhattan Side
49.7,155,Staten Island,WSE S TYRELLAN AVENUE - 440 S FRANCIS STREET
52.81,121,Queens,BWB S Queens Anchorage - WSE S Exit 14 (Linden Pl)
22.99,242,Manhattan,LINCOLN TUNNEL E CENTER TUBE NJ - NY
49.7,94,Brooklyn,VNB E SI GANTRY LOWER LEVEL - BROOLKYN GANTRY LOWER LEVEL
50.95,108,Staten Island,SIE E CLOVE ROAD - FINGERBOARD ROAD
51.57,27,Staten Island,SIE W BRADLEY AVENUE - WOOLEY AVENUE
14.91,425,Manhattan,12th ave @ 45th - 11 ave ganservoort st
0.0,0,Staten Island,SIE W - MLK N WOOLEY AVENUE - WLAKER STREET
41.01,167,Manhattan,FDR S 63rd - 25th St
17.39,184,Manhattan,12th Ave N 40th - 57th St
58.4,76,Bronx,BE S CASTLE HILL AVENUE - STRATFORD AVENUE
50.33,152,Staten Island,WSE S TYRELLAN AVENUE - 440 S FRANCIS STREET
43.49,147,Queens,Whitestone Expwy N Exit 14 (Linden Pl) - BWB N Queens Anchorage
55.3,83,Bronx,BE N STRATFORD AVENUE - CASTLE HILL AVE
47.84,59,Staten Island,WSE S SOUTH AVENUE - VICTORY BOULEVARD
36.66,43,Staten Island,SIE E WOOLEY AVENUE - BRADLEY AVENUE
19.26,132,Manhattan,BKN Bridge Manhattan Side - FDR N Catherine Slip
41.01,181,Queens,TBB S MANHATTAN LIFT SPAN - QUEENS ANCHORAGE
27.34,440,Queens,Belt Pkwy W JFK Expressway - VWE N Jamaica Ave
0.0,0,Brooklyn,GOW N 7TH AVENUE - 9TH STREET
54.05,52,Staten Island,SIE W RICHMOND AVENUE - SOUTH AVENUE
18.01,181,Manhattan,11th ave s ganservoort - west st @ spring st
0.0,0,Brooklyn,GOW N 9TH STREET - ATLANTIC AVENUE
39.76,98,Staten Island,SIE W WOOLEY AVENUE - RICHMOND AVENUE
52.19,146,Staten Island,WSE S TYRELLAN AVENUE - 440 S FRANCIS STREET
36.03,247,Queens,VWE N MP4.63 (Exit 6 - Jamaica Ave) - MP6.39 (Exit 11 Jewel Ave)
44.11,57,Bronx,HRP S Lafayette Ave - BWB S Toll Plaza
51.57,52,Staten Island,SIE E SOUTH AVENUE - RICHMOND AVENUE
4.97,1100,Manhattan,LINCOLN TUNNEL W CENTER TUBE NY - NJ
4.34,1280,Manhattan,LINCOLN TUNNEL E CENTER TUBE NJ - NY
49.08,47,Staten Island,SIE E VNB E FINGERBOARD ROAD - SI GANTRY LOWER LEVEL
22.99,232,Manhattan,QMT E Manhattan Side - Toll Plaza
19.26,379,Bronx,BE S Griswold - Castle Hill Avenue
0.0,0,Staten Island,SIE E-MLK N RICHMOND AVENUE - WALKER STREET
35.41,193,Manhattan,FDR S 63rd - 25th St
9.94,450,Bronx,BE S CASTLE HILL AVENUE - STRATFORD AVENUE
0.0,0,Manhattan,BQE N Atlantic Ave - BKN Bridge Manhattan Side
44.11,105,Queens,BWB N Queens Anchorage - Toll Plaza
51.57,49,Bronx,CBE W CASTLE HILL AVENUE - TAYLOR AVENUE
47.84,79,Queens,Belt Pkwy W 182nd St - JFK Expressway
55.92,83,Brooklyn,VNB W BROOKLYN GANTRY LOWER LEVEL - SI GANTRY LOWER LEVEL
44.73,144,Queens,Whitestone Expwy N Exit 14 (Linden Pl) - BWB N Queens Anchorage
23.61,180,Bronx,CBE AMSTERDAM AVE (L/LVL) - MORRIS AVE
46.6,107,Queens,LIE W 108TH ST - 84TH ST
65.86,59,Staten Island,SIE W WOOLEY AVENUE - RICHMOND AVENUE
52.81,87,Brooklyn,VNB W BROOKLYN GANTRY UPPER LEVEL - SI GANTRY UPPER LEVEL
0.0,0,Bronx,CBE W L/LE V AMSTERDAM AVE - I 95 S LOC LNS
53.43,113,Staten Island,WSE N-SIE E SOUTH AVENUE - SOUTH AVENUE
53.43,155,Bronx,CBE E CASTLE HILL AVE - BE N WATERBURY AVE
31.68,234,Manhattan,GWB E LOWER LEVEL PLAZA - CBE E LOWER LEVEL AMSTERDAM AVE
11.18,651,Queens,TBB N QUEENS ANCHORAGE - BE N
59.65,84,Staten Island,WSE N BLOOMUINGDALE ROAD - ARDEN AVENUE
54.68,101,Staten Island,SIE E CLOVE ROAD - FINGERBOARD ROAD
49.08,94,Brooklyn,VNB E SI GANTRY UPPER LEVEL - BROOKLYN GANTRY UPPER LEVEL
54.05,99,Queens,VWE N MP8.64 (Exit 13 Northern Blvd) - Whitestone Expwy Exit 14 (Linden Pl)
29.2,187,Manhattan,LINCOLN TUNNEL E SOUTH TUBE - NJ - NY
52.19,89,Brooklyn,VNB E SI GANTRY UPPER LEVEL - BROOKLYN GANTRY UPPER LEVEL
51.57,90,Queens,BWB N Queens Anchorage - Toll Plaza
0.0,0,Staten Island,MLK S - SIE E WALKER STREET - WOOLEY AVENUE
49.7,396,Manhattan,Westside Hwy S GWB - 57th St
39.14,299,Queens,CIP N LIE ramp - TNB
19.88,132,Manhattan,BKN Bridge Manhattan Side - FDR N Catherine Slip
39.14,59,Staten Island,SIE E VNB E FINGERBOARD ROAD - SI GANTRY LOWER LEVEL
5.59,382,Brooklyn,VNB E-GOWANUS N BROOKLYN GANTRY LOWER LEVEL - 92ND STREET
57.16,130,Bronx,BE N Castle Hill Avenue - Griswold Ave
53.43,50,Staten Island,SIE E SOUTH AVENUE - RICHMOND AVENUE
47.84,164,Staten Island,WSE S VICTORY BOULEVARD - ARDEN AVENUE
54.68,136,Bronx,BE S Griswold - Castle Hill Avenue
57.16,120,Queens,TNB N Queens Anchorage - Toll Plaza
25.47,277,Brooklyn,BQE S 46TH STREET - LEONARD STREET
45.98,46,Brooklyn,VNB E-GOWANUS N BROOKLYN GANTRY UPPER LEVEL - 92ND STREET
21.12,234,Manhattan,LINCOLN TUNNEL W NORTH TUBE NY - NJ
0.0,0,Manhattan,BQE N Atlantic Ave - MAN Bridge Manhattan Side
47.22,105,Queens,LIE W 108TH ST - 84TH ST
50.33,50,Bronx,BWB N Toll Plaza - HRP N Lafayatte Ave
41.01,92,Queens,Belt Pkwy W 182nd St - JFK Expressway
0.0,0,Manhattan,BQE N Atlantic Ave - MAN Bridge Manhattan Side
27.96,391,Queens,CVE NB LIE - WILLETS PT BLVD
47.84,112,Queens,VWE S MP8.65 (Exit 13 Northern Blvd) - MP6.39 (Exit 11 Jewel Ave)
15.53,203,Manhattan,12th Ave N 40th - 57th St
29.82,87,Manhattan,BKN Bridge Manhattan Side - FDR N Catherine Slip
12.42,339,Bronx,MDE S HARLEM RIVER PARK - GWB W AMSTERDAM AVENUE UPPER LEVEL
37.28,184,Manhattan,FDR S 63rd - 25th St
54.68,71,Staten Island,SIE W WOOLEY AVENUE - RICHMOND AVENUE
8.69,698,Manhattan,12th ave @ 45th - 11 ave ganservoort st
0.0,0,Manhattan,BQE N Atlantic Ave - MAN Bridge Manhattan Side
0.0,0,Bronx,CBE W L/LE V AMSTERDAM AVE - I 95 S LOC LNS
0.0,0,Manhattan,BQE N Atlantic Ave - MAN Bridge Manhattan Side
52.19,136,Brooklyn,BQE N LEONARD STREET - 46TH STREET
0.0,0,Brooklyn,BQE S - GOW S ALTANTIC AVENUE - 9TH STREET
13.04,820,Queens,CIP N Hempstead Tpk - LIE
5.59,750,Bronx,CBE W MORRIS AVE - GWB W AMSTERDAM AVE (U/LVL)
31.06,144,Bronx,MDE S HARLEM RIVER PARK - GWB W AMSTERDAM AVENUE LOWER LEVEL
41.63,182,Queens,CIP S Hempstead Tpk - Laurelton Pkwy @ SSP
0.0,0,Manhattan,BQE N Atlantic Ave - MAN Bridge Manhattan Side
35.41,559,Manhattan,Westside Hwy N 57th St - GWB
23.61,269,Queens,Whitestone Expwy N Exit 14 (Linden Pl) - BWB N Queens Anchorage
20.5,262,Manhattan,11th ave n ganservoort - 12th ave @ 40th st
54.68,137,Staten Island,WSE N TYRELLAN AVENUE - BLOOMINGDALE ROAD
0.0,0,Staten Island,SIE W - MLK N WOOLEY AVENUE - WLAKER STREET
57.78,115,Staten Island,SIE E BRADLEY AVENUE - CLOVE ROAD
42.87,59,Bronx,HRP S Lafayette Ave - BWB S Toll Plaza
14.91,427,Queens,Whitestone Expwy N Exit 14 (Linden Pl) - BWB N Queens Anchorage
44.11,97,Bronx,CBE W MORRIS AVE - GWB W AMSTERDAM AVE (U/LVL)
21.12,123,Manhattan,BKN Bridge Manhattan Side - FDR N Catherine Slip
16.77,716,Queens,Belt Pkwy W JFK Expressway - VWE N Jamaica Ave
50.95,42,Brooklyn,VNB E-GOWANUS N BROOKLYN GANTRY UPPER LEVEL - 92ND STREET
52.19,210,Queens,CIP S LIE - Hempstead Tpk
22.99,216,Manhattan,LINCOLN TUNNEL W NORTH TUBE NY - NJ
24.85,292,Queens,TBB N QUEENS ANCHORAGE - BE N
15.53,173,Queens,TNB S Qns Anchorage - CIP S @ TNB
49.7,111,Queens,Whitestone Expwy S Exit 14 (Linden Pl) - VWE S MP8.65 (Exit 13 Northern Blvd)
0.0,0,Staten Island,SIE W - MLK N WOOLEY AVENUE - WLAKER STREET
0.0,0,Staten Island,SIE W - MLK N WOOLEY AVENUE - WLAKER STREET
47.22,30,Staten Island,SIE W BRADLEY AVENUE - WOOLEY AVENUE
53.43,93,Queens,LIE W 108TH ST - 84TH ST
25.47,181,Bronx,BWB S Toll Plaza - Queens Anchorage
34.79,128,Bronx,BE S CASTLE HILL AVENUE - STRATFORD AVENUE
45.98,121,Staten Island,SIE E CLOVE ROAD - FINGERBOARD ROAD
50.33,46,Staten Island,SIE E VNB E FINGERBOARD ROAD - SI GANTRY LOWER LEVEL
56.54,193,Queens,CIP S LIE - Hempstead Tpk
6.83,1134,Queens,TBB N QUEENS ANCHORAGE - MANHATTAN LIFT SPAN
30.44,335,Manhattan,FDR S 25th St - Catherine Slip
34.79,69,Manhattan,TBB W - FDR S MANHATTAN TRUSS - E116TH STREET
38.52,511,Manhattan,Westside Hwy S GWB - 57th St
54.68,114,Staten Island,WSE S BLLOMINGDALE ROAD - TYRELLAN AVENUE
0.0,0,Brooklyn,GOW N 9TH STREET - ATLANTIC AVENUE
44.11,169,Queens,TBB S MANHATTAN LIFT SPAN - QUEENS ANCHORAGE
0.0,0,Manhattan,BQE N Atlantic Ave - MAN Bridge Manhattan Side
48.46,96,Brooklyn,VNB E SI GANTRY UPPER LEVEL - BROOKLYN GANTRY UPPER LEVEL
21.12,153,Manhattan,11th ave s ganservoort - west st @ spring st
29.82,86,Manhattan,BKN Bridge Manhattan Side - FDR N Catherine Slip
40.38,169,Manhattan,FDR S 63rd - 25th St
42.25,71,Queens,BE S TBB EXIT RAMP - MANHATTAN LIFT SPAN
57.16,137,Staten Island,WSE N ARDEN AVENUE - VICTORY BLVD
59.65,276,Queens,CVE NB GCP - WILLETS PT BLVD
0.0,0,Queens,BE S TBB EXIT RAMP - QUEENS ANCHORAGE
44.11,52,Staten Island,SIE E VNB E FINGERBOARD ROAD - SI GANTRY UPPER LEVEL
49.7,138,Manhattan,FDR N 25th - 63rd St
23.61,298,Brooklyn,BQE N LEONARD STREET - 46TH STREET
55.3,142,Staten Island,WSE S VICTORY BOULEVARD - ARDEN AVENUE
10.56,954,Manhattan,FDR S 25th St - Catherine Slip
13.67,391,Manhattan,11th ave n ganservoort - 12th ave @ 40th st
51.57,41,Brooklyn,VNB E-GOWANUS N BROOKLYN GANTRY LOWER LEVEL - 92ND STREET
53.43,87,Brooklyn,VNB W BROOKLYN GANTRY LOWER LEVEL - SI GANTRY LOWER LEVEL
60.27,101,Staten Island,WSE N-SIE E SOUTH AVENUE - SOUTH AVENUE
36.66,219,Queens,TBB N QUEENS ANCHORAGE - MANHATTAN LIFT SPAN
8.07,795,Manhattan,12th ave @ 45th - 11 ave ganservoort st
59.65,102,Staten Island,WSE N-SIE E SOUTH AVENUE - SOUTH AVENUE
34.79,76,Staten Island,SIE E SOUTH AVENUE - RICHMOND AVENUE
44.11,450,Manhattan,Westside Hwy S GWB - 57th St
49.08,44,Queens,CIP N ramp to TNB - TNB Queens Anchorage
27.34,194,Queens,QMT W Toll Plaza - Manhattan Side
47.84,157,Queens,TBB S MANHATTAN LIFT SPAN - QUEENS ANCHORAGE
49.08,87,Bronx,CBE E AMSTERDAM AVE(U/LVL) - MORRIS AVE
52.81,122,Queens,BWB S Queens Anchorage - WSE S Exit 14 (Linden Pl)
35.41,209,Manhattan,GWB E LOWER LEVEL PLAZA - CBE E LOWER LEVEL AMSTERDAM AVE
32.93,326,Queens,VWE S MP2.66 (Exit 2 Rockaway Blvd) - Belt Pkwy E 182nd St
22.99,105,Manhattan,TBB W - FDR S MANHATTAN TRUSS - E116TH STREET
0.0,0,Brooklyn,BQE S - GOW S ALTANTIC AVENUE - 9TH STREET
0.0,0,Staten Island,MLK S - SIE W WALKER STREET - RICHMOND AVENUE
0.0,0,Staten Island,SIE W - MLK N WOOLEY AVENUE - WLAKER STREET
32.93,133,Bronx,MDE S HARLEM RIVER PARK - GWB W AMSTERDAM AVENUE UPPER LEVEL
60.89,85,Staten Island,WSE S ARDEN AVENUE - BLOOMINGDALE ROAD
36.03,282,Manhattan,FDR N Catherine Slip - 25th St
39.76,318,Brooklyn,GOW S 9TH STREET - 7TH AVENUE
16.15,652,Queens,VWE S MP2.66 (Exit 2 Rockaway Blvd) - Belt Pkwy E 182nd St
0.0,0,Manhattan,LINCOLN TUNNEL E CENTER TUBE NJ - NY
49.08,134,Staten Island,SIE E BRADLEY AVENUE - CLOVE ROAD
45.98,143,Staten Island,SIE E BRADLEY AVENUE - CLOVE ROAD
41.63,104,Bronx,MDE S HARLEM RIVER PARK - GWB W AMSTERDAM AVENUE UPPER LEVEL
49.7,93,Queens,BWB N Queens Anchorage - Toll Plaza
14.91,282,Bronx,CBE E AMSTERDAM AVE(U/LVL) - MORRIS AVE
20.5,222,Bronx,BWB S Toll Plaza - Queens Anchorage
31.68,67,Staten island,VNB W-SIE W SI GANTRY UPPER LEVEL - FINGERBOARD ROAD
12.42,617,Queens,Laurelton Pkwy N @ SSP - CIP N Hempstead Tpk
15.53,435,Queens,VWE S MP4.63 (Exit 6 Jamaica Ave) - MP2.66 (Exit 2 Roackaway Blvd)
40.38,114,Queens,BWB N Queens Anchorage - Toll Plaza
17.39,304,Queens,QMT W Toll Plaza - Manhattan Side
52.19,176,Queens,Laurelton Pkwy S @ SSP - Belt Pkwy W 182nd St
42.87,176,Queens,CIP S Hempstead Tpk - Laurelton Pkwy @ SSP
0.0,0,Queens,TNB S Toll Plaza - Queens Anchorage
51.57,90,Queens,BWB N Queens Anchorage - Toll Plaza
0.0,0,Queens,BE S TBB EXIT RAMP - QUEENS ANCHORAGE
57.16,129,Manhattan,GWB E LOWER LEVEL PLAZA - CBE E LOWER LEVEL AMSTERDAM AVE
13.04,926,Queens,Belt Pkwy W JFK Expressway - VWE N Jamaica Ave
52.19,131,Manhattan,FDR S 63rd - 25th St
43.49,49,Brooklyn,GOW S VNB W 92ND STREET - BKLYN GANTRY UPPER LEVEL
55.3,113,Staten Island,WSE S BLLOMINGDALE ROAD - TYRELLAN AVENUE
50.33,92,Brooklyn,VNB W BROOKLYN GANTRY UPPER LEVEL - SI GANTRY UPPER LEVEL
55.92,105,Staten Island,SIE W FINGERBOARD ROAD - CLOVE ROAD
36.66,152,Manhattan,LINCOLN TUNNEL W CENTER TUBE NY - NJ
11.18,645,Bronx,BE S Griswold - Castle Hill Avenue
53.43,116,Staten Island,WSE S BLLOMINGDALE ROAD - TYRELLAN AVENUE
50.95,105,Queens,VWE N MP6.39 (Exit 11 Jewel Ave) - MP8.65 (Exit 13 Northern Blvd)
0.0,0,Manhattan,BQE N Atlantic Ave - MAN Bridge Manhattan Side
25.47,423,Queens,VWE S MP2.66 (Exit 2 Rockaway Blvd) - Belt Pkwy E 182nd St
0.0,0,Queens,TNB S Toll Plaza - Queens Anchorage
39.76,494,Manhattan,Westside Hwy S GWB - 57th St
47.22,46,Queens,CIP N ramp to TNB - TNB Queens Anchorage
50.95,227,Queens,CIP N TNB - Whitestone Expwy S Exit 14 (Linden Pl)
55.3,100,Staten Island,SIE E CLOVE ROAD - FINGERBOARD ROAD
19.88,270,Manhattan,11th ave n ganservoort - 12th ave @ 40th st
32.31,144,Bronx,BWB S Toll Plaza - Queens Anchorage
9.94,1206,Queens,Belt Pkwy W JFK Expressway - VWE N Jamaica Ave
50.33,164,Bronx,CBE E CASTLE HILL AVE - BE N WATERBURY AVE
40.38,97,Queens,LIE WB LITTLE NECK PKWY - NB CIP
0.0,0,Brooklyn,GOW N 9TH STREET - ATLANTIC AVENUE
45.36,47,Brooklyn,VNB E-GOWANUS N BROOKLYN GANTRY UPPER LEVEL - 92ND STREET
6.21,1002,Manhattan,12th ave @ 45th - 11 ave ganservoort st
58.4,54,Staten Island,WSE N VICTORY BLVD - SOUTH AVENUE
62.75,82,Staten Island,WSE S ARDEN AVENUE - BLOOMINGDALE ROAD
52.81,87,Brooklyn,VNB W BROOKLYN GANTRY LOWER LEVEL - SI GANTRY LOWER LEVEL
0.0,0,Queens,TNB N Queens Anchorage - Toll Plaza
0.0,0,Queens,TNB N Queens Anchorage - Toll Plaza
32.31,155,Manhattan,LINCOLN TUNNEL W NORTH TUBE NY - NJ
39.76,138,Staten Island,SIE E CLOVE ROAD - FINGERBOARD ROAD
47.84,52,Bronx,BWB N Toll Plaza - HRP N Lafayatte Ave
47.22,152,Queens,MDE S TBB EXIT RAMP - QUEENS ANCHORAGE
36.03,109,Queens,LIE WB LITTLE NECK PKWY - NB CIP
29.2,187,Manhattan,LINCOLN TUNNEL W CENTER TUBE NY - NJ
53.43,73,Staten Island,SIE W WOOLEY AVENUE - RICHMOND AVENUE
45.36,102,Brooklyn,VNB E SI GANTRY UPPER LEVEL - BROOKLYN GANTRY UPPER LEVEL
0.0,0,Brooklyn,GOW S 9TH STREET - 7TH AVENUE
16.77,265,Bronx,BE S CASTLE HILL AVENUE - STRATFORD AVENUE
0.0,0,Brooklyn,BQE S - GOW S ALTANTIC AVENUE - 9TH STREET
0.0,0,Manhattan,BBT E Manhattan Portal - Toll Plaza
18.01,661,Queens,Belt Pkwy W JFK Expressway - VWE N Jamaica Ave
55.3,124,Queens,TNB N Queens Anchorage - Toll Plaza
0.0,0,Bronx,MDE S HARLEM RIVER PARK - GWB W AMSTERDAM AVENUE UPPER LEVEL
54.05,153,Bronx,CBE E CASTLE HILL AVE - BE N WATERBURY AVE
29.2,83,Manhattan,TBB W - FDR S MANHATTAN TRUSS - E116TH STREET
0.0,0,Staten Island,MLK S - SIE W WALKER STREET - RICHMOND AVENUE
45.98,144,Staten Island,SIE E BRADLEY AVENUE - CLOVE ROAD
45.98,111,Bronx,MDE N RFK Bridge - 142nd St
24.85,284,Manhattan,BQE N Atlantic Ave - BKN Bridge Manhattan Side
56.54,146,Bronx,CBE E CASTLE HILL AVE - BE N WATERBURY AVE
51.57,75,Staten Island,SIE E RICHMOND AVENUE - WOOLEY AVENUE
10.56,579,Manhattan,12th ave @ 45th - 11 ave ganservoort st
51.57,138,Brooklyn,BQE N LEONARD STREET - 46TH STREET
54.68,114,Staten Island,WSE S BLLOMINGDALE ROAD - TYRELLAN AVENUE
29.82,339,Manhattan,FDR S 25th St - Catherine Slip
42.87,91,Staten Island,SIE W WOOLEY AVENUE - RICHMOND AVENUE
45.98,141,Manhattan,BBT W Toll Plaza - Manhattan Portal
36.66,187,Manhattan,FDR S 63rd - 25th St
43.49,54,Manhattan,FDR N - TBB E 116TH STREET - MANHATTAN TRUSS
56.54,44,Bronx,CBE W CASTLE HILL AVENUE - TAYLOR AVENUE
26.09,386,Manhattan,FDR N Catherine Slip - 25th St
46.6,137,Queens,Whitestone Expwy N Exit 14 (Linden Pl) - BWB N Queens Anchorage
50.33,53,Staten Island,SIE E SOUTH AVENUE - RICHMOND AVENUE
47.84,164,Queens,Laurelton Pkwy N @ SSP - CIP N Hempstead Tpk
35.41,456,Queens,CIP NB GCP - TNB
0.0,0,Queens,BE S TBB EXIT RAMP - QUEENS ANCHORAGE
46.6,49,Staten Island,SIE E VNB E FINGERBOARD ROAD - SI GANTRY UPPER LEVEL
42.87,460,Manhattan,Westside Hwy N 57th St - GWB
0.0,0,Staten Island,MLK N WALKER STREET - NJ ROUTE 169
49.7,86,Bronx,CBE AMSTERDAM AVE (L/LVL) - MORRIS AVE
0.0,0,Manhattan,Westside Hwy N 57th St - GWB
0.0,0,Staten Island,MLK N WALKER STREET - NJ ROUTE 169
41.01,56,Staten Island,SIE E VNB E FINGERBOARD ROAD - SI GANTRY LOWER LEVEL
13.04,244,Manhattan,12th Ave N 40th - 57th St
19.26,358,Manhattan,FDR N 25th - 63rd St
0.0,0,Bronx,BRP S FORDHAM ROAD - WATSON AVENUE
13.04,380,Bronx,MDE N RFK Bridge - 142nd St
52.81,145,Staten Island,440 N FRANCIS STREET - WSE N TYRELLAN AVE
43.49,204,Queens,VWE S MP6.39 (Exit 11 Jewel Ave) - MP4.63 (Exit 6 Jamaica Ave)
51.57,103,Queens,VWE N MP6.39 (Exit 11 Jewel Ave) - MP8.65 (Exit 13 Northern Blvd)
52.81,111,Staten Island,SIE W FINGERBOARD ROAD - CLOVE ROAD
0.0,0,Brooklyn,GOW N 9TH STREET - ATLANTIC AVENUE
52.19,226,Queens,CIP N LIE ramp - TNB
45.98,149,Queens,VWE S MP4.63 (Exit 6 Jamaica Ave) - MP2.66 (Exit 2 Roackaway Blvd)
35.41,200,Brooklyn,BQE S 46TH STREET - LEONARD STREET
22.36,356,Queens,TBB N QUEENS ANCHORAGE - MANHATTAN LIFT SPAN
45.36,122,Bronx,BRP N WATSON AVENUE - FORDHAM ROAD
56.54,194,Queens,CIP S LIE - Hempstead Tpk
4.97,1148,Manhattan,West St S Spring St - BBT Manhattan Portal outbound
15.53,432,Manhattan,FDR N 25th - 63rd St
7.45,742,Manhattan,West St S Spring St - BBT Manhattan Portal outbound
13.67,273,Queens,Belt Pkwy W 182nd St - JFK Expressway
11.18,790,Queens,VWE S MP6.39 (Exit 11 Jewel Ave) - MP4.63 (Exit 6 Jamaica Ave)
13.04,780,Manhattan,FDR S 25th St - Catherine Slip
37.9,145,Manhattan,LINCOLN TUNNEL E SOUTH TUBE - NJ - NY
0.0,0,Manhattan,BQE N Atlantic Ave - MAN Bridge Manhattan Side
31.06,221,Staten Island,SIE W - WSE S SOUTH AVENUE - SOUTH AVENUE
34.17,162,Manhattan,LINCOLN TUNNEL W CENTER TUBE NY - NJ
24.85,206,Bronx,MDE N RFK Bridge - 142nd St
48.46,158,Staten Island,440 N FRANCIS STREET - WSE N TYRELLAN AVE
45.36,118,Queens,VWE S MP8.65 (Exit 13 Northern Blvd) - MP6.39 (Exit 11 Jewel Ave)
6.21,377,Manhattan,TBB W - FDR S MANHATTAN TRUSS - E116TH STREET
55.92,47,Queens,TNB S Qns Anchorage - CIP S @ TNB
0.0,0,Manhattan,11th ave s ganservoort - west st @ spring st
0.0,0,Brooklyn,GOW N 9TH STREET - ATLANTIC AVENUE
36.66,151,Manhattan,LINCOLN TUNNEL W CENTER TUBE NY - NJ
8.07,388,Manhattan,11th ave s ganservoort - west st @ spring st
53.43,143,Staten Island,WSE S TYRELLAN AVENUE - 440 S FRANCIS STREET
51.57,90,Brooklyn,VNB W BROOKLYN GANTRY UPPER LEVEL - SI GANTRY UPPER LEVEL
48.46,95,Brooklyn,VNB E SI GANTRY LOWER LEVEL - BROOLKYN GANTRY LOWER LEVEL
39.14,55,Staten island,VNB W-SIE W SI GANTRY UPPER LEVEL - FINGERBOARD ROAD
29.2,89,Manhattan,BKN Bridge Manhattan Side - FDR N Catherine Slip
33.55,133,Bronx,MDE S HARLEM RIVER PARK - GWB W AMSTERDAM AVENUE LOWER LEVEL
44.73,166,Queens,TBB S MANHATTAN LIFT SPAN - QUEENS ANCHORAGE
51.57,117,Staten Island,WSE N-SIE E SOUTH AVENUE - SOUTH AVENUE
44.73,103,Brooklyn,VNB W BROOKLYN GANTRY UPPER LEVEL - SI GANTRY UPPER LEVEL
55.92,105,Staten Island,SIE W FINGERBOARD ROAD - CLOVE ROAD
52.19,89,Bronx,BE N STRATFORD AVENUE - CASTLE HILL AVE
50.95,105,Queens,VWE N MP6.39 (Exit 11 Jewel Ave) - MP8.65 (Exit 13 Northern Blvd)
13.04,838,Queens,CIP S LIE - Hempstead Tpk
53.43,217,Queens,CIP N TNB - Whitestone Expwy S Exit 14 (Linden Pl)
53.43,53,Staten Island,WSE S SOUTH AVENUE - VICTORY BOULEVARD
34.17,219,Bronx,BE S Griswold - Castle Hill Avenue
32.93,150,Queens,LIE E 84TH ST - 108TH ST
44.73,48,Brooklyn,VNB E-GOWANUS N BROOKLYN GANTRY UPPER LEVEL - 92ND STREET
0.0,0,Brooklyn,GOW S 9TH STREET - 7TH AVENUE
29.82,180,Manhattan,QMT E Manhattan Side - Toll Plaza
20.5,263,Manhattan,11th ave n ganservoort - 12th ave @ 40th st
19.88,229,Bronx,BWB S Toll Plaza - Queens Anchorage
48.46,96,Brooklyn,VNB W BROOKLYN GANTRY UPPER LEVEL - SI GANTRY UPPER LEVEL
40.38,293,Queens,CIP N LIE ramp - TNB
55.92,99,Staten Island,SIE E CLOVE ROAD - FINGERBOARD ROAD
4.97,1536,Bronx,CBE W L/LE V AMSTERDAM AVE - I 95 S LOC LNS
44.11,89,Queens,LIE WB LITTLE NECK PKWY - NB CIP
14.29,337,Queens,LIE W 108TH ST - 84TH ST
45.36,47,Brooklyn,GOW S VNB W 92ND STREET - BKLYN GANTRY UPPER LEVEL
14.29,208,Queens,BE S TBB EXIT RAMP - MANHATTAN LIFT SPAN
48.46,158,Staten Island,WSE S TYRELLAN AVENUE - 440 S FRANCIS STREET
58.4,127,Bronx,BE N Castle Hill Avenue - Griswold Ave
50.33,56,Staten Island,WSE S SOUTH AVENUE - VICTORY BOULEVARD
54.05,86,Brooklyn,VNB W BROOKLYN GANTRY LOWER LEVEL - SI GANTRY LOWER LEVEL
52.81,88,Brooklyn,VNB E SI GANTRY UPPER LEVEL - BROOKLYN GANTRY UPPER LEVEL
45.98,195,Queens,VWE N MP4.63 (Exit 6 - Jamaica Ave) - MP6.39 (Exit 11 Jewel Ave)
50.33,128,Queens,Whitestone Expwy N Exit 14 (Linden Pl) - BWB N Queens Anchorage
55.92,195,Queens,CIP N Hempstead Tpk - LIE
54.05,177,Queens,LIE WB LITTLE NECK PKWY - NB CVE
54.68,29,Staten Island,SIE E WOOLEY AVENUE - BRADLEY AVENUE
57.78,80,Bronx,BE N STRATFORD AVENUE - CASTLE HILL AVE
50.95,84,Bronx,CBE W MORRIS AVE - GWB W AMSTERDAM AVE (U/LVL)
0.0,0,Manhattan,BQE N Atlantic Ave - MAN Bridge Manhattan Side
44.11,124,Queens,Whitestone Expwy S Exit 14 (Linden Pl) - VWE S MP8.65 (Exit 13 Northern Blvd)
54.68,85,Bronx,BE N STRATFORD AVENUE - CASTLE HILL AVE
48.46,184,Queens,VWE S MP6.39 (Exit 11 Jewel Ave) - MP4.63 (Exit 6 Jamaica Ave)
29.2,90,Manhattan,FDR S Catherine Slip - BKN Bridge Manhattan Side
60.27,53,Staten Island,WSE N VICTORY BLVD - SOUTH AVENUE
44.73,120,Queens,VWE N MP6.39 (Exit 11 Jewel Ave) - MP8.65 (Exit 13 Northern Blvd)
55.3,90,Staten Island,WSE N BLOOMUINGDALE ROAD - ARDEN AVENUE
44.11,52,Staten Island,SIE E VNB E FINGERBOARD ROAD - SI GANTRY LOWER LEVEL
0.0,0,Brooklyn,GOW N 7TH AVENUE - 9TH STREET
54.05,85,Bronx,BE N STRATFORD AVENUE - CASTLE HILL AVE
43.49,48,Brooklyn,VNB E-GOWANUS N BROOKLYN GANTRY LOWER LEVEL - 92ND STREET
54.68,139,Queens,CIP S Hempstead Tpk - Laurelton Pkwy @ SSP
55.92,140,Staten Island,WSE N ARDEN AVENUE - VICTORY BLVD
13.67,217,Queens,BE S TBB EXIT RAMP - MANHATTAN LIFT SPAN
40.38,137,Manhattan,LINCOLN TUNNEL W CENTER TUBE NY - NJ
17.39,392,Manhattan,FDR S 63rd - 25th St
50.95,91,Brooklyn,VNB W BROOKLYN GANTRY UPPER LEVEL - SI GANTRY UPPER LEVEL
53.43,309,Queens,CVE NB GCP - WILLETS PT BLVD
28.58,106,Queens,BE S TBB EXIT RAMP - MANHATTAN LIFT SPAN
0.0,0,Staten Island,SIE W - MLK N WOOLEY AVENUE - WLAKER STREET
39.14,61,Manhattan,FDR N - TBB E 116TH STREET - MANHATTAN TRUSS
47.84,44,Brooklyn,VNB E-GOWANUS N BROOKLYN GANTRY UPPER LEVEL - 92ND STREET
37.28,149,Manhattan,LINCOLN TUNNEL E SOUTH TUBE - NJ - NY
10.56,402,Bronx,CBE W MORRIS AVE - GWB W AMSTERDAM AVE (U/LVL)
51.57,138,Brooklyn,BQE N LEONARD STREET - 46TH STREET
13.04,324,Bronx,CBE AMSTERDAM AVE (L/LVL) - MORRIS AVE
12.42,565,Queens,TBB N QUEENS ANCHORAGE - BE N
40.38,108,Bronx,MDE S HARLEM RIVER PARK - GWB W AMSTERDAM AVENUE UPPER LEVEL
55.92,79,Bronx,BE S CASTLE HILL AVENUE - STRATFORD AVENUE
44.73,153,Queens,VWE S MP4.63 (Exit 6 Jamaica Ave) - MP2.66 (Exit 2 Roackaway Blvd)
59.03,48,Staten Island,SIE W RICHMOND AVENUE - SOUTH AVENUE
55.92,288,Queens,CIP NB GCP - TNB
57.16,283,Queens,CIP NB GCP - TNB
0.0,0,Queens,BE S TBB EXIT RAMP - QUEENS ANCHORAGE
48.46,44,Brooklyn,GOW S VNB W 92ND STREET - BKLYN GANTRY LOWER LEVEL
4.34,1158,Manhattan,QMT E Manhattan Side - Toll Plaza
18.64,655,Queens,Belt Pkwy W JFK Expressway - VWE N Jamaica Ave
36.66,59,Queens,CIP N ramp to TNB - TNB Queens Anchorage
55.3,113,Staten Island,WSE S BLLOMINGDALE ROAD - TYRELLAN AVENUE
12.42,459,Manhattan,West St S Spring St - BBT Manhattan Portal outbound
30.44,375,Queens,CIP N TNB - Whitestone Expwy S Exit 14 (Linden Pl)
48.46,51,Bronx,BWB N Toll Plaza - HRP N Lafayatte Ave
50.33,152,Staten Island,440 N FRANCIS STREET - WSE N TYRELLAN AVE
11.18,729,Queens,TBB N QUEENS ANCHORAGE - MANHATTAN LIFT SPAN
48.46,114,Bronx,BRP N WATSON AVENUE - FORDHAM ROAD
0.0,0,Manhattan,LINCOLN TUNNEL W CENTER TUBE NY - NJ
50.95,135,Queens,TNB S Toll Plaza - Queens Anchorage
0.0,0,Staten Island,SIE W - MLK N WOOLEY AVENUE - WLAKER STREET
52.19,81,Brooklyn,GOW S 7TH AVENUE - 92ND STREET
51.57,107,Staten Island,SIE E CLOVE ROAD - FINGERBOARD ROAD
34.79,195,Manhattan,FDR S 63rd - 25th St
47.84,155,Bronx,BE N Castle Hill Avenue - Griswold Ave
47.84,46,Queens,CIP N ramp to TNB - TNB Queens Anchorage
13.67,542,Queens,CIP S Hempstead Tpk - Laurelton Pkwy @ SSP
47.22,140,Staten Island,SIE E BRADLEY AVENUE - CLOVE ROAD
41.01,52,Staten Island,VNB W-SIE W SI GANTRY LOWER LEVEL - FINGERBOARD ROAD
49.08,166,Queens,TBB N QUEENS ANCHORAGE - MANHATTAN LIFT SPAN
13.67,237,Manhattan,12th Ave N 40th - 57th St
50.33,191,Queens,LIE WB LITTLE NECK PKWY - NB CVE
54.68,84,Bronx,BE N STRATFORD AVENUE - CASTLE HILL AVE
54.68,101,Bronx,BRP S FORDHAM ROAD - WATSON AVENUE
49.08,94,Brooklyn,VNB W BROOKLYN GANTRY UPPER LEVEL - SI GANTRY UPPER LEVEL
46.6,422,Manhattan,Westside Hwy S GWB - 57th St
37.9,147,Bronx,BRP N WATSON AVENUE - FORDHAM ROAD
1.86,3733,Bronx,CBE W L/LE V AMSTERDAM AVE - I 95 S LOC LNS
7.45,833,Manhattan,12th ave @ 45th - 11 ave ganservoort st
47.22,151,Brooklyn,BQE N LEONARD STREET - 46TH STREET
46.6,161,Queens,TBB S MANHATTAN LIFT SPAN - QUEENS ANCHORAGE
0.0,0,Manhattan,LINCOLN TUNNEL E CENTER TUBE NJ - NY
42.87,125,Queens,VWE S MP8.65 (Exit 13 Northern Blvd) - MP6.39 (Exit 11 Jewel Ave)
36.66,187,Manhattan,FDR S 63rd - 25th St
0.0,0,Staten Island,ROUTE 169 S - MLK WALKER STREET
51.57,86,Bronx,HRP N LAFAYETTE AVENUE - E TREMONT AVENUE
56.54,192,Queens,CVE NB LIE - WILLETS PT BLVD
50.95,52,Staten Island,SIE E SOUTH AVENUE - RICHMOND AVENUE
14.29,439,Manhattan,BBT W Toll Plaza - Manhattan Portal
27.34,401,Queens,CIP N Hempstead Tpk - LIE
27.34,347,Queens,LIE WB LITTLE NECK PKWY - NB CVE
13.04,506,Manhattan,FDR N 25th - 63rd St
52.81,373,Manhattan,Westside Hwy S GWB - 57th St
0.0,0,Brooklyn,GOW N 7TH AVENUE - 9TH STREET
57.16,288,Queens,CVE NB GCP - WILLETS PT BLVD
49.7,51,Bronx,BWB N Toll Plaza - HRP N Lafayatte Ave
0.0,0,Staten Island,SIE W - MLK N WOOLEY AVENUE - WLAKER STREET
44.11,69,Queens,BE S TBB EXIT RAMP - MANHATTAN LIFT SPAN
42.87,124,Queens,VWE S MP8.65 (Exit 13 Northern Blvd) - MP6.39 (Exit 11 Jewel Ave)
27.34,441,Queens,Belt Pkwy W JFK Expressway - VWE N Jamaica Ave
19.88,131,Manhattan,FDR S Catherine Slip - BKN Bridge Manhattan Side
42.25,176,Queens,TBB S MANHATTAN LIFT SPAN - QUEENS ANCHORAGE
50.33,149,Bronx,BE S Griswold - Castle Hill Avenue
38.52,177,Manhattan,FDR S 63rd - 25th St
0.0,0,Manhattan,BQE N Atlantic Ave - MAN Bridge Manhattan Side
47.84,44,Brooklyn,VNB E-GOWANUS N BROOKLYN GANTRY UPPER LEVEL - 92ND STREET
60.27,130,Staten Island,WSE N ARDEN AVENUE - VICTORY BLVD
53.43,53,Staten Island,SIE W RICHMOND AVENUE - SOUTH AVENUE
0.0,0,Manhattan,West St S Spring St - BBT Manhattan Portal outbound
49.08,240,Queens,CIP N LIE ramp - TNB
52.19,143,Bronx,BE N Castle Hill Avenue - Griswold Ave
36.03,304,Queens,CIP S LIE - Hempstead Tpk
64.62,80,Staten Island,WSE S ARDEN AVENUE - BLOOMINGDALE ROAD
45.98,93,Bronx,CBE W MORRIS AVE - GWB W AMSTERDAM AVE (U/LVL)
20.5,525,Queens,CIP N Hempstead Tpk - LIE
0.0,0,Staten Island,SIE W - MLK N WOOLEY AVENUE - WLAKER STREET
0.0,0,Manhattan,West St S Spring St - BBT Manhattan Portal outbound
32.31,166,Queens,QMT W Toll Plaza - Manhattan Side
41.63,55,Staten Island,SIE E VNB E FINGERBOARD ROAD - SI GANTRY LOWER LEVEL
55.3,110,Staten Island,WSE N-SIE E SOUTH AVENUE - SOUTH AVENUE
0.0,0,Staten Island,MLK S - SIE W WALKER STREET - RICHMOND AVENUE
32.93,131,Bronx,MDE S HARLEM RIVER PARK - GWB W AMSTERDAM AVENUE UPPER LEVEL
48.46,29,Staten Island,SIE W BRADLEY AVENUE - WOOLEY AVENUE
39.76,139,Bronx,BRP N WATSON AVENUE - FORDHAM ROAD
63.37,61,Staten Island,SIE W WOOLEY AVENUE - RICHMOND AVENUE
52.81,40,Brooklyn,VNB E-GOWANUS N BROOKLYN GANTRY LOWER LEVEL - 92ND STREET
34.79,292,Manhattan,FDR S 25th St - Catherine Slip
17.39,308,Queens,QMT W Toll Plaza - Manhattan Side
54.05,29,Staten Island,SIE E WOOLEY AVENUE - BRADLEY AVENUE
49.08,94,Brooklyn,VNB E SI GANTRY UPPER LEVEL - BROOKLYN GANTRY UPPER LEVEL
54.68,98,Queens,VWE N MP6.39 (Exit 11 Jewel Ave) - MP8.65 (Exit 13 Northern Blvd)
20.5,264,Manhattan,11th ave n ganservoort - 12th ave @ 40th st
55.92,48,Staten Island,SIE E SOUTH AVENUE - RICHMOND AVENUE
37.28,201,Bronx,BE S Griswold - Castle Hill Avenue
49.08,134,Staten Island,SIE E BRADLEY AVENUE - CLOVE ROAD
49.7,107,Queens,VWE N MP8.64 (Exit 13 Northern Blvd) - Whitestone Expwy Exit 14 (Linden Pl)
49.7,232,Queens,CIP N TNB - Whitestone Expwy S Exit 14 (Linden Pl)
47.22,45,Brooklyn,GOW S VNB W 92ND STREET - BKLYN GANTRY LOWER LEVEL
46.6,46,Brooklyn,VNB E-GOWANUS N BROOKLYN GANTRY UPPER LEVEL - 92ND STREET
0.0,0,Queens,QMT W Toll Plaza - Manhattan Side
6.21,898,Manhattan,West St S Spring St - BBT Manhattan Portal outbound
47.22,53,Bronx,BWB N Toll Plaza - HRP N Lafayatte Ave
47.22,56,Staten Island,SIE E SOUTH AVENUE - RICHMOND AVENUE
24.85,184,Brooklyn,VNB E SI GANTRY UPPER LEVEL - BROOKLYN GANTRY UPPER LEVEL
9.94,232,Manhattan,TBB W - FDR S MANHATTAN TRUSS - E116TH STREET
29.82,239,Brooklyn,BQE S 46TH STREET - LEONARD STREET
45.36,94,Bronx,CBE AMSTERDAM AVE (L/LVL) - MORRIS AVE
50.95,56,Staten Island,WSE S SOUTH AVENUE - VICTORY BOULEVARD
55.3,84,Bronx,BE N STRATFORD AVENUE - CASTLE HILL AVE
54.05,29,Staten Island,SIE E WOOLEY AVENUE - BRADLEY AVENUE
0.0,0,Bronx,BRP S FORDHAM ROAD - WATSON AVENUE
39.76,111,Bronx,BE S CASTLE HILL AVENUE - STRATFORD AVENUE
49.7,78,Staten Island,SIE E RICHMOND AVENUE - WOOLEY AVENUE
59.03,125,Manhattan,GWB E LOWER LEVEL PLAZA - CBE E LOWER LEVEL AMSTERDAM AVE
41.01,58,Manhattan,FDR N - TBB E 116TH STREET - MANHATTAN TRUSS
54.68,126,Queens,TNB N Queens Anchorage - Toll Plaza
47.84,159,Staten Island,WSE S TYRELLAN AVENUE - 440 S FRANCIS STREET
58.4,49,Staten Island,SIE W RICHMOND AVENUE - SOUTH AVENUE
0.0,0,Queens,Laurelton Pkwy S @ SSP - Belt Pkwy W 182nd St
48.46,136,Staten Island,SIE E BRADLEY AVENUE - CLOVE ROAD
57.78,86,Staten Island,WSE N BLOOMUINGDALE ROAD - ARDEN AVENUE
22.99,356,Bronx,CBE W U/LEV AMSTERDAM AVE - I95 S EXP LNS
21.74,292,Manhattan,BBT W Toll Plaza - Manhattan Portal
50.33,218,Queens,CIP S LIE - Hempstead Tpk
56.54,205,Queens,CIP N TNB - Whitestone Expwy S Exit 14 (Linden Pl)
50.95,63,Staten Island,WSE N VICTORY BLVD - SOUTH AVENUE
0.0,0,Brooklyn,GOW S 9TH STREET - 7TH AVENUE
0.0,0,Staten Island,MLK N WALKER STREET - NJ ROUTE 169
55.92,109,Staten Island,WSE N-SIE E SOUTH AVENUE - SOUTH AVENUE
0.0,0,Staten Island,SIE W - MLK N WOOLEY AVENUE - WLAKER STREET
55.3,125,Staten Island,SIE W - WSE S SOUTH AVENUE - SOUTH AVENUE
42.25,54,Staten Island,SIE E VNB E FINGERBOARD ROAD - SI GANTRY LOWER LEVEL
19.26,275,Queens,QMT W Toll Plaza - Manhattan Side
7.45,965,Queens,TBB N QUEENS ANCHORAGE - BE N
49.7,93,Brooklyn,VNB W BROOKLYN GANTRY LOWER LEVEL - SI GANTRY LOWER LEVEL
9.94,431,Bronx,CBE W MORRIS AVE - GWB W AMSTERDAM AVE (U/LVL)
66.48,77,Staten Island,WSE S ARDEN AVENUE - BLOOMINGDALE ROAD
3.1,2604,Bronx,CBE W L/LE V AMSTERDAM AVE - I 95 S LOC LNS
7.45,1086,Bronx,CBE W L/LE V AMSTERDAM AVE - I 95 S LOC LNS
11.8,993,Queens,Belt Pkwy W JFK Expressway - VWE N Jamaica Ave
52.19,82,Brooklyn,GOW S 7TH AVENUE - 92ND STREET
49.08,141,Queens,VWE S MP4.63 (Exit 6 Jamaica Ave) - MP2.66 (Exit 2 Roackaway Blvd)
0.0,0,Queens,TNB N Queens Anchorage - Toll Plaza
44.73,176,Staten Island,WSE S VICTORY BOULEVARD - ARDEN AVENUE
43.49,158,Manhattan,FDR N 25th - 63rd St
0.0,0,Staten Island,MLK S - SIE W WALKER STREET - RICHMOND AVENUE
54.05,103,Queens,Whitestone Expwy S Exit 14 (Linden Pl) - VWE S MP8.65 (Exit 13 Northern Blvd)
21.74,254,Queens,Whitestone Expwy S Exit 14 (Linden Pl) - VWE S MP8.65 (Exit 13 Northern Blvd)
0.0,0,Brooklyn,GOW N 92ND STREET - 7TH AVENUE
0.0,0,Staten Island,ROUTE 169 S - MLK WALKER STREET
50.33,43,Queens,CIP N ramp to TNB - TNB Queens Anchorage
21.12,202,Brooklyn,GOW N 92ND STREET - 7TH AVENUE
32.93,141,Bronx,BWB S Toll Plaza - Queens Anchorage
45.98,46,Brooklyn,GOW S VNB W 92ND STREET - BKLYN GANTRY LOWER LEVEL
55.92,89,Queens,LIE W 108TH ST - 84TH ST
0.0,0,Bronx,BRP S FORDHAM ROAD - WATSON AVENUE
18.64,175,Manhattan,12th Ave N 40th - 57th St
47.22,105,Queens,LIE E 84TH ST - 108TH ST
54.05,26,Staten Island,SIE W BRADLEY AVENUE - WOOLEY AVENUE
42.87,99,Bronx,CBE W MORRIS AVE - GWB W AMSTERDAM AVE (L/LVL)
59.03,186,Queens,CIP S LIE - Hempstead Tpk
13.04,189,Bronx,CBE W CASTLE HILL AVENUE - TAYLOR AVENUE
35.41,111,Staten Island,SIE E RICHMOND AVENUE - WOOLEY AVENUE
8.69,493,Bronx,CBE W MORRIS AVE - GWB W AMSTERDAM AVE (L/LVL)
58.4,43,Bronx,CBE W CASTLE HILL AVENUE - TAYLOR AVENUE
41.01,56,Staten Island,SIE E VNB E FINGERBOARD ROAD - SI GANTRY LOWER LEVEL
35.41,286,Manhattan,FDR S 25th St - Catherine Slip
14.91,373,Manhattan,West St S Spring St - BBT Manhattan Portal outbound
0.0,0,Manhattan,BQE N Atlantic Ave - BKN Bridge Manhattan Side
49.08,329,Queens,CIP NB GCP - TNB
11.8,418,Manhattan,LINCOLN TUNNEL W NORTH TUBE NY - NJ
21.12,254,Queens,QMT W Toll Plaza - Manhattan Side
37.9,122,Brooklyn,VNB E SI GANTRY UPPER LEVEL - BROOKLYN GANTRY UPPER LEVEL
0.0,0,Queens,TNB S Toll Plaza - Queens Anchorage
54.68,101,Queens,Whitestone Expwy S Exit 14 (Linden Pl) - VWE S MP8.65 (Exit 13 Northern Blvd)
6.83,595,Bronx,MDE S HARLEM RIVER PARK - GWB W AMSTERDAM AVENUE UPPER LEVEL
17.39,313,Manhattan,LINCOLN TUNNEL E SOUTH TUBE - NJ - NY
59.65,84,Staten Island,WSE N BLOOMUINGDALE ROAD - ARDEN AVENUE
49.7,100,Staten Island,WSE N BLOOMUINGDALE ROAD - ARDEN AVENUE
42.25,50,Staten Island,VNB W-SIE W SI GANTRY LOWER LEVEL - FINGERBOARD ROAD
0.0,0,Queens,BE S TBB EXIT RAMP - QUEENS ANCHORAGE
0.0,0,Brooklyn,GOW S 7TH AVENUE - 92ND STREET
0.0,0,Staten Island,MLK S - SIE E WALKER STREET - WOOLEY AVENUE
21.12,119,Bronx,CBE W CASTLE HILL AVENUE - TAYLOR AVENUE
50.95,149,Queens,CIP S Hempstead Tpk - Laurelton Pkwy @ SSP
14.91,284,Bronx,CBE AMSTERDAM AVE (L/LVL) - MORRIS AVE
0.0,0,Staten Island,MLK N WALKER STREET - NJ ROUTE 169
53.43,87,Brooklyn,VNB E SI GANTRY LOWER LEVEL - BROOLKYN GANTRY LOWER LEVEL
49.7,53,Staten Island,SIE E SOUTH AVENUE - RICHMOND AVENUE
54.05,138,Bronx,BE S Griswold - Castle Hill Avenue
59.03,85,Staten Island,WSE N BLOOMUINGDALE ROAD - ARDEN AVENUE
54.05,305,Queens,CVE NB GCP - WILLETS PT BLVD
54.68,152,Bronx,CBE E CASTLE HILL AVE - BE N WATERBURY AVE
50.33,153,Staten Island,WSE S TYRELLAN AVENUE - 440 S FRANCIS STREET
15.53,699,Queens,VWE S MP2.66 (Exit 2 Rockaway Blvd) - Belt Pkwy E 182nd St
48.46,103,Queens,LIE W 108TH ST - 84TH ST
43.49,90,Staten Island,SIE E RICHMOND AVENUE - WOOLEY AVENUE
10.56,520,Manhattan,LINCOLN TUNNEL W CENTER TUBE NY - NJ
42.87,54,Staten Island,SIE E VNB E FINGERBOARD ROAD - SI GANTRY LOWER LEVEL
48.46,148,Queens,MDE S TBB EXIT RAMP - QUEENS ANCHORAGE
44.11,54,Manhattan,FDR N - TBB E 116TH STREET - MANHATTAN TRUSS
0.0,0,Bronx,CBE W L/LE V AMSTERDAM AVE - I 95 S LOC LNS
47.84,59,Staten Island,WSE S SOUTH AVENUE - VICTORY BOULEVARD
42.87,49,Staten Island,VNB W-SIE W SI GANTRY LOWER LEVEL - FINGERBOARD ROAD
59.03,43,Bronx,CBE E TAYLOR AVENUE - CASTLE HILL AVENUE
59.65,132,Staten Island,WSE S VICTORY BOULEVARD - ARDEN AVENUE
38.52,129,Manhattan,LINCOLN TUNNEL W NORTH TUBE NY - NJ
36.03,208,Queens,TBB S MANHATTAN LIFT SPAN - QUEENS ANCHORAGE
49.08,32,Staten Island,SIE E WOOLEY AVENUE - BRADLEY AVENUE
57.78,49,Staten Island,SIE W RICHMOND AVENUE - SOUTH AVENUE
45.36,255,Queens,CIP N TNB - Whitestone Expwy S Exit 14 (Linden Pl)
47.84,115,Queens,Whitestone Expwy S Exit 14 (Linden Pl) - VWE S MP8.65 (Exit 13 Northern Blvd)
37.9,117,Bronx,BE S CASTLE HILL AVENUE - STRATFORD AVENUE
0.0,0,Manhattan,BQE N Atlantic Ave - MAN Bridge Manhattan Side
39.76,172,Manhattan,FDR S 63rd - 25th St
30.44,381,Queens,CIP N TNB - Whitestone Expwy S Exit 14 (Linden Pl)
51.57,120,Staten Island,WSE S BLLOMINGDALE ROAD - TYRELLAN AVENUE
0.0,0,Staten Island,MLK S - SIE W WALKER STREET - RICHMOND AVENUE
19.26,285,Manhattan,LINCOLN TUNNEL W CENTER TUBE NY - NJ
44.73,359,Queens,CIP NB GCP - TNB
55.3,84,Queens,BWB N Queens Anchorage - Toll Plaza
6.83,681,Manhattan,LINCOLN TUNNEL W NORTH TUBE NY - NJ
46.6,91,Bronx,CBE AMSTERDAM AVE (L/LVL) - MORRIS AVE
54.68,29,Staten Island,SIE E WOOLEY AVENUE - BRADLEY AVENUE
57.16,281,Queens,CIP NB GCP - TNB
47.84,52,Bronx,BWB N Toll Plaza - HRP N Lafayatte Ave
44.11,263,Queens,CIP N TNB - Whitestone Expwy S Exit 14 (Linden Pl)
16.15,159,Manhattan,FDR S Catherine Slip - BKN Bridge Manhattan Side
43.49,57,Bronx,HRP S Lafayette Ave - BWB S Toll Plaza
49.08,32,Staten Island,SIE E WOOLEY AVENUE - BRADLEY AVENUE
44.73,124,Bronx,BRP N WATSON AVENUE - FORDHAM ROAD
47.22,125,Staten Island,SIE W FINGERBOARD ROAD - CLOVE ROAD
21.74,246,Queens,VWE S MP8.65 (Exit 13 Northern Blvd) - MP6.39 (Exit 11 Jewel Ave)
54.05,132,Brooklyn,BQE N LEONARD STREET - 46TH STREET
59.03,84,Queens,LIE W 108TH ST - 84TH ST
57.78,129,Bronx,BE N Castle Hill Avenue - Griswold Ave
54.68,98,Queens,VWE S MP8.65 (Exit 13 Northern Blvd) - MP6.39 (Exit 11 Jewel Ave)
59.65,102,Staten Island,WSE N-SIE E SOUTH AVENUE - SOUTH AVENUE
4.34,871,Bronx,CBE W MORRIS AVE - GWB W AMSTERDAM AVE (U/LVL)
10.56,402,Bronx,CBE AMSTERDAM AVE (L/LVL) - MORRIS AVE
48.46,88,Brooklyn,GOW S 7TH AVENUE - 92ND STREET
54.68,136,Bronx,BE N Castle Hill Avenue - Griswold Ave
21.74,370,Queens,TBB N QUEENS ANCHORAGE - MANHATTAN LIFT SPAN
31.06,387,Queens,Belt Pkwy W JFK Expressway - VWE N Jamaica Ave
68.35,76,Staten Island,WSE S ARDEN AVENUE - BLOOMINGDALE ROAD
52.19,81,Bronx,CBE E AMSTERDAM AVE(U/LVL) - MORRIS AVE
0.0,0,Staten Island,MLK S - SIE E WALKER STREET - WOOLEY AVENUE
26.09,149,Queens,LIE WB LITTLE NECK PKWY - NB CIP
42.87,54,Staten Island,SIE E VNB E FINGERBOARD ROAD - SI GANTRY LOWER LEVEL
36.66,319,Queens,CIP N LIE ramp - TNB
54.68,176,Queens,LIE WB LITTLE NECK PKWY - NB CVE
50.33,326,Queens,CVE NB GCP - WILLETS PT BLVD
55.3,136,Staten Island,WSE N TYRELLAN AVENUE - BLOOMINGDALE ROAD
55.3,198,Queens,CVE NB LIE - WILLETS PT BLVD
26.09,275,Brooklyn,BQE N LEONARD STREET - 46TH STREET
13.67,530,Queens,TBB N QUEENS ANCHORAGE - BE N
41.01,135,Manhattan,LINCOLN TUNNEL W CENTER TUBE NY - NJ
38.52,78,Queens,BE S TBB EXIT RAMP - MANHATTAN LIFT SPAN
50.95,105,Queens,VWE N MP6.39 (Exit 11 Jewel Ave) - MP8.65 (Exit 13 Northern Blvd)
44.11,177,Staten Island,WSE S VICTORY BOULEVARD - ARDEN AVENUE
31.68,173,Manhattan,LINCOLN TUNNEL W CENTER TUBE NY - NJ
0.0,0,Manhattan,BQE N Atlantic Ave - MAN Bridge Manhattan Side
54.05,139,Bronx,BE N Castle Hill Avenue - Griswold Ave
58.4,139,Bronx,I-87 NYST S Exit 1 - MDE S Van Cortlandt Park
50.95,105,Queens,VWE N MP6.39 (Exit 11 Jewel Ave) - MP8.65 (Exit 13 Northern Blvd)
35.41,110,Staten Island,SIE E RICHMOND AVENUE - WOOLEY AVENUE
41.01,51,Staten Island,VNB W-SIE W SI GANTRY LOWER LEVEL - FINGERBOARD ROAD
19.26,278,Manhattan,QMT E Manhattan Side - Toll Plaza
0.0,0,Brooklyn,GOW N 7TH AVENUE - 9TH STREET
0.0,0,Brooklyn,GOW S 9TH STREET - 7TH AVENUE
32.93,154,Bronx,MDE N RFK Bridge - 142nd St
54.68,125,Queens,TNB S Toll Plaza - Queens Anchorage
45.36,48,Queens,CIP N ramp to TNB - TNB Queens Anchorage
0.0,0,Staten Island,SIE E-MLK N RICHMOND AVENUE - WALKER STREET
60.27,274,Queens,CVE NB GCP - WILLETS PT BLVD
0.0,0,Queens,BE S TBB EXIT RAMP - QUEENS ANCHORAGE
9.94,706,Brooklyn,BQE S 46TH STREET - LEONARD STREET
49.08,94,Queens,BWB N Queens Anchorage - Toll Plaza
49.08,87,Brooklyn,GOW S 7TH AVENUE - 92ND STREET
1.86,2919,Manhattan,BBT W Toll Plaza - Manhattan Portal
0.0,0,Queens,TNB S Toll Plaza - Queens Anchorage
44.73,56,Bronx,HRP S Lafayette Ave - BWB S Toll Plaza
32.93,167,Manhattan,LINCOLN TUNNEL W CENTER TUBE NY - NJ
37.28,222,Bronx,CBE W U/LEV AMSTERDAM AVE - I95 S EXP LNS
42.87,168,Queens,MDE S TBB EXIT RAMP - QUEENS ANCHORAGE
0.0,0,Brooklyn,BQE S - GOW S ALTANTIC AVENUE - 9TH STREET
46.6,45,Brooklyn,GOW S VNB W 92ND STREET - BKLYN GANTRY LOWER LEVEL
14.29,388,Manhattan,LINCOLN TUNNEL E SOUTH TUBE - NJ - NY
55.3,120,Staten Island,SIE E BRADLEY AVENUE - CLOVE ROAD
31.06,368,Queens,CIP N TNB - Whitestone Expwy S Exit 14 (Linden Pl)
34.17,155,Queens,VWE S MP8.65 (Exit 13 Northern Blvd) - MP6.39 (Exit 11 Jewel Ave)
11.18,236,Manhattan,FDR S Catherine Slip - BKN Bridge Manhattan Side
55.3,290,Queens,CIP NB GCP - TNB
48.46,148,Queens,MDE S TBB EXIT RAMP - QUEENS ANCHORAGE
0.0,0,Brooklyn,GOW N 9TH STREET - ATLANTIC AVENUE
36.03,44,Staten Island,SIE E WOOLEY AVENUE - BRADLEY AVENUE
3.72,1370,Manhattan,LINCOLN TUNNEL E CENTER TUBE NJ - NY
31.68,281,Queens,VWE N MP4.63 (Exit 6 - Jamaica Ave) - MP6.39 (Exit 11 Jewel Ave)
23.61,351,Bronx,CBE W U/LEV AMSTERDAM AVE - I95 S EXP LNS
55.3,67,Queens,Belt Pkwy W 182nd St - JFK Expressway
9.94,633,Manhattan,BBT W Toll Plaza - Manhattan Portal
36.66,203,Bronx,BE S Griswold - Castle Hill Avenue
48.46,81,Staten Island,SIE W WOOLEY AVENUE - RICHMOND AVENUE
60.27,268,Queens,CIP NB GCP - TNB
50.33,28,Staten Island,SIE W BRADLEY AVENUE - WOOLEY AVENUE
41.01,201,Bronx,CBE W U/LEV AMSTERDAM AVE - I95 S EXP LNS
55.92,79,Bronx,HRP N LAFAYETTE AVENUE - E TREMONT AVENUE
6.83,1267,Queens,VWE S MP6.39 (Exit 11 Jewel Ave) - MP4.63 (Exit 6 Jamaica Ave)
47.22,249,Queens,CIP N LIE ramp - TNB
57.78,277,Queens,CIP NB GCP - TNB
14.29,350,Manhattan,LINCOLN TUNNEL W NORTH TUBE NY - NJ
0.0,0,Manhattan,BQE N Atlantic Ave - MAN Bridge Manhattan Side
50.33,56,Staten Island,SIE W RICHMOND AVENUE - SOUTH AVENUE
39.14,99,Staten Island,SIE E RICHMOND AVENUE - WOOLEY AVENUE
50.95,91,Brooklyn,VNB E SI GANTRY UPPER LEVEL - BROOKLYN GANTRY UPPER LEVEL
39.14,54,Staten Island,VNB W-SIE W SI GANTRY LOWER LEVEL - FINGERBOARD ROAD
45.36,166,Queens,TBB S MANHATTAN LIFT SPAN - QUEENS ANCHORAGE
11.18,208,Manhattan,FDR N - TBB E 116TH STREET - MANHATTAN TRUSS
11.18,778,Queens,VWE S MP6.39 (Exit 11 Jewel Ave) - MP4.63 (Exit 6 Jamaica Ave)
54.68,151,Bronx,CBE E CASTLE HILL AVE - BE N WATERBURY AVE
0.0,0,Bronx,BRP S FORDHAM ROAD - WATSON AVENUE
46.6,54,Bronx,BWB N Toll Plaza - HRP N Lafayatte Ave
43.49,158,Queens,TNB N Queens Anchorage - Toll Plaza
39.14,502,Manhattan,Westside Hwy S GWB - 57th St
10.56,221,Staten Island,SIE E VNB E FINGERBOARD ROAD - SI GANTRY LOWER LEVEL
54.05,202,Queens,CIP S LIE - Hempstead Tpk
0.0,0,Brooklyn,GOW S 9TH STREET - 7TH AVENUE
44.73,88,Staten Island,SIE W WOOLEY AVENUE - RICHMOND AVENUE
43.49,58,Bronx,HRP S Lafayette Ave - BWB S Toll Plaza
52.81,74,Staten Island,SIE E RICHMOND AVENUE - WOOLEY AVENUE
52.19,51,Queens,TNB S Qns Anchorage - CIP S @ TNB
14.29,500,Brooklyn,BQE S 46TH STREET - LEONARD STREET
9.94,255,Bronx,CBE W CASTLE HILL AVENUE - TAYLOR AVENUE
50.33,85,Brooklyn,GOW S 7TH AVENUE - 92ND STREET
3.72,571,Manhattan,12th Ave S 57th St - 45th St
44.73,51,Staten Island,SIE E VNB E FINGERBOARD ROAD - SI GANTRY UPPER LEVEL
60.27,273,Queens,CVE NB GCP - WILLETS PT BLVD
42.87,50,Brooklyn,GOW S VNB W 92ND STREET - BKLYN GANTRY UPPER LEVEL
41.01,134,Manhattan,LINCOLN TUNNEL W CENTER TUBE NY - NJ
40.38,53,Staten Island,VNB W-SIE W SI GANTRY LOWER LEVEL - FINGERBOARD ROAD
29.2,184,Queens,QMT W Toll Plaza - Manhattan Side
61.51,133,Bronx,I-87 NYST S Exit 1 - MDE S Van Cortlandt Park
0.0,0,Staten Island,ROUTE 169 S - MLK WALKER STREET
45.36,67,Queens,BE S TBB EXIT RAMP - MANHATTAN LIFT SPAN
39.14,194,Queens,CIP S Hempstead Tpk - Laurelton Pkwy @ SSP
48.46,184,Queens,VWE S MP6.39 (Exit 11 Jewel Ave) - MP4.63 (Exit 6 Jamaica Ave)
45.36,158,Brooklyn,BQE N LEONARD STREET - 46TH STREET
0.0,0,Brooklyn,BQE S - GOW S ALTANTIC AVENUE - 9TH STREET
56.54,162,Queens,Belt Pkwy E 182nd St - Laurelton Pkwy N @ SSP
16.77,330,Manhattan,LINCOLN TUNNEL E SOUTH TUBE - NJ - NY
0.0,0,Bronx,CBE W L/LE V AMSTERDAM AVE - I 95 S LOC LNS
31.06,349,Queens,VWE S MP2.66 (Exit 2 Rockaway Blvd) - Belt Pkwy E 182nd St
30.44,85,Manhattan,BKN Bridge Manhattan Side - FDR N Catherine Slip
9.32,1118,Queens,CIP N Hempstead Tpk - LIE
44.73,185,Bronx,CBE W U/LEV AMSTERDAM AVE - I95 S EXP LNS
38.52,55,Staten island,VNB W-SIE W SI GANTRY UPPER LEVEL - FINGERBOARD ROAD
34.17,89,Queens,BE S TBB EXIT RAMP - MANHATTAN LIFT SPAN
49.7,108,Queens,VWE S MP8.65 (Exit 13 Northern Blvd) - MP6.39 (Exit 11 Jewel Ave)
6.21,823,Bronx,BRP N WATSON AVENUE - FORDHAM ROAD
11.8,352,Bronx,CBE E AMSTERDAM AVE(U/LVL) - MORRIS AVE
14.91,721,Queens,VWE S MP2.66 (Exit 2 Rockaway Blvd) - Belt Pkwy E 182nd St
54.68,97,Queens,VWE N MP8.64 (Exit 13 Northern Blvd) - Whitestone Expwy Exit 14 (Linden Pl)
59.03,76,Bronx,HRP N LAFAYETTE AVENUE - E TREMONT AVENUE
13.67,416,Staten Island,SIE W FINGERBOARD ROAD - CLOVE ROAD
55.3,136,Bronx,BE N Castle Hill Avenue - Griswold Ave
49.7,93,Queens,BWB N Queens Anchorage - Toll Plaza
0.0,0,Manhattan,LINCOLN TUNNEL E CENTER TUBE NJ - NY
31.68,168,Manhattan,QMT E Manhattan Side - Toll Plaza
49.08,87,Brooklyn,GOW S 7TH AVENUE - 92ND STREET
0.0,0,Queens,CIP N Hempstead Tpk - LIE
50.95,90,Brooklyn,VNB W BROOKLYN GANTRY LOWER LEVEL - SI GANTRY LOWER LEVEL
0.0,0,Manhattan,BQE N Atlantic Ave - BKN Bridge Manhattan Side
19.26,117,Manhattan,12th Ave S 57th St - 45th St
3.1,1630,Bronx,BRP N WATSON AVENUE - FORDHAM ROAD
42.87,49,Staten island,VNB W-SIE W SI GANTRY UPPER LEVEL - FINGERBOARD ROAD
0.0,0,Manhattan,BQE N Atlantic Ave - MAN Bridge Manhattan Side
49.08,159,Staten Island,WSE N ARDEN AVENUE - VICTORY BLVD
45.36,178,Queens,TBB N QUEENS ANCHORAGE - MANHATTAN LIFT SPAN
47.22,249,Queens,CIP N LIE ramp - TNB
40.38,108,Bronx,MDE S HARLEM RIVER PARK - GWB W AMSTERDAM AVENUE UPPER LEVEL
45.36,102,Bronx,BE N STRATFORD AVENUE - CASTLE HILL AVE
58.4,55,Staten Island,WSE N VICTORY BLVD - SOUTH AVENUE
35.41,155,Queens,Whitestone Expwy S Exit 14 (Linden Pl) - VWE S MP8.65 (Exit 13 Northern Blvd)
55.92,48,Staten Island,SIE E SOUTH AVENUE - RICHMOND AVENUE
45.98,101,Queens,BWB N Queens Anchorage - Toll Plaza
13.04,240,Manhattan,12th Ave N 40th - 57th St
60.27,65,Staten Island,SIE W WOOLEY AVENUE - RICHMOND AVENUE
38.52,61,Manhattan,FDR N - TBB E 116TH STREET - MANHATTAN TRUSS
29.2,235,Queens,VWE S MP4.63 (Exit 6 Jamaica Ave) - MP2.66 (Exit 2 Roackaway Blvd)
54.05,143,Staten Island,440 N FRANCIS STREET - WSE N TYRELLAN AVE
51.57,104,Queens,VWE S MP8.65 (Exit 13 Northern Blvd) - MP6.39 (Exit 11 Jewel Ave)
30.44,100,Queens,BE S TBB EXIT RAMP - MANHATTAN LIFT SPAN
56.54,108,Staten Island,WSE N-SIE E SOUTH AVENUE - SOUTH AVENUE
17.39,301,Manhattan,QMT E Manhattan Side - Toll Plaza
15.53,427,Manhattan,FDR N 25th - 63rd St
53.43,100,Queens,VWE N MP6.39 (Exit 11 Jewel Ave) - MP8.65 (Exit 13 Northern Blvd)
0.0,0,Manhattan,BQE N Atlantic Ave - MAN Bridge Manhattan Side
24.23,295,Brooklyn,BQE N LEONARD STREET - 46TH STREET
55.3,84,Brooklyn,VNB W BROOKLYN GANTRY LOWER LEVEL - SI GANTRY LOWER LEVEL
55.3,70,Staten Island,SIE E RICHMOND AVENUE - WOOLEY AVENUE
54.68,84,Brooklyn,VNB W BROOKLYN GANTRY UPPER LEVEL - SI GANTRY UPPER LEVEL
56.54,66,Queens,Belt Pkwy W 182nd St - JFK Expressway
31.68,82,Manhattan,BKN Bridge Manhattan Side - FDR N Catherine Slip
41.01,203,Bronx,CBE W U/LEV AMSTERDAM AVE - I95 S EXP LNS
0.0,0,Manhattan,West St S Spring St - BBT Manhattan Portal outbound
18.01,490,Queens,VWE S MP6.39 (Exit 11 Jewel Ave) - MP4.63 (Exit 6 Jamaica Ave)
0.0,0,Staten Island,MLK N WALKER STREET - NJ ROUTE 169
45.36,48,Queens,CIP N ramp to TNB - TNB Queens Anchorage
0.0,0,Staten Island,MLK S - SIE E WALKER STREET - WOOLEY AVENUE
21.12,106,Manhattan,12th Ave S 57th St - 45th St
21.74,121,Queens,TNB S Qns Anchorage - CIP S @ TNB
4.97,2274,Queens,Belt Pkwy W JFK Expressway - VWE N Jamaica Ave
57.16,121,Queens,VWE S MP4.63 (Exit 6 Jamaica Ave) - MP2.66 (Exit 2 Roackaway Blvd)
42.87,54,Staten Island,SIE E VNB E FINGERBOARD ROAD - SI GANTRY LOWER LEVEL
39.76,58,Staten Island,SIE E VNB E FINGERBOARD ROAD - SI GANTRY LOWER LEVEL
53.43,47,Bronx,CBE W CASTLE HILL AVENUE - TAYLOR AVENUE
11.8,602,Queens,TBB N QUEENS ANCHORAGE - BE N
35.41,130,Bronx,BWB S Toll Plaza - Queens Anchorage
31.68,45,Staten Island,SIE W BRADLEY AVENUE - WOOLEY AVENUE
54.68,125,Queens,TNB S Toll Plaza - Queens Anchorage
55.3,142,Staten Island,WSE N ARDEN AVENUE - VICTORY BLVD
37.9,235,Queens,VWE N MP4.63 (Exit 6 - Jamaica Ave) - MP6.39 (Exit 11 Jewel Ave)
60.89,82,Staten Island,WSE N BLOOMUINGDALE ROAD - ARDEN AVENUE
21.74,109,Manhattan,TBB W - FDR S MANHATTAN TRUSS - E116TH STREET
57.16,66,Queens,Belt Pkwy W 182nd St - JFK Expressway
54.05,49,Queens,TNB S Qns Anchorage - CIP S @ TNB
19.26,295,Manhattan,West St S Spring St - BBT Manhattan Portal outbound
54.05,26,Staten Island,SIE W BRADLEY AVENUE - WOOLEY AVENUE
43.49,49,Brooklyn,GOW S VNB W 92ND STREET - BKLYN GANTRY UPPER LEVEL
22.99,295,Queens,VWE S MP4.63 (Exit 6 Jamaica Ave) - MP2.66 (Exit 2 Roackaway Blvd)
48.46,78,Queens,Belt Pkwy W 182nd St - JFK Expressway
16.15,302,Queens,LIE W 108TH ST - 84TH ST
0.0,0,Brooklyn,GOW N 9TH STREET - ATLANTIC AVENUE
22.99,232,Manhattan,QMT E Manhattan Side - Toll Plaza
18.01,177,Manhattan,12th Ave N 40th - 57th St
50.95,125,Queens,BWB S Queens Anchorage - WSE S Exit 14 (Linden Pl)
55.92,95,Queens,VWE N MP8.64 (Exit 13 Northern Blvd) - Whitestone Expwy Exit 14 (Linden Pl)
11.8,470,Manhattan,LINCOLN TUNNEL E CENTER TUBE NJ - NY
0.0,0,Manhattan,LINCOLN TUNNEL W NORTH TUBE NY - NJ
59.65,87,Staten Island,WSE S ARDEN AVENUE - BLOOMINGDALE ROAD
9.94,551,Manhattan,LINCOLN TUNNEL E SOUTH TUBE - NJ - NY
43.49,70,Queens,BE S TBB EXIT RAMP - MANHATTAN LIFT SPAN
61.51,99,Staten Island,WSE N-SIE E SOUTH AVENUE - SOUTH AVENUE
36.03,154,Manhattan,LINCOLN TUNNEL W CENTER TUBE NY - NJ
37.9,56,Brooklyn,VNB E-GOWANUS N BROOKLYN GANTRY UPPER LEVEL - 92ND STREET
0.0,0,Staten Island,MLK S - SIE W WALKER STREET - RICHMOND AVENUE
0.0,0,Queens,CIP N Hempstead Tpk - LIE
56.54,82,Brooklyn,VNB W BROOKLYN GANTRY LOWER LEVEL - SI GANTRY LOWER LEVEL
49.08,195,Queens,LIE WB LITTLE NECK PKWY - NB CVE
64.0,251,Queens,CIP NB GCP - TNB
50.33,53,Staten Island,SIE E SOUTH AVENUE - RICHMOND AVENUE
49.7,54,Queens,TNB S Qns Anchorage - CIP S @ TNB
30.44,129,Queens,LIE WB LITTLE NECK PKWY - NB CIP
16.77,592,Manhattan,FDR N Catherine Slip - 25th St
0.0,0,Bronx,CBE W L/LE V AMSTERDAM AVE - I 95 S LOC LNS
54.05,171,Queens,Laurelton Pkwy S @ SSP - Belt Pkwy W 182nd St
44.11,446,Manhattan,Westside Hwy N 57th St - GWB
55.3,83,Bronx,BE N STRATFORD AVENUE - CASTLE HILL AVE
0.0,0,Staten Island,MLK S - SIE E WALKER STREET - WOOLEY AVENUE
62.75,82,Staten Island,WSE S ARDEN AVENUE - BLOOMINGDALE ROAD
46.6,99,Brooklyn,VNB E SI GANTRY LOWER LEVEL - BROOLKYN GANTRY LOWER LEVEL
0.0,0,Queens,TNB S Toll Plaza - Queens Anchorage
49.7,185,Queens,Belt Pkwy E 182nd St - Laurelton Pkwy N @ SSP
0.0,0,Bronx,CBE W L/LE V AMSTERDAM AVE - I 95 S LOC LNS
19.88,300,Staten Island,WSE N-SIE E SOUTH AVENUE - SOUTH AVENUE
6.21,682,Bronx,CBE W MORRIS AVE - GWB W AMSTERDAM AVE (L/LVL)
64.62,80,Staten Island,WSE S ARDEN AVENUE - BLOOMINGDALE ROAD
7.45,856,Manhattan,12th ave @ 45th - 11 ave ganservoort st
0.0,0,Brooklyn,BQE S - GOW S ALTANTIC AVENUE - 9TH STREET
41.01,53,Queens,CIP N ramp to TNB - TNB Queens Anchorage
52.81,81,Brooklyn,GOW N 92ND STREET - 7TH AVENUE
8.07,651,Manhattan,LINCOLN TUNNEL E SOUTH TUBE - NJ - NY
57.78,160,Queens,Laurelton Pkwy S @ SSP - Belt Pkwy W 182nd St
39.14,210,Bronx,CBE W U/LEV AMSTERDAM AVE - I95 S EXP LNS
49.7,32,Staten Island,SIE E WOOLEY AVENUE - BRADLEY AVENUE
26.09,313,Bronx,CBE W U/LEV AMSTERDAM AVE - I95 S EXP LNS
56.54,108,Staten Island,WSE N-SIE E SOUTH AVENUE - SOUTH AVENUE
23.61,303,Brooklyn,BQE N LEONARD STREET - 46TH STREET
0.0,0,Manhattan,BQE N Atlantic Ave - BKN Bridge Manhattan Side
49.7,50,Bronx,BWB N Toll Plaza - HRP N Lafayatte Ave
0.0,0,Manhattan,BQE N Atlantic Ave - MAN Bridge Manhattan Side
20.5,126,Manhattan,FDR S Catherine Slip - BKN Bridge Manhattan Side
36.66,242,Queens,VWE S MP6.39 (Exit 11 Jewel Ave) - MP4.63 (Exit 6 Jamaica Ave)
53.43,134,Brooklyn,BQE N LEONARD STREET - 46TH STREET
1.86,2719,Manhattan,BBT E Manhattan Portal - Toll Plaza
32.31,209,Manhattan,FDR N 25th - 63rd St
55.3,117,Queens,BWB S Queens Anchorage - WSE S Exit 14 (Linden Pl)
45.36,239,Queens,CVE NB LIE - WILLETS PT BLVD
49.7,166,Bronx,CBE E CASTLE HILL AVE - BE N WATERBURY AVE
0.0,0,Manhattan,Westside Hwy N 57th St - GWB
50.95,122,Staten Island,WSE S BLLOMINGDALE ROAD - TYRELLAN AVENUE
45.98,58,Queens,TNB S Qns Anchorage - CIP S @ TNB
14.91,667,Manhattan,FDR S 25th St - Catherine Slip
18.01,255,Bronx,BWB S Toll Plaza - Queens Anchorage
47.84,161,Staten Island,440 N FRANCIS STREET - WSE N TYRELLAN AVE
46.6,46,Brooklyn,GOW S VNB W 92ND STREET - BKLYN GANTRY LOWER LEVEL
34.17,136,Bronx,BWB S Toll Plaza - Queens Anchorage
51.57,177,Queens,Belt Pkwy E 182nd St - Laurelton Pkwy N @ SSP
21.12,514,Queens,VWE S MP2.66 (Exit 2 Rockaway Blvd) - Belt Pkwy E 182nd St
44.11,48,Staten Island,VNB W-SIE W SI GANTRY LOWER LEVEL - FINGERBOARD ROAD
0.0,0,Queens,QMT W Toll Plaza - Manhattan Side
0.0,0,Manhattan,BQE N Atlantic Ave - MAN Bridge Manhattan Side
45.36,94,Bronx,CBE E AMSTERDAM AVE(U/LVL) - MORRIS AVE
26.09,91,Manhattan,FDR N - TBB E 116TH STREET - MANHATTAN TRUSS
44.73,51,Staten Island,SIE E VNB E FINGERBOARD ROAD - SI GANTRY UPPER LEVEL
48.46,45,Queens,CIP N ramp to TNB - TNB Queens Anchorage
36.03,44,Staten Island,SIE E WOOLEY AVENUE - BRADLEY AVENUE
45.98,62,Staten Island,WSE S SOUTH AVENUE - VICTORY BOULEVARD
60.89,85,Staten Island,WSE S ARDEN AVENUE - BLOOMINGDALE ROAD
47.84,89,Brooklyn,GOW N 92ND STREET - 7TH AVENUE
47.84,93,Bronx,BE S CASTLE HILL AVENUE - STRATFORD AVENUE
50.33,136,Queens,TNB S Toll Plaza - Queens Anchorage
18.01,277,Manhattan,LINCOLN TUNNEL W NORTH TUBE NY - NJ
0.0,0,Queens,VWE S MP6.39 (Exit 11 Jewel Ave) - MP4.63 (Exit 6 Jamaica Ave)
57.16,289,Queens,CVE NB GCP - WILLETS PT BLVD
50.33,85,Bronx,CBE W MORRIS AVE - GWB W AMSTERDAM AVE (L/LVL)
22.36,197,Bronx,BE S CASTLE HILL AVENUE - STRATFORD AVENUE
39.76,40,Staten Island,SIE E WOOLEY AVENUE - BRADLEY AVENUE
57.78,136,Staten Island,WSE N ARDEN AVENUE - VICTORY BLVD
56.54,145,Bronx,I-87 NYST S Exit 1 - MDE S Van Cortlandt Park
17.39,411,Queens,TBB N QUEENS ANCHORAGE - BE N
54.05,52,Staten Island,WSE S SOUTH AVENUE - VICTORY BOULEVARD
2.48,874,Manhattan,12th Ave S 57th St - 45th St
0.0,0,Brooklyn,GOW N 9TH STREET - ATLANTIC AVENUE
7.45,337,Bronx,CBE W CASTLE HILL AVENUE - TAYLOR AVENUE
0.0,0,Brooklyn,BQE S - GOW S ALTANTIC AVENUE - 9TH STREET
49.08,76,Queens,Belt Pkwy W 182nd St - JFK Expressway
0.0,0,Manhattan,BQE N Atlantic Ave - BKN Bridge Manhattan Side
52.19,210,Queens,CVE NB LIE - WILLETS PT BLVD
53.43,143,Staten Island,WSE S TYRELLAN AVENUE - 440 S FRANCIS STREET
50.33,181,Queens,Laurelton Pkwy S @ SSP - Belt Pkwy W 182nd St
57.16,160,Queens,Laurelton Pkwy S @ SSP - Belt Pkwy W 182nd St
13.67,194,Manhattan,FDR S Catherine Slip - BKN Bridge Manhattan Side
37.28,238,Queens,VWE N MP4.63 (Exit 6 - Jamaica Ave) - MP6.39 (Exit 11 Jewel Ave)
36.66,260,Queens,LIE WB LITTLE NECK PKWY - NB CVE
45.36,47,Brooklyn,VNB E-GOWANUS N BROOKLYN GANTRY UPPER LEVEL - 92ND STREET
0.0,0,Manhattan,BQE N Atlantic Ave - MAN Bridge Manhattan Side
0.0,0,Manhattan,BQE N Atlantic Ave - BKN Bridge Manhattan Side
13.04,410,Manhattan,QMT E Manhattan Side - Toll Plaza
8.69,468,Bronx,CBE AMSTERDAM AVE (L/LVL) - MORRIS AVE
54.05,79,Brooklyn,GOW S 7TH AVENUE - 92ND STREET
44.11,57,Bronx,CBE E TAYLOR AVENUE - CASTLE HILL AVENUE
52.19,119,Staten Island,WSE S BLLOMINGDALE ROAD - TYRELLAN AVENUE
0.0,0,Staten Island,MLK S - SIE W WALKER STREET - RICHMOND AVENUE
50.33,50,Bronx,BWB N Toll Plaza - HRP N Lafayatte Ave
52.81,101,Queens,VWE N MP6.39 (Exit 11 Jewel Ave) - MP8.65 (Exit 13 Northern Blvd)
37.9,122,Bronx,BWB S Toll Plaza - Queens Anchorage
8.07,865,Queens,TBB N QUEENS ANCHORAGE - BE N
55.92,89,Staten Island,WSE N BLOOMUINGDALE ROAD - ARDEN AVENUE
58.4,85,Queens,LIE E 84TH ST - 108TH ST
4.34,724,Manhattan,11th ave s ganservoort - west st @ spring st
0.0,0,Staten Island,ROUTE 169 S - MLK WALKER STREET
47.84,112,Queens,VWE S MP8.65 (Exit 13 Northern Blvd) - MP6.39 (Exit 11 Jewel Ave)
39.76,58,Staten Island,SIE E VNB E FINGERBOARD ROAD - SI GANTRY LOWER LEVEL
45.36,167,Queens,CIP S Hempstead Tpk - Laurelton Pkwy @ SSP
34.17,270,Queens,Laurelton Pkwy S @ SSP - Belt Pkwy W 182nd St
18.01,79,Staten Island,SIE W BRADLEY AVENUE - WOOLEY AVENUE
45.98,34,Staten Island,SIE E WOOLEY AVENUE - BRADLEY AVENUE
28.58,407,Queens,CIP N LIE ramp - TNB
47.22,151,Brooklyn,BQE N LEONARD STREET - 46TH STREET
30.44,213,Manhattan,BBT E Manhattan Portal - Toll Plaza
22.99,387,Queens,VWE S MP6.39 (Exit 11 Jewel Ave) - MP4.63 (Exit 6 Jamaica Ave)
22.36,193,Bronx,MDE S HARLEM RIVER PARK - GWB W AMSTERDAM AVENUE UPPER LEVEL
32.31,169,Manhattan,LINCOLN TUNNEL W CENTER TUBE NY - NJ
57.16,103,Staten Island,SIE W FINGERBOARD ROAD - CLOVE ROAD
16.15,200,Manhattan,12th Ave N 40th - 57th St
36.66,244,Queens,VWE N MP4.63 (Exit 6 - Jamaica Ave) - MP6.39 (Exit 11 Jewel Ave)
10.56,223,Manhattan,TBB W - FDR S MANHATTAN TRUSS - E116TH STREET
26.09,192,Manhattan,LINCOLN TUNNEL W NORTH TUBE NY - NJ
49.7,138,Queens,TNB S Toll Plaza - Queens Anchorage
19.88,508,Manhattan,FDR N Catherine Slip - 25th St
55.92,145,Bronx,I-87 NYST S Exit 1 - MDE S Van Cortlandt Park
0.0,0,Staten Island,SIE W - MLK N WOOLEY AVENUE - WLAKER STREET
0.0,0,Staten Island,ROUTE 169 S - MLK WALKER STREET
21.12,255,Manhattan,11th ave n ganservoort - 12th ave @ 40th st
26.71,346,Queens,Belt Pkwy E 182nd St - Laurelton Pkwy N @ SSP
8.69,765,Manhattan,FDR N 25th - 63rd St
22.99,113,Manhattan,BKN Bridge Manhattan Side - FDR N Catherine Slip
22.36,306,Queens,VWE S MP4.63 (Exit 6 Jamaica Ave) - MP2.66 (Exit 2 Roackaway Blvd)
35.41,194,Manhattan,FDR S 63rd - 25th St
45.98,54,Bronx,BWB N Toll Plaza - HRP N Lafayatte Ave
0.0,0,Staten Island,WSE S TYRELLAN AVENUE - 440 S FRANCIS STREET
49.7,110,Queens,Whitestone Expwy S Exit 14 (Linden Pl) - VWE S MP8.65 (Exit 13 Northern Blvd)
25.47,173,Bronx,BE S CASTLE HILL AVENUE - STRATFORD AVENUE
35.41,66,Manhattan,FDR N - TBB E 116TH STREET - MANHATTAN TRUSS
50.95,84,Bronx,CBE AMSTERDAM AVE (L/LVL) - MORRIS AVE
47.22,45,Brooklyn,GOW S VNB W 92ND STREET - BKLYN GANTRY LOWER LEVEL
47.84,248,Queens,CIP N LIE ramp - TNB
22.99,130,Queens,BE S TBB EXIT RAMP - MANHATTAN LIFT SPAN
0.0,0,Staten Island,SIE W - MLK N WOOLEY AVENUE - WLAKER STREET
55.92,80,Bronx,HRP N LAFAYETTE AVENUE - E TREMONT AVENUE
37.28,292,Queens,CIP S LIE - Hempstead Tpk
31.68,174,Manhattan,LINCOLN TUNNEL E SOUTH TUBE - NJ - NY
23.61,224,Queens,QMT W Toll Plaza - Manhattan Side
41.63,164,Queens,TNB N Queens Anchorage - Toll Plaza
52.19,88,Brooklyn,VNB E SI GANTRY LOWER LEVEL - BROOLKYN GANTRY LOWER LEVEL
42.25,118,Manhattan,LINCOLN TUNNEL W NORTH TUBE NY - NJ
55.3,58,Staten Island,WSE N VICTORY BLVD - SOUTH AVENUE
31.06,159,Queens,LIE W 108TH ST - 84TH ST
44.11,106,Brooklyn,VNB E SI GANTRY LOWER LEVEL - BROOLKYN GANTRY LOWER LEVEL
55.3,297,Queens,CVE NB GCP - WILLETS PT BLVD
40.38,270,Queens,CIP S LIE - Hempstead Tpk
40.38,137,Manhattan,LINCOLN TUNNEL E SOUTH TUBE - NJ - NY
55.3,142,Staten Island,WSE N ARDEN AVENUE - VICTORY BLVD
54.05,102,Staten Island,SIE E CLOVE ROAD - FINGERBOARD ROAD
48.46,239,Queens,CIP N TNB - Whitestone Expwy S Exit 14 (Linden Pl)
0.0,0,Staten Island,SIE E-MLK N RICHMOND AVENUE - WALKER STREET
0.0,0,Brooklyn,GOW N 7TH AVENUE - 9TH STREET
37.9,146,Manhattan,LINCOLN TUNNEL W CENTER TUBE NY - NJ
41.63,179,Queens,TBB S MANHATTAN LIFT SPAN - QUEENS ANCHORAGE
0.0,0,Manhattan,LINCOLN TUNNEL E CENTER TUBE NJ - NY
45.98,46,Brooklyn,VNB E-GOWANUS N BROOKLYN GANTRY LOWER LEVEL - 92ND STREET
56.54,113,Queens,BWB S Queens Anchorage - WSE S Exit 14 (Linden Pl)
0.0,0,Staten Island,MLK N WALKER STREET - NJ ROUTE 169
25.47,217,Bronx,BRP N WATSON AVENUE - FORDHAM ROAD
58.4,113,Staten Island,SIE E BRADLEY AVENUE - CLOVE ROAD
9.94,244,Manhattan,TBB W - FDR S MANHATTAN TRUSS - E116TH STREET
18.64,591,Queens,CIP N Hempstead Tpk - LIE
54.05,40,Queens,CIP N ramp to TNB - TNB Queens Anchorage
1.24,3562,Manhattan,West St S Spring St - BBT Manhattan Portal outbound
37.28,317,Queens,CIP N LIE ramp - TNB
24.85,103,Manhattan,BKN Bridge Manhattan Side - FDR N Catherine Slip
16.77,330,Manhattan,LINCOLN TUNNEL E SOUTH TUBE - NJ - NY
52.81,94,Queens,LIE W 108TH ST - 84TH ST
5.59,986,Manhattan,West St S Spring St - BBT Manhattan Portal outbound
54.05,99,Queens,VWE N MP8.64 (Exit 13 Northern Blvd) - Whitestone Expwy Exit 14 (Linden Pl)
57.16,81,Brooklyn,VNB W BROOKLYN GANTRY LOWER LEVEL - SI GANTRY LOWER LEVEL
0.0,0,Brooklyn,BQE S 46TH STREET - LEONARD STREET
41.01,185,Queens,CIP S Hempstead Tpk - Laurelton Pkwy @ SSP
43.49,127,Queens,Whitestone Expwy S Exit 14 (Linden Pl) - VWE S MP8.65 (Exit 13 Northern Blvd)
50.95,91,Bronx,BWB S Toll Plaza - Queens Anchorage
46.6,61,Staten Island,SIE W RICHMOND AVENUE - SOUTH AVENUE
9.94,1183,Queens,Belt Pkwy W JFK Expressway - VWE N Jamaica Ave
34.79,46,Staten Island,SIE E WOOLEY AVENUE - BRADLEY AVENUE
53.43,87,Queens,BWB N Queens Anchorage - Toll Plaza
27.34,395,Queens,VWE S MP2.66 (Exit 2 Rockaway Blvd) - Belt Pkwy E 182nd St
54.05,47,Bronx,CBE E TAYLOR AVENUE - CASTLE HILL AVENUE
43.49,66,Staten Island,WSE S SOUTH AVENUE - VICTORY BOULEVARD
42.87,49,Brooklyn,GOW S VNB W 92ND STREET - BKLYN GANTRY UPPER LEVEL
37.9,113,Bronx,CBE W MORRIS AVE - GWB W AMSTERDAM AVE (L/LVL)
55.92,195,Queens,CIP S LIE - Hempstead Tpk
43.49,269,Queens,CIP N LIE ramp - TNB
25.47,197,Manhattan,LINCOLN TUNNEL W NORTH TUBE NY - NJ
17.39,155,Queens,TNB S Qns Anchorage - CIP S @ TNB
52.81,141,Staten Island,WSE N TYRELLAN AVENUE - BLOOMINGDALE ROAD
8.07,1091,Queens,VWE S MP6.39 (Exit 11 Jewel Ave) - MP4.63 (Exit 6 Jamaica Ave)
51.57,51,Queens,TNB S Qns Anchorage - CIP S @ TNB
52.81,30,Staten Island,SIE E WOOLEY AVENUE - BRADLEY AVENUE
19.26,278,Manhattan,QMT E Manhattan Side - Toll Plaza
0.0,0,Brooklyn,GOW N 7TH AVENUE - 9TH STREET
50.95,163,Bronx,CBE E CASTLE HILL AVE - BE N WATERBURY AVE
28.58,91,Manhattan,FDR S Catherine Slip - BKN Bridge Manhattan Side
56.54,146,Bronx,CBE E CASTLE HILL AVE - BE N WATERBURY AVE
0.0,0,Manhattan,LINCOLN TUNNEL E CENTER TUBE NJ - NY
52.81,105,Queens,Whitestone Expwy S Exit 14 (Linden Pl) - VWE S MP8.65 (Exit 13 Northern Blvd)
49.7,150,Bronx,BE S Griswold - Castle Hill Avenue
42.25,131,Staten Island,SIE E CLOVE ROAD - FINGERBOARD ROAD
65.24,60,Staten Island,SIE W WOOLEY AVENUE - RICHMOND AVENUE
52.19,89,Brooklyn,VNB W BROOKLYN GANTRY UPPER LEVEL - SI GANTRY UPPER LEVEL
36.03,148,Queens,VWE N MP6.39 (Exit 11 Jewel Ave) - MP8.65 (Exit 13 Northern Blvd)
47.22,98,Queens,BWB N Queens Anchorage - Toll Plaza
62.13,51,Staten Island,WSE N VICTORY BLVD - SOUTH AVENUE
37.28,211,Queens,Laurelton Pkwy N @ SSP - CIP N Hempstead Tpk
0.0,0,Staten Island,SIE W - MLK N WOOLEY AVENUE - WLAKER STREET
54.68,125,Queens,TNB S Toll Plaza - Queens Anchorage
26.09,247,Manhattan,BBT E Manhattan Portal - Toll Plaza
45.36,212,Queens,LIE WB LITTLE NECK PKWY - NB CVE
26.71,252,Manhattan,FDR N 25th - 63rd St
47.84,151,Queens,TBB N QUEENS ANCHORAGE - BE N
20.5,353,Queens,TBB N QUEENS ANCHORAGE - BE N
0.0,0,Staten Island,MLK S - SIE E WALKER STREET - WOOLEY AVENUE
58.4,118,Staten Island,SIE W - WSE S SOUTH AVENUE - SOUTH AVENUE
52.81,87,Brooklyn,VNB W BROOKLYN GANTRY LOWER LEVEL - SI GANTRY LOWER LEVEL
13.67,223,Queens,BE S TBB EXIT RAMP - MANHATTAN LIFT SPAN
57.16,138,Staten Island,WSE S VICTORY BOULEVARD - ARDEN AVENUE
41.63,472,Manhattan,Westside Hwy N 57th St - GWB
53.43,147,Staten Island,WSE S VICTORY BOULEVARD - ARDEN AVENUE
45.98,46,Brooklyn,VNB E-GOWANUS N BROOKLYN GANTRY LOWER LEVEL - 92ND STREET
50.33,49,Bronx,BWB N Toll Plaza - HRP N Lafayatte Ave
11.8,272,Manhattan,11th ave s ganservoort - west st @ spring st
46.6,118,Queens,Whitestone Expwy S Exit 14 (Linden Pl) - VWE S MP8.65 (Exit 13 Northern Blvd)
35.41,251,Queens,VWE N MP4.63 (Exit 6 - Jamaica Ave) - MP6.39 (Exit 11 Jewel Ave)
29.82,343,Manhattan,FDR S 25th St - Catherine Slip
39.76,187,Bronx,BE N Castle Hill Avenue - Griswold Ave
43.49,59,Manhattan,BKN Bridge Manhattan Side - FDR N Catherine Slip
51.57,128,Staten Island,SIE E BRADLEY AVENUE - CLOVE ROAD
0.0,0,Manhattan,LINCOLN TUNNEL E CENTER TUBE NJ - NY
55.92,45,Bronx,CBE W CASTLE HILL AVENUE - TAYLOR AVENUE
49.08,80,Staten Island,SIE E RICHMOND AVENUE - WOOLEY AVENUE
16.77,260,Bronx,MDE S HARLEM RIVER PARK - GWB W AMSTERDAM AVENUE UPPER LEVEL
54.68,110,Staten Island,WSE N-SIE E SOUTH AVENUE - SOUTH AVENUE
46.6,147,Manhattan,FDR S 63rd - 25th St
56.54,88,Staten Island,WSE N BLOOMUINGDALE ROAD - ARDEN AVENUE
48.46,114,Bronx,BRP N WATSON AVENUE - FORDHAM ROAD
0.0,0,Staten Island,SIE W - MLK N WOOLEY AVENUE - WLAKER STREET
57.78,77,Bronx,HRP N LAFAYETTE AVENUE - E TREMONT AVENUE
36.66,151,Staten Island,SIE E CLOVE ROAD - FINGERBOARD ROAD
11.18,946,Queens,VWE S MP2.66 (Exit 2 Rockaway Blvd) - Belt Pkwy E 182nd St
45.98,116,Queens,VWE N MP8.64 (Exit 13 Northern Blvd) - Whitestone Expwy Exit 14 (Linden Pl)
9.94,326,Manhattan,12th Ave N 40th - 57th St
43.49,90,Queens,LIE WB LITTLE NECK PKWY - NB CIP
35.41,211,Bronx,BE S Griswold - Castle Hill Avenue
25.47,282,Queens,MDE S TBB EXIT RAMP - QUEENS ANCHORAGE
54.68,26,Staten Island,SIE W BRADLEY AVENUE - WOOLEY AVENUE
43.49,134,Staten Island,SIE W FINGERBOARD ROAD - CLOVE ROAD
31.68,95,Queens,BE S TBB EXIT RAMP - MANHATTAN LIFT SPAN
37.9,132,Manhattan,LINCOLN TUNNEL W NORTH TUBE NY - NJ
42.25,50,Brooklyn,VNB E-GOWANUS N BROOKLYN GANTRY UPPER LEVEL - 92ND STREET
51.57,48,Bronx,BWB N Toll Plaza - HRP N Lafayatte Ave
6.83,592,Bronx,CBE W MORRIS AVE - GWB W AMSTERDAM AVE (L/LVL)
50.95,148,Staten Island,WSE N TYRELLAN AVENUE - BLOOMINGDALE ROAD
17.39,182,Manhattan,12th Ave N 40th - 57th St
44.73,182,Queens,TBB N QUEENS ANCHORAGE - MANHATTAN LIFT SPAN
55.3,125,Staten Island,SIE W - WSE S SOUTH AVENUE - SOUTH AVENUE
42.25,50,Brooklyn,GOW S VNB W 92ND STREET - BKLYN GANTRY UPPER LEVEL
47.84,33,Staten Island,SIE E WOOLEY AVENUE - BRADLEY AVENUE
48.46,96,Brooklyn,VNB W BROOKLYN GANTRY UPPER LEVEL - SI GANTRY UPPER LEVEL
58.4,135,Staten Island,WSE N ARDEN AVENUE - VICTORY BLVD
46.6,423,Manhattan,Westside Hwy N 57th St - GWB
0.0,0,Brooklyn,GOW N 9TH STREET - ATLANTIC AVENUE
52.19,88,Brooklyn,VNB W BROOKLYN GANTRY LOWER LEVEL - SI GANTRY LOWER LEVEL
47.84,89,Bronx,CBE E AMSTERDAM AVE(U/LVL) - MORRIS AVE
9.94,424,Bronx,MDE S HARLEM RIVER PARK - GWB W AMSTERDAM AVENUE UPPER LEVEL
0.0,0,Staten Island,ROUTE 169 S - MLK WALKER STREET
48.46,184,Queens,VWE N MP4.63 (Exit 6 - Jamaica Ave) - MP6.39 (Exit 11 Jewel Ave)
47.84,104,Queens,LIE W 108TH ST - 84TH ST
49.7,110,Queens,Whitestone Expwy S Exit 14 (Linden Pl) - VWE S MP8.65 (Exit 13 Northern Blvd)
28.58,93,Queens,TNB S Qns Anchorage - CIP S @ TNB
30.44,225,Queens,VWE S MP4.63 (Exit 6 Jamaica Ave) - MP2.66 (Exit 2 Roackaway Blvd)
27.96,362,Manhattan,FDR S 25th St - Catherine Slip
19.88,164,Manhattan,12th Ave N 40th - 57th St
47.84,97,Brooklyn,VNB W BROOKLYN GANTRY LOWER LEVEL - SI GANTRY LOWER LEVEL
50.33,164,Bronx,CBE E CASTLE HILL AVE - BE N WATERBURY AVE
0.0,0,Queens,TNB N Queens Anchorage - Toll Plaza
0.0,0,Staten Island,MLK S - SIE W WALKER STREET - RICHMOND AVENUE
13.67,513,Queens,TBB N QUEENS ANCHORAGE - BE N
39.76,77,Queens,BE S TBB EXIT RAMP - MANHATTAN LIFT SPAN
54.05,139,Bronx,BE N Castle Hill Avenue - Griswold Ave
58.4,86,Staten Island,WSE N BLOOMUINGDALE ROAD - ARDEN AVENUE
48.46,244,Queens,CIP N LIE ramp - TNB
29.2,233,Manhattan,FDR N 25th - 63rd St
52.19,150,Staten Island,WSE S VICTORY BOULEVARD - ARDEN AVENUE
41.01,216,Queens,VWE N MP4.63 (Exit 6 - Jamaica Ave) - MP6.39 (Exit 11 Jewel Ave)
36.66,66,Manhattan,TBB W - FDR S MANHATTAN TRUSS - E116TH STREET
6.83,816,Manhattan,West St S Spring St - BBT Manhattan Portal outbound
45.98,100,Brooklyn,VNB W BROOKLYN GANTRY UPPER LEVEL - SI GANTRY UPPER LEVEL
11.18,461,Manhattan,QMT E Manhattan Side - Toll Plaza
59.65,84,Staten Island,WSE N BLOOMUINGDALE ROAD - ARDEN AVENUE
56.54,131,Bronx,BE S Griswold - Castle Hill Avenue
55.92,48,Queens,TNB S Qns Anchorage - CIP S @ TNB
27.96,316,Queens,VWE S MP6.39 (Exit 11 Jewel Ave) - MP4.63 (Exit 6 Jamaica Ave)
0.0,0,Manhattan,LINCOLN TUNNEL W CENTER TUBE NY - NJ
32.93,378,Brooklyn,GOW N 7TH AVENUE - 9TH STREET
0.0,0,Staten Island,SIE W - MLK N WOOLEY AVENUE - WLAKER STREET
37.9,56,Staten island,VNB W-SIE W SI GANTRY UPPER LEVEL - FINGERBOARD ROAD
35.41,150,Queens,VWE S MP8.65 (Exit 13 Northern Blvd) - MP6.39 (Exit 11 Jewel Ave)
0.0,0,Staten Island,MLK S - SIE E WALKER STREET - WOOLEY AVENUE
0.0,0,Brooklyn,GOW S 9TH STREET - 7TH AVENUE
41.63,58,Manhattan,TBB W - FDR S MANHATTAN TRUSS - E116TH STREET
45.36,173,Staten Island,WSE S VICTORY BOULEVARD - ARDEN AVENUE
14.91,216,Manhattan,11th ave s ganservoort - west st @ spring st
51.57,121,Staten Island,WSE S BLLOMINGDALE ROAD - TYRELLAN AVENUE
0.0,0,Brooklyn,GOW N 9TH STREET - ATLANTIC AVENUE
55.3,84,Brooklyn,VNB E SI GANTRY LOWER LEVEL - BROOLKYN GANTRY LOWER LEVEL
0.0,0,Queens,TNB S Toll Plaza - Queens Anchorage
13.67,595,Queens,TBB N QUEENS ANCHORAGE - MANHATTAN LIFT SPAN
46.6,248,Queens,CIP N TNB - Whitestone Expwy S Exit 14 (Linden Pl)
52.81,111,Staten Island,SIE W FINGERBOARD ROAD - CLOVE ROAD
42.25,92,Queens,LIE WB LITTLE NECK PKWY - NB CIP
52.19,122,Queens,Whitestone Expwy N Exit 14 (Linden Pl) - BWB N Queens Anchorage
14.91,821,Queens,Belt Pkwy W JFK Expressway - VWE N Jamaica Ave
13.67,391,Manhattan,11th ave n ganservoort - 12th ave @ 40th st
48.46,66,Staten Island,WSE N VICTORY BLVD - SOUTH AVENUE
55.3,70,Staten Island,SIE W WOOLEY AVENUE - RICHMOND AVENUE
55.3,167,Queens,Belt Pkwy E 182nd St - Laurelton Pkwy N @ SSP
39.76,139,Manhattan,LINCOLN TUNNEL W CENTER TUBE NY - NJ
31.06,172,Manhattan,QMT E Manhattan Side - Toll Plaza
58.4,113,Staten Island,SIE E BRADLEY AVENUE - CLOVE ROAD
49.08,94,Bronx,BWB S Toll Plaza - Queens Anchorage
59.03,84,Staten Island,WSE N BLOOMUINGDALE ROAD - ARDEN AVENUE
51.57,83,Bronx,CBE E AMSTERDAM AVE(U/LVL) - MORRIS AVE
44.73,104,Bronx,BWB S Toll Plaza - Queens Anchorage
50.95,84,Bronx,CBE AMSTERDAM AVE (L/LVL) - MORRIS AVE
42.25,33,Staten Island,SIE W BRADLEY AVENUE - WOOLEY AVENUE
59.65,53,Staten Island,WSE N VICTORY BLVD - SOUTH AVENUE
55.92,134,Bronx,BE N Castle Hill Avenue - Griswold Ave
34.17,190,Manhattan,BBT E Manhattan Portal - Toll Plaza
27.96,247,Queens,VWE S MP4.63 (Exit 6 Jamaica Ave) - MP2.66 (Exit 2 Roackaway Blvd)
22.99,354,Bronx,CBE W U/LEV AMSTERDAM AVE - I95 S EXP LNS
0.0,0,Staten Island,MLK S - SIE E WALKER STREET - WOOLEY AVENUE
52.81,134,Brooklyn,BQE N LEONARD STREET - 46TH STREET
59.03,54,Staten Island,WSE N VICTORY BLVD - SOUTH AVENUE
57.78,77,Bronx,HRP N LAFAYETTE AVENUE - E TREMONT AVENUE
41.01,183,Queens,TBB S MANHATTAN LIFT SPAN - QUEENS ANCHORAGE
15.53,404,Manhattan,12th ave @ 45th - 11 ave ganservoort st
13.04,241,Manhattan,12th Ave N 40th - 57th St
56.54,132,Bronx,BE S Griswold - Castle Hill Avenue
18.01,290,Queens,VWE S MP8.65 (Exit 13 Northern Blvd) - MP6.39 (Exit 11 Jewel Ave)
0.0,0,Staten Island,ROUTE 169 S - MLK WALKER STREET
54.68,168,Queens,Laurelton Pkwy S @ SSP - Belt Pkwy W 182nd St
49.08,222,Queens,CVE NB LIE - WILLETS PT BLVD
27.34,372,Manhattan,FDR N Catherine Slip - 25th St
42.87,50,Staten island,VNB W-SIE W SI GANTRY UPPER LEVEL - FINGERBOARD ROAD
8.69,363,Manhattan,11th ave s ganservoort - west st @ spring st
0.0,0,Staten Island,SIE W - MLK N WOOLEY AVENUE - WLAKER STREET
48.46,95,Bronx,BE N STRATFORD AVENUE - CASTLE HILL AVE
23.61,461,Queens,VWE S MP2.66 (Exit 2 Rockaway Blvd) - Belt Pkwy E 182nd St
49.08,130,Queens,BWB S Queens Anchorage - WSE S Exit 14 (Linden Pl)
50.95,52,Queens,TNB S Qns Anchorage - CIP S @ TNB
33.55,129,Bronx,MDE S HARLEM RIVER PARK - GWB W AMSTERDAM AVENUE UPPER LEVEL
0.0,0,Manhattan,BBT W Toll Plaza - Manhattan Portal
47.22,98,Brooklyn,VNB W BROOKLYN GANTRY UPPER LEVEL - SI GANTRY UPPER LEVEL
52.19,145,Queens,CIP S Hempstead Tpk - Laurelton Pkwy @ SSP
49.08,94,Brooklyn,VNB W BROOKLYN GANTRY LOWER LEVEL - SI GANTRY LOWER LEVEL
45.98,46,Brooklyn,GOW S VNB W 92ND STREET - BKLYN GANTRY UPPER LEVEL
40.38,132,Queens,VWE N MP6.39 (Exit 11 Jewel Ave) - MP8.65 (Exit 13 Northern Blvd)
6.21,407,Bronx,CBE W CASTLE HILL AVENUE - TAYLOR AVENUE
55.3,298,Queens,CVE NB GCP - WILLETS PT BLVD
22.36,321,Brooklyn,BQE N LEONARD STREET - 46TH STREET
26.71,88,Manhattan,FDR N - TBB E 116TH STREET - MANHATTAN TRUSS
34.79,236,Bronx,CBE W U/LEV AMSTERDAM AVE - I95 S EXP LNS
55.3,110,Staten Island,WSE N-SIE E SOUTH AVENUE - SOUTH AVENUE
44.11,104,Brooklyn,VNB E SI GANTRY LOWER LEVEL - BROOLKYN GANTRY LOWER LEVEL
27.34,249,Queens,VWE S MP4.63 (Exit 6 Jamaica Ave) - MP2.66 (Exit 2 Roackaway Blvd)
52.19,88,Brooklyn,VNB E SI GANTRY UPPER LEVEL - BROOKLYN GANTRY UPPER LEVEL
41.01,134,Manhattan,LINCOLN TUNNEL W CENTER TUBE NY - NJ
22.36,302,Manhattan,FDR N 25th - 63rd St
52.19,177,Queens,Laurelton Pkwy S @ SSP - Belt Pkwy W 182nd St
0.0,0,Brooklyn,GOW N 9TH STREET - ATLANTIC AVENUE
44.11,48,Brooklyn,GOW S VNB W 92ND STREET - BKLYN GANTRY UPPER LEVEL
41.63,102,Bronx,CBE W MORRIS AVE - GWB W AMSTERDAM AVE (U/LVL)
42.25,228,Queens,LIE WB LITTLE NECK PKWY - NB CVE
22.36,136,Queens,BE S TBB EXIT RAMP - MANHATTAN LIFT SPAN
2.48,3349,Bronx,CBE W L/LE V AMSTERDAM AVE - I 95 S LOC LNS
42.25,131,Queens,Whitestone Expwy S Exit 14 (Linden Pl) - VWE S MP8.65 (Exit 13 Northern Blvd)
0.0,0,Manhattan,BQE N Atlantic Ave - MAN Bridge Manhattan Side
17.39,308,Queens,QMT W Toll Plaza - Manhattan Side
14.91,420,Manhattan,BBT W Toll Plaza - Manhattan Portal
0.0,0,Staten Island,ROUTE 169 S - MLK WALKER STREET
46.6,114,Queens,VWE N MP6.39 (Exit 11 Jewel Ave) - MP8.65 (Exit 13 Northern Blvd)
52.19,223,Queens,CIP N TNB - Whitestone Expwy S Exit 14 (Linden Pl)
54.05,99,Queens,VWE N MP8.64 (Exit 13 Northern Blvd) - Whitestone Expwy Exit 14 (Linden Pl)
42.87,56,Manhattan,TBB W - FDR S MANHATTAN TRUSS - E116TH STREET
2.48,2160,Manhattan,BBT W Toll Plaza - Manhattan Portal
13.04,316,Bronx,CBE W MORRIS AVE - GWB W AMSTERDAM AVE (U/LVL)
18.64,342,Manhattan,BBT E Manhattan Portal - Toll Plaza
0.0,0,Staten Island,MLK S - SIE W WALKER STREET - RICHMOND AVENUE
50.33,84,Bronx,CBE E AMSTERDAM AVE(U/LVL) - MORRIS AVE
49.7,28,Staten Island,SIE W BRADLEY AVENUE - WOOLEY AVENUE
49.08,87,Brooklyn,GOW S 7TH AVENUE - 92ND STREET
22.99,242,Manhattan,LINCOLN TUNNEL E SOUTH TUBE - NJ - NY
6.21,346,Manhattan,12th Ave S 57th St - 45th St
0.0,0,Staten Island,ROUTE 169 S - MLK WALKER STREET
31.06,170,Queens,QMT W Toll Plaza - Manhattan Side
53.43,73,Staten Island,SIE W WOOLEY AVENUE - RICHMOND AVENUE
50.95,104,Queens,VWE N MP8.64 (Exit 13 Northern Blvd) - Whitestone Expwy Exit 14 (Linden Pl)
36.66,103,Queens,Belt Pkwy W 182nd St - JFK Expressway
24.23,420,Manhattan,FDR N Catherine Slip - 25th St
57.78,43,Bronx,CBE E TAYLOR AVENUE - CASTLE HILL AVENUE
18.01,232,Bronx,CBE AMSTERDAM AVE (L/LVL) - MORRIS AVE
56.54,350,Manhattan,Westside Hwy S GWB - 57th St
25.47,92,Manhattan,FDR N - TBB E 116TH STREET - MANHATTAN TRUSS
52.19,234,Queens,Belt Pkwy W JFK Expressway - VWE N Jamaica Ave
26.71,312,Bronx,CBE W U/LEV AMSTERDAM AVE - I95 S EXP LNS
49.08,152,Bronx,BE S Griswold - Castle Hill Avenue
39.14,234,Queens,Belt Pkwy E 182nd St - Laurelton Pkwy N @ SSP
45.98,181,Bronx,CBE W U/LEV AMSTERDAM AVE - I95 S EXP LNS
48.46,44,Brooklyn,GOW S VNB W 92ND STREET - BKLYN GANTRY LOWER LEVEL
54.68,140,Staten Island,WSE S TYRELLAN AVENUE - 440 S FRANCIS STREET
0.0,0,Bronx,BRP S FORDHAM ROAD - WATSON AVENUE
50.95,140,Brooklyn,BQE N LEONARD STREET - 46TH STREET
0.0,0,Brooklyn,GOW N 7TH AVENUE - 9TH STREET
0.0,0,Staten Island,SIE W - MLK N WOOLEY AVENUE - WLAKER STREET
59.65,65,Staten Island,SIE W WOOLEY AVENUE - RICHMOND AVENUE
50.95,91,Brooklyn,VNB E SI GANTRY LOWER LEVEL - BROOLKYN GANTRY LOWER LEVEL
0.0,0,Manhattan,BQE N Atlantic Ave - MAN Bridge Manhattan Side
49.7,79,Staten Island,SIE E RICHMOND AVENUE - WOOLEY AVENUE
0.0,0,Manhattan,Westside Hwy N 57th St - GWB
49.7,157,Staten Island,WSE S VICTORY BOULEVARD - ARDEN AVENUE
39.14,100,Queens,LIE WB LITTLE NECK PKWY - NB CIP
46.6,100,Queens,BWB N Queens Anchorage - Toll Plaza
60.27,274,Queens,CVE NB GCP - WILLETS PT BLVD
47.22,82,Queens,LIE WB LITTLE NECK PKWY - NB CIP
50.95,108,Queens,Whitestone Expwy S Exit 14 (Linden Pl) - VWE S MP8.65 (Exit 13 Northern Blvd)
15.53,775,Queens,Belt Pkwy W JFK Expressway - VWE N Jamaica Ave
21.74,179,Staten Island,SIE E RICHMOND AVENUE - WOOLEY AVENUE
57.16,122,Staten Island,SIE W - WSE S SOUTH AVENUE - SOUTH AVENUE
39.14,118,Bronx,BWB S Toll Plaza - Queens Anchorage
39.76,188,Queens,TBB S MANHATTAN LIFT SPAN - QUEENS ANCHORAGE
21.12,251,Manhattan,11th ave n ganservoort - 12th ave @ 40th st
60.27,53,Staten Island,WSE N VICTORY BLVD - SOUTH AVENUE
30.44,258,Queens,Laurelton Pkwy N @ SSP - CIP N Hempstead Tpk
22.99,171,Queens,LIE WB LITTLE NECK PKWY - NB CIP
29.82,383,Queens,CIP N TNB - Whitestone Expwy S Exit 14 (Linden Pl)
35.41,324,Queens,CIP N TNB - Whitestone Expwy S Exit 14 (Linden Pl)
49.7,167,Bronx,CBE E CASTLE HILL AVE - BE N WATERBURY AVE
50.33,43,Queens,CIP N ramp to TNB - TNB Queens Anchorage
0.0,0,Queens,TNB S Toll Plaza - Queens Anchorage
5.59,1038,Manhattan,12th ave @ 45th - 11 ave ganservoort st
8.69,556,Queens,LIE W 108TH ST - 84TH ST
8.69,731,Manhattan,BBT E Manhattan Portal - Toll Plaza
49.7,43,Staten Island,VNB W-SIE W SI GANTRY LOWER LEVEL - FINGERBOARD ROAD
22.36,117,Manhattan,BKN Bridge Manhattan Side - FDR N Catherine Slip
21.12,256,Manhattan,11th ave n ganservoort - 12th ave @ 40th st
21.12,248,Manhattan,QMT E Manhattan Side - Toll Plaza
41.63,128,Queens,VWE N MP6.39 (Exit 11 Jewel Ave) - MP8.65 (Exit 13 Northern Blvd)
48.46,88,Brooklyn,GOW N 92ND STREET - 7TH AVENUE
39.14,119,Bronx,BE N STRATFORD AVENUE - CASTLE HILL AVE
27.96,242,Manhattan,FDR S 63rd - 25th St
49.08,130,Queens,Whitestone Expwy N Exit 14 (Linden Pl) - BWB N Queens Anchorage
50.33,153,Staten Island,WSE S TYRELLAN AVENUE - 440 S FRANCIS STREET
63.37,253,Queens,CIP NB GCP - TNB
36.66,187,Manhattan,FDR S 63rd - 25th St
65.24,60,Staten Island,SIE W WOOLEY AVENUE - RICHMOND AVENUE
0.0,0,Brooklyn,GOW N 92ND STREET - 7TH AVENUE
17.39,704,Queens,Belt Pkwy W JFK Expressway - VWE N Jamaica Ave
29.2,307,Queens,VWE N MP4.63 (Exit 6 - Jamaica Ave) - MP6.39 (Exit 11 Jewel Ave)
27.96,228,Manhattan,BBT W Toll Plaza - Manhattan Portal
28.58,358,Manhattan,FDR S 25th St - Catherine Slip
44.11,48,Brooklyn,VNB E-GOWANUS N BROOKLYN GANTRY UPPER LEVEL - 92ND STREET
50.95,91,Bronx,BWB S Toll Plaza - Queens Anchorage
50.95,232,Queens,CIP N LIE ramp - TNB
35.41,111,Queens,LIE WB LITTLE NECK PKWY - NB CIP
26.71,280,Queens,TBB S MANHATTAN LIFT SPAN - QUEENS ANCHORAGE
49.7,154,Staten Island,440 N FRANCIS STREET - WSE N TYRELLAN AVE
34.17,211,Queens,TBB N QUEENS ANCHORAGE - BE N
0.0,0,Staten Island,MLK S - SIE E WALKER STREET - WOOLEY AVENUE
0.0,0,Brooklyn,GOW N 9TH STREET - ATLANTIC AVENUE
40.38,53,Staten island,VNB W-SIE W SI GANTRY UPPER LEVEL - FINGERBOARD ROAD
47.22,55,Manhattan,FDR S Catherine Slip - BKN Bridge Manhattan Side
63.37,110,Staten Island,SIE W - WSE S SOUTH AVENUE - SOUTH AVENUE
0.0,0,Brooklyn,GOW S 9TH STREET - 7TH AVENUE
60.27,83,Staten Island,WSE N BLOOMUINGDALE ROAD - ARDEN AVENUE
0.0,0,Queens,BE S TBB EXIT RAMP - QUEENS ANCHORAGE
0.0,0,Queens,TNB S Toll Plaza - Queens Anchorage
48.46,51,Bronx,BWB N Toll Plaza - HRP N Lafayatte Ave
30.44,76,Staten Island,SIE E VNB E FINGERBOARD ROAD - SI GANTRY UPPER LEVEL
0.0,0,Staten Island,SIE E-MLK N RICHMOND AVENUE - WALKER STREET
13.04,683,Queens,VWE S MP6.39 (Exit 11 Jewel Ave) - MP4.63 (Exit 6 Jamaica Ave)
0.0,0,Queens,BE S TBB EXIT RAMP - QUEENS ANCHORAGE
15.53,91,Staten Island,SIE W BRADLEY AVENUE - WOOLEY AVENUE
24.85,276,Queens,VWE S MP4.63 (Exit 6 Jamaica Ave) - MP2.66 (Exit 2 Roackaway Blvd)
16.15,265,Bronx,CBE AMSTERDAM AVE (L/LVL) - MORRIS AVE
45.98,155,Brooklyn,BQE S 46TH STREET - LEONARD STREET
51.57,160,Bronx,CBE E CASTLE HILL AVE - BE N WATERBURY AVE
59.03,85,Staten Island,WSE N BLOOMUINGDALE ROAD - ARDEN AVENUE
0.0,0,Staten Island,ROUTE 169 S - MLK WALKER STREET
0.0,0,Manhattan,BQE N Atlantic Ave - MAN Bridge Manhattan Side
42.25,259,Queens,CVE NB LIE - WILLETS PT BLVD
52.19,106,Queens,Whitestone Expwy S Exit 14 (Linden Pl) - VWE S MP8.65 (Exit 13 Northern Blvd)
0.0,0,Staten Island,SIE W - MLK N WOOLEY AVENUE - WLAKER STREET
20.5,127,Manhattan,FDR S Catherine Slip - BKN Bridge Manhattan Side
26.71,199,Queens,VWE N MP6.39 (Exit 11 Jewel Ave) - MP8.65 (Exit 13 Northern Blvd)
42.25,50,Staten Island,VNB W-SIE W SI GANTRY LOWER LEVEL - FINGERBOARD ROAD
49.08,182,Queens,VWE N MP4.63 (Exit 6 - Jamaica Ave) - MP6.39 (Exit 11 Jewel Ave)
55.3,166,Queens,Belt Pkwy E 182nd St - Laurelton Pkwy N @ SSP
55.92,136,Queens,CIP S Hempstead Tpk - Laurelton Pkwy @ SSP
0.0,0,Brooklyn,GOW N 7TH AVENUE - 9TH STREET
45.98,30,Staten Island,SIE W BRADLEY AVENUE - WOOLEY AVENUE
44.73,244,Queens,CVE NB LIE - WILLETS PT BLVD
53.43,104,Queens,Whitestone Expwy S Exit 14 (Linden Pl) - VWE S MP8.65 (Exit 13 Northern Blvd)
0.0,0,Staten Island,MLK S - SIE E WALKER STREET - WOOLEY AVENUE
43.49,114,Queens,LIE W 108TH ST - 84TH ST
41.63,51,Brooklyn,VNB E-GOWANUS N BROOKLYN GANTRY LOWER LEVEL - 92ND STREET
38.52,176,Manhattan,FDR N 25th - 63rd St
39.14,40,Staten Island,SIE E WOOLEY AVENUE - BRADLEY AVENUE
47.22,45,Brooklyn,VNB E-GOWANUS N BROOKLYN GANTRY LOWER LEVEL - 92ND STREET
18.64,289,Queens,QMT W Toll Plaza - Manhattan Side
4.97,512,Bronx,CBE W CASTLE HILL AVENUE - TAYLOR AVENUE
49.08,112,Bronx,BRP N WATSON AVENUE - FORDHAM ROAD
14.91,285,Brooklyn,GOW N 92ND STREET - 7TH AVENUE
48.46,96,Brooklyn,VNB E SI GANTRY UPPER LEVEL - BROOKLYN GANTRY UPPER LEVEL
37.9,145,Manhattan,LINCOLN TUNNEL E SOUTH TUBE - NJ - NY
25.47,118,Queens,BE S TBB EXIT RAMP - MANHATTAN LIFT SPAN
17.39,500,Queens,VWE S MP6.39 (Exit 11 Jewel Ave) - MP4.63 (Exit 6 Jamaica Ave)
0.0,0,Staten Island,MLK S - SIE W WALKER STREET - RICHMOND AVENUE
16.77,330,Manhattan,LINCOLN TUNNEL E SOUTH TUBE - NJ - NY
56.54,97,Staten Island,SIE E CLOVE ROAD - FINGERBOARD ROAD
41.01,184,Queens,TBB S MANHATTAN LIFT SPAN - QUEENS ANCHORAGE
50.33,230,Queens,CIP N TNB - Whitestone Expwy S Exit 14 (Linden Pl)
13.67,880,Queens,Belt Pkwy W JFK Expressway - VWE N Jamaica Ave
0.0,0,Staten Island,MLK S - SIE W WALKER STREET - RICHMOND AVENUE
31.06,380,Queens,CIP N LIE ramp - TNB
50.95,125,Queens,Whitestone Expwy N Exit 14 (Linden Pl) - BWB N Queens Anchorage
39.14,95,Queens,Belt Pkwy W 182nd St - JFK Expressway
29.82,165,Queens,LIE E 84TH ST - 108TH ST
21.74,292,Manhattan,BBT E Manhattan Portal - Toll Plaza
56.54,122,Queens,VWE S MP4.63 (Exit 6 Jamaica Ave) - MP2.66 (Exit 2 Roackaway Blvd)
0.0,0,Queens,TNB N Queens Anchorage - Toll Plaza
52.19,142,Bronx,BE S Griswold - Castle Hill Avenue
51.57,382,Manhattan,Westside Hwy N 57th St - GWB
18.01,324,Staten Island,SIE W FINGERBOARD ROAD - CLOVE ROAD
16.77,728,Queens,Belt Pkwy W JFK Expressway - VWE N Jamaica Ave
11.8,603,Queens,TBB N QUEENS ANCHORAGE - BE N
46.6,147,Queens,VWE S MP4.63 (Exit 6 Jamaica Ave) - MP2.66 (Exit 2 Roackaway Blvd)
13.67,641,Queens,VWE S MP6.39 (Exit 11 Jewel Ave) - MP4.63 (Exit 6 Jamaica Ave)
11.8,663,Queens,Laurelton Pkwy N @ SSP - CIP N Hempstead Tpk
47.22,216,Manhattan,FDR N Catherine Slip - 25th St
42.87,56,Manhattan,TBB W - FDR S MANHATTAN TRUSS - E116TH STREET
44.73,132,Staten Island,SIE W FINGERBOARD ROAD - CLOVE ROAD
0.0,0,Brooklyn,GOW N 7TH AVENUE - 9TH STREET
47.22,175,Bronx,CBE E CASTLE HILL AVE - BE N WATERBURY AVE
10.56,666,Queens,TBB N QUEENS ANCHORAGE - BE N
54.68,128,Staten Island,SIE W - WSE S SOUTH AVENUE - SOUTH AVENUE
48.46,55,Queens,TNB S Qns Anchorage - CIP S @ TNB
58.4,139,Bronx,I-87 NYST S Exit 1 - MDE S Van Cortlandt Park
50.33,121,Staten Island,WSE N-SIE E SOUTH AVENUE - SOUTH AVENUE
50.33,75,Queens,Belt Pkwy W 182nd St - JFK Expressway
26.09,275,Brooklyn,BQE N LEONARD STREET - 46TH STREET
23.61,110,Manhattan,BKN Bridge Manhattan Side - FDR N Catherine Slip
42.25,50,Brooklyn,VNB E-GOWANUS N BROOKLYN GANTRY UPPER LEVEL - 92ND STREET
12.42,214,Manhattan,FDR S Catherine Slip - BKN Bridge Manhattan Side
17.39,284,Queens,LIE E 84TH ST - 108TH ST
41.01,52,Staten island,VNB W-SIE W SI GANTRY UPPER LEVEL - FINGERBOARD ROAD
45.36,118,Queens,VWE N MP6.39 (Exit 11 Jewel Ave) - MP8.65 (Exit 13 Northern Blvd)
27.34,195,Queens,VWE S MP8.65 (Exit 13 Northern Blvd) - MP6.39 (Exit 11 Jewel Ave)
0.0,0,Queens,CIP N TNB - Whitestone Expwy S Exit 14 (Linden Pl)
11.8,532,Manhattan,12th ave @ 45th - 11 ave ganservoort st
56.54,44,Bronx,CBE E TAYLOR AVENUE - CASTLE HILL AVENUE
8.69,246,Manhattan,12th Ave S 57th St - 45th St
54.68,175,Queens,LIE WB LITTLE NECK PKWY - NB CVE
39.76,58,Staten Island,SIE E VNB E FINGERBOARD ROAD - SI GANTRY LOWER LEVEL
44.11,48,Brooklyn,VNB E-GOWANUS N BROOKLYN GANTRY LOWER LEVEL - 92ND STREET
42.87,50,Brooklyn,VNB E-GOWANUS N BROOKLYN GANTRY UPPER LEVEL - 92ND STREET
37.9,218,Bronx,CBE W U/LEV AMSTERDAM AVE - I95 S EXP LNS
53.43,138,Manhattan,GWB E LOWER LEVEL PLAZA - CBE E LOWER LEVEL AMSTERDAM AVE
12.42,431,Manhattan,LINCOLN TUNNEL E SOUTH TUBE - NJ - NY
43.49,49,Brooklyn,VNB E-GOWANUS N BROOKLYN GANTRY UPPER LEVEL - 92ND STREET
42.87,55,Manhattan,FDR N - TBB E 116TH STREET - MANHATTAN TRUSS
50.33,85,Brooklyn,GOW S 7TH AVENUE - 92ND STREET
14.29,855,Queens,Belt Pkwy W JFK Expressway - VWE N Jamaica Ave
0.0,0,Manhattan,LINCOLN TUNNEL W CENTER TUBE NY - NJ
51.57,83,Bronx,CBE AMSTERDAM AVE (L/LVL) - MORRIS AVE
26.09,260,Queens,VWE S MP4.63 (Exit 6 Jamaica Ave) - MP2.66 (Exit 2 Roackaway Blvd)
11.18,734,Bronx,CBE W L/LE V AMSTERDAM AVE - I 95 S LOC LNS
59.65,66,Staten Island,SIE W WOOLEY AVENUE - RICHMOND AVENUE
0.0,0,Staten Island,MLK N WALKER STREET - NJ ROUTE 169
8.69,1403,Queens,Belt Pkwy W JFK Expressway - VWE N Jamaica Ave
54.68,176,Queens,LIE WB LITTLE NECK PKWY - NB CVE
45.98,180,Bronx,CBE E CASTLE HILL AVE - BE N WATERBURY AVE
12.42,444,Manhattan,LINCOLN TUNNEL E SOUTH TUBE - NJ - NY
27.34,183,Queens,LIE E 84TH ST - 108TH ST
55.3,124,Queens,TNB N Queens Anchorage - Toll Plaza
0.0,0,Staten Island,ROUTE 169 S - MLK WALKER STREET
25.47,287,Manhattan,GWB E LOWER LEVEL PLAZA - CBE E LOWER LEVEL AMSTERDAM AVE
33.55,78,Manhattan,BKN Bridge Manhattan Side - FDR N Catherine Slip
1.24,1800,Manhattan,11th ave s ganservoort - west st @ spring st
50.33,28,Staten Island,SIE W BRADLEY AVENUE - WOOLEY AVENUE
47.22,175,Bronx,CBE E CASTLE HILL AVE - BE N WATERBURY AVE
7.45,1149,Queens,VWE S MP6.39 (Exit 11 Jewel Ave) - MP4.63 (Exit 6 Jamaica Ave)
45.36,163,Bronx,BE S Griswold - Castle Hill Avenue
43.49,57,Bronx,HRP S Lafayette Ave - BWB S Toll Plaza
17.39,243,Brooklyn,GOW N 92ND STREET - 7TH AVENUE
0.0,0,Queens,TNB N Queens Anchorage - Toll Plaza
10.56,765,Queens,TBB N QUEENS ANCHORAGE - MANHATTAN LIFT SPAN
55.3,29,Staten Island,SIE E WOOLEY AVENUE - BRADLEY AVENUE
41.63,164,Queens,VWE S MP4.63 (Exit 6 Jamaica Ave) - MP2.66 (Exit 2 Roackaway Blvd)
49.7,103,Bronx,MDE N RFK Bridge - 142nd St
23.61,290,Manhattan,FDR N 25th - 63rd St
29.82,229,Manhattan,FDR S 63rd - 25th St
0.0,0,Brooklyn,GOW S 9TH STREET - 7TH AVENUE
